user,movie,rating
4958,1924,4
4958,3264,4
4958,2634,2
4958,1407,4
4958,2399,2
4958,3489,1
4958,2043,1
4958,2453,1
5312,3267,1
5948,3098,3
5948,1180,2
3158,2648,1
403,1036,2
3693,468,3
5950,1262,4
5950,3555,2
5950,3793,2
5950,3578,3
5950,3948,3
5950,3893,2
5950,3896,4
5950,3535,2
5950,3317,4
5950,3481,1
5950,3328,1
5950,3911,1
5950,3152,1
5950,1261,1
5950,1997,3
5950,1639,2
5950,1089,1
5950,3683,1
5950,3654,1
5950,3196,1
5950,924,3
5950,1358,4
5950,1196,2
5950,1300,2
5950,2664,1
5950,2858,3
5950,2859,4
5950,2804,2
5950,111,4
5950,2329,2
5950,3363,3
5950,3070,1
5950,2439,1
5950,413,2
5950,1127,3
4607,203,1
4607,1884,4
4607,2739,4
4607,1962,2
3462,1078,3
3462,3893,1
424,2581,3
229,2839,1
229,3089,3
1647,1646,3
5312,1261,2
5312,1255,3
1597,627,4
1597,3418,2
1597,1660,1
1597,203,2
1597,2010,1
1597,176,1
1597,1278,4
5654,180,4
5654,2155,3
424,2324,1
5100,3188,3
5100,2624,4
496,2208,3
496,928,1
3391,3301,4
3391,2600,4
3391,2165,1
3391,1674,2
3391,2424,4
3391,450,3
3391,3254,2
3391,3387,1
3391,3253,1
3391,337,3
3391,338,1
3391,2335,1
3391,2297,4
3391,1461,3
3391,2105,3
3391,1194,1
3391,818,3
3391,2472,4
3391,552,4
3391,2253,4
3391,550,2
3391,1458,2
3391,1101,4
3391,2907,2
3391,2643,2
3391,3669,2
3391,1017,4
3391,1374,3
3391,3071,1
3391,1371,1
3391,1372,2
3391,848,4
3391,315,1
3391,329,4
3391,196,1
5654,231,2
4277,2675,2
4277,2307,2
3391,536,3
3391,2096,3
3391,2144,2
3391,1357,3
3391,528,3
3391,7,2
3391,2093,2
3391,2411,1
3391,1513,2
3391,1476,2
3391,3697,2
3391,1996,3
3391,2013,2
3391,1924,2
3391,1647,4
3391,1810,4
3391,2513,1
3391,1921,3
3391,1892,3
3391,1783,1
3391,26,1
3391,802,4
3391,2418,1
3391,3893,2
3391,2518,1
3391,3728,4
3391,1347,4
3391,2265,1
3391,605,2
3391,2615,2
3391,3502,4
3391,2723,4
3391,62,3
3391,2058,1
3391,499,3
3391,500,2
3391,1409,4
3391,52,2
3391,1432,2
3391,275,3
3391,3040,3
3391,1535,4
3391,2324,3
3391,2001,3
3391,2081,4
3391,1658,4
3391,25,3
3391,1238,4
3391,2421,3
3391,1856,3
3391,259,2
3391,482,2
3391,1855,2
3391,132,3
3391,361,1
3391,60,3
3391,3614,1
3391,3489,4
3391,2450,4
3391,2148,1
3391,2295,2
3391,1614,2
3391,246,2
3391,3,1
3391,1380,2
3391,1447,1
3391,639,3
3391,1034,2
3391,357,4
3391,2867,2
3391,459,4
3391,3210,2
3391,3564,3
3391,2046,1
3391,2371,3
3391,2372,4
3391,1425,1
3391,5,4
3391,453,4
3391,1573,3
3391,2567,4
3391,1261,2
3391,3243,1
3391,71,2
3391,1029,1
3391,3052,2
3391,3424,3
3391,442,2
3391,1126,3
3391,2195,4
3391,2026,2
3391,2044,1
3391,166,4
3391,224,3
3391,3203,2
3391,2471,4
3391,3044,2
3391,3060,1
3391,647,2
3391,1597,1
3391,3016,3
3391,223,4
3391,39,1
3391,1344,4
3391,710,1
3391,432,1
3391,3863,3
3391,35,4
3391,157,2
3391,3014,4
3391,1883,1
3391,3715,2
3391,2770,4
3391,122,4
3391,144,4
3391,95,1
3391,3566,1
3391,3683,1
3391,3394,3
3391,1351,4
3391,141,4
3391,2710,4
3391,420,1
3391,1171,4
3391,3525,1
3391,3272,1
3391,2683,3
3391,1517,1
3391,145,2
3391,2458,3
3391,2141,3
3391,2539,4
3391,1917,4
3391,1887,2
3391,2072,1
3391,1608,4
3391,999,4
3391,1352,1
3391,410,1
3391,413,3
4418,2883,4
3391,1022,4
3391,2863,2
3391,2579,3
3391,1104,4
3391,483,3
3391,1186,1
3391,1546,4
3391,551,2
3391,3182,4
3391,3189,2
3391,1635,3
3391,2323,4
3391,2583,1
3391,29,2
3391,2677,4
3391,3363,4
3840,2424,3
3840,141,3
424,1186,4
424,3535,4
424,3194,2
3840,1641,1
3840,2791,3
3840,2248,2
3840,1234,2
3840,736,1
3840,733,3
3840,1197,3
3840,2005,4
3840,1073,1
3840,2640,2
3840,2628,4
3840,1441,1
3840,2502,2
3840,1225,3
3840,1196,1
911,2409,1
4126,1378,1
4126,1379,3
4126,1278,4
1733,3735,4
349,553,4
2047,1449,3
4418,497,4
4418,1095,4
4418,1270,1
4418,1962,2
4418,916,2
4418,1172,4
4418,2010,2
4418,926,2
4418,2890,2
4418,3948,4
4418,3554,4
5948,2797,1
1088,1186,1
1088,2314,3
349,3693,4
349,587,4
911,2683,2
3471,3275,3
1605,443,3
1605,3330,2
1605,2594,3
349,548,3
349,1228,1
349,163,1
5484,3895,1
343,1817,1
4058,2539,2
5329,3035,4
5329,942,4
5329,2019,2
5329,2692,1
5329,1265,1
5329,1212,3
5329,1148,3
5329,1537,2
5329,260,1
5329,910,1
5329,1207,3
5329,3435,1
5329,912,1
5329,2940,1
5329,3115,2
5329,2759,4
5329,222,1
5329,3204,2
5329,2130,2
5329,1327,4
5329,3363,2
5329,1767,2
5329,187,1
5329,1962,2
5329,2300,4
5329,3735,1
5329,916,2
5329,922,2
1063,908,1
1165,2532,3
1165,2531,4
1165,2529,2
1165,2530,4
1165,2533,3
1243,2011,2
1243,455,3
1243,2739,1
1243,1962,1
1243,3099,4
1243,1095,1
1243,3735,1
1243,2010,2
1243,3418,4
5484,593,3
5484,1036,4
5484,2762,4
839,2873,1
839,954,3
839,2280,3
839,750,4
839,909,3
839,3556,3
839,69,1
839,1472,3
839,2357,4
839,3718,1
839,3535,4
5654,62,1
4312,1267,4
4312,750,4
5654,3252,4
5654,2302,1
5654,3101,4
5654,2427,1
424,3790,3
424,2494,2
424,184,4
5948,3481,3
1980,2579,4
4697,3176,4
4697,2907,2
4697,3081,2
4697,2485,4
4697,3325,2
4697,2581,4
4697,3717,2
4697,2888,2
4697,2718,2
4697,2541,3
4697,3516,4
4697,3285,1
4697,3005,2
4697,2188,1
4697,3534,1
4697,3248,1
4697,2012,2
4697,2011,1
4697,3247,2
2176,3362,4
4277,2544,4
5484,2502,2
5484,2268,1
5484,50,4
5484,1221,1
5484,858,4
5484,1945,4
3562,838,1
1015,2070,3
1015,3157,3
1015,2840,1
1015,2485,4
1015,1959,4
1015,3752,4
1015,3298,3
736,2791,2
736,2683,3
736,457,1
736,1732,2
736,1092,2
736,3053,1
736,1735,4
736,2692,2
736,1923,4
736,3617,2
736,6,1
736,1639,1
736,180,2
736,1216,2
736,356,3
736,1089,3
736,2028,3
736,296,3
736,2542,1
736,1784,4
736,1680,2
736,3527,3
736,3697,4
736,3671,4
736,1278,3
736,380,1
736,1894,4
736,47,1
736,1199,1
736,32,3
736,2890,2
736,3911,4
736,3114,2
736,1,2
736,1270,4
736,2012,3
736,2011,4
736,2502,3
736,2628,3
736,1196,1
736,1210,2
736,1704,1
736,2762,1
736,1884,1
4042,3911,3
3013,2017,3
3013,1381,4
3013,2135,3
3013,3600,2
3013,2099,1
3013,2877,4
3013,918,4
3013,1031,2
3013,2102,2
3013,3675,1
3013,1029,1
3013,1032,1
5654,3100,3
5654,3916,4
5654,1704,4
5654,2725,3
5654,2022,4
5654,1084,3
5654,1673,2
5654,2391,4
1958,1095,1
5312,1953,2
1579,3707,3
2860,2764,3
1113,2551,1
1246,2664,4
1246,3798,2
1246,1483,2
937,750,3
5636,2579,4
5654,529,4
5654,1041,2
1447,1615,4
840,2070,4
1425,1984,3
1425,1983,4
1425,3671,3
1101,1884,1
1101,203,1
1101,3247,3
5654,2107,4
424,2770,4
424,1507,4
424,2128,4
424,3739,1
424,3616,2
424,3275,1
424,1226,3
2105,2706,3
5682,2128,1
5312,1304,4
1088,3543,1
1088,2728,1
1088,2844,4
1088,170,2
1088,1951,1
1088,1660,2
518,1417,1
2860,3006,2
4277,3581,2
1647,2340,2
1306,2952,3
4600,716,3
4600,2580,1
5448,1207,2
5448,978,4
5448,3739,1
4748,3831,3
4748,3911,3
4748,3948,4
5484,3717,3
5484,3578,4
5484,1580,1
5484,2985,3
5484,3793,2
5484,2968,4
5484,2916,3
5484,2288,1
5484,2529,4
5484,924,1
5484,1206,1
5484,1214,2
5484,1090,4
5484,1263,4
5484,1927,1
5484,3366,2
5484,1208,1
5484,110,3
5484,1233,1
5484,750,2
5484,2028,2
5484,1204,4
5484,1262,4
5484,527,3
5484,912,2
5484,590,1
5484,3871,2
5484,2922,1
5484,2951,4
5484,1266,1
5484,2921,2
5484,3681,4
5484,1209,4
5484,1201,4
5484,1370,3
5484,3697,1
5484,2707,2
5484,2826,1
1113,247,1
1113,2348,1
1733,3518,3
3462,1080,1
5948,2248,4
195,1375,3
195,1356,4
195,329,1
195,1374,4
195,2247,2
624,3844,4
3519,2436,4
1579,922,4
2176,671,2
2176,541,3
2176,680,2
1524,2640,3
1348,3147,2
1348,551,3
1348,938,1
1348,2300,2
5654,3617,4
5654,2539,2
5654,3179,4
5654,2496,1
5654,3174,1
5654,1883,4
5654,3263,1
5654,1904,4
5654,1777,4
5654,2150,3
5654,3129,2
5654,3527,2
5654,1747,3
5654,1101,2
5654,141,3
5654,3526,4
5654,3536,4
5654,52,1
5654,322,1
5654,151,3
5654,2671,3
5654,3408,2
5654,3039,4
5654,1120,3
5654,1633,4
5654,2329,3
5654,3148,2
5654,3510,1
5654,2693,1
5654,357,1
5654,562,4
5654,1285,1
5654,3551,3
5654,1639,1
5654,1517,1
5654,2683,1
5654,1449,4
5654,3347,1
5654,1393,2
5654,3358,4
5654,1719,3
5654,337,4
5654,39,4
5654,2611,3
5654,1500,3
5654,954,2
5654,2439,3
5654,1699,4
5654,1034,3
5654,3421,3
5654,1243,4
5654,2580,3
5654,25,2
5654,1259,2
5654,778,1
5387,1916,2
4277,2881,2
4277,2179,3
4277,836,1
4277,1744,4
3106,2165,3
1352,2131,4
624,2427,1
4277,1770,4
1579,101,1
5630,3593,1
5630,3247,2
5630,2300,2
496,2212,3
496,965,3
4958,1030,1
4958,2033,1
4958,2048,2
4958,661,4
4958,2096,4
4958,2099,3
4958,1022,1
4958,2087,2
4958,1387,4
424,3477,4
4958,3391,4
4958,1760,3
424,3721,3
4958,203,3
4958,1588,2
4958,2253,1
4958,3688,1
4958,2431,2
4958,2478,3
4958,2088,4
4958,1888,3
1113,1914,1
195,1301,4
195,3764,1
195,1702,2
195,1183,4
195,3007,1
195,2791,2
195,410,2
195,2748,4
195,2792,4
4958,2717,2
4958,2413,3
4958,2082,2
4958,157,3
4958,1911,3
4958,586,3
4958,3786,4
4958,2581,1
4958,2424,2
1425,2221,3
4958,539,1
4958,2539,3
4958,1485,2
4958,1064,3
4958,708,4
4958,141,4
1425,1464,1
1425,3480,2
4958,1777,3
1425,3186,4
4958,562,3
1425,3089,2
4958,2003,1
195,468,2
4958,471,4
4958,3052,3
4958,2526,1
4958,3354,3
4958,1037,3
4958,3704,4
4958,185,2
4958,1375,4
4958,2530,2
4958,3745,2
4958,780,4
4958,2015,3
4958,2021,4
4958,2,1
4958,2161,3
4958,1009,1
4958,1967,3
3520,1461,4
3520,627,2
3520,1281,1
3520,1939,1
3520,1945,1
3520,2132,3
5394,251,3
1912,2488,2
1019,12,1
1019,1263,4
419,3793,4
419,3114,1
419,2762,2
419,2724,1
419,2396,4
419,2394,2
419,2959,4
419,3510,3
419,2605,3
419,2881,3
419,1911,3
419,2355,3
419,1127,4
419,1411,3
419,1136,1
419,903,4
419,1207,4
419,1203,2
419,3196,4
419,1198,2
419,1196,4
419,50,1
419,905,1
419,928,1
419,912,4
419,2858,3
419,527,4
419,1219,4
419,919,1
419,318,1
419,3871,2
419,899,1
419,2028,4
419,1927,1
419,266,1
419,1408,2
419,2707,3
419,457,2
419,1262,3
419,3654,3
419,2424,3
419,1721,1
419,934,4
419,489,2
419,377,3
419,3408,2
419,260,4
419,333,2
419,886,2
419,1374,3
419,1726,4
419,1954,4
419,1234,3
419,3156,1
419,204,3
419,3836,1
419,1947,2
419,1303,1
419,1682,3
419,1686,2
419,1393,4
419,2683,4
419,2617,3
419,902,3
419,2324,1
419,2458,3
419,455,2
419,1461,3
419,2016,2
419,2012,3
419,3248,1
419,3247,3
419,2011,1
419,497,4
419,1962,2
419,932,3
419,933,1
419,1270,4
419,923,4
2395,2840,4
2395,555,1
1647,3328,2
1317,1962,4
3172,3764,3
3172,2355,3
3172,3751,4
937,2278,1
937,1479,4
343,2498,3
343,1569,3
343,2617,4
343,500,2
5046,2927,2
4277,3275,1
648,2612,1
648,2926,3
648,923,4
4312,2011,1
4312,2420,3
4312,3204,1
4312,1129,2
4312,3078,2
4312,835,4
4312,2355,2
4312,300,2
4312,2764,1
4312,3949,3
4312,3683,3
4312,1293,1
3693,911,3
1579,2953,1
195,1456,3
4958,1621,3
4958,1339,4
4958,543,1
4958,3869,4
4958,3571,2
4958,1059,2
4958,1441,4
4958,2301,4
4958,3033,1
4958,2116,1
4958,3159,3
4958,2139,2
4958,3591,2
4958,1641,2
4958,2115,1
4958,1409,2
4958,446,1
4958,3477,4
4958,2085,3
4958,3267,1
4958,2108,2
4958,2745,1
4958,3174,4
4958,3087,3
4958,587,4
4958,1754,3
4958,2117,1
4958,1535,2
4958,3251,2
4958,3675,2
4958,969,1
4958,610,3
4958,3448,1
4958,581,1
4958,1673,1
4958,1183,3
4958,2664,4
4958,2959,4
4958,3479,3
4958,2137,1
4958,1275,4
4958,508,4
4958,1961,3
4958,2872,4
4958,1693,1
4958,3703,4
424,3521,2
4958,62,1
4958,2240,1
4958,1682,1
4958,2844,4
4958,534,1
4958,2966,2
4958,769,4
5312,2501,1
1415,3241,4
4958,3071,1
4958,364,1
4958,1111,4
4958,3936,1
4958,1287,2
4958,3081,1
4958,594,3
4958,1678,2
4958,531,2
4958,457,3
4958,3105,4
4958,3751,1
4958,3160,1
4958,1246,3
4958,2181,1
4958,2396,2
4958,1734,3
4958,1289,1
4958,2725,4
4958,2648,1
4958,2946,3
4958,1929,3
4958,1208,2
4958,3905,2
4958,2582,3
4958,2006,4
398,225,3
398,1645,2
398,481,1
398,1648,2
398,1343,2
398,293,4
398,1610,2
398,1805,2
398,16,1
398,2391,1
398,3551,2
398,1748,1
398,47,4
398,373,2
398,1089,4
398,457,1
398,1249,3
398,3147,1
398,111,2
398,593,4
398,1267,4
398,608,1
398,50,2
398,185,2
398,2657,3
398,1921,3
398,24,3
398,1396,1
398,1584,1
398,1097,2
398,1240,3
398,32,3
398,541,3
398,1206,2
398,750,4
398,1196,1
398,1175,3
398,3262,2
398,1464,1
398,648,3
398,2844,3
398,1711,2
398,1589,3
398,2583,2
398,3386,1
398,3476,1
398,2076,2
398,1086,4
398,1625,4
398,924,3
398,3730,3
398,1617,2
398,904,3
398,1252,3
398,1171,4
398,1885,2
398,1732,1
398,45,1
398,1297,1
398,3556,2
398,2321,1
398,440,4
398,1923,3
398,562,3
398,3317,1
398,180,4
398,1078,1
398,1663,1
398,2918,3
398,2797,3
398,356,3
398,1449,3
398,39,1
398,2282,4
398,34,3
398,1845,1
398,3174,1
398,1234,1
398,1784,1
398,2109,3
398,1060,1
398,3108,2
398,2915,2
398,3361,2
398,2248,1
398,2791,1
398,1500,4
398,441,3
398,3253,2
398,3911,1
398,3037,2
398,3052,3
398,1079,4
398,1285,3
398,2174,1
398,2804,4
3158,2360,1
398,3481,3
398,2064,2
398,3396,1
398,1394,4
398,3421,3
398,1288,4
398,1276,4
398,1265,3
398,3362,4
398,2289,1
398,1230,3
398,2116,3
398,1073,3
398,480,2
398,3168,3
398,1259,4
398,2871,1
398,434,2
398,1917,4
398,1769,3
398,3697,2
398,2334,1
398,1479,1
398,3441,3
398,3452,1
398,3274,2
398,3698,1
398,3755,4
398,780,3
398,1627,1
398,736,2
398,1552,1
398,1876,2
398,1488,4
398,3020,3
398,353,4
398,2628,1
398,2613,3
398,112,4
398,1792,2
398,1047,3
398,2023,1
398,3256,1
398,1608,1
398,1215,2
398,21,3
398,2278,2
398,6,4
398,1127,3
398,2916,3
398,1916,2
398,3267,4
398,198,1
398,3527,1
398,377,1
398,3104,1
398,1220,2
398,733,1
398,1222,4
398,1527,3
398,876,1
398,2353,1
398,2912,2
398,1197,1
398,110,1
398,1036,3
398,1953,2
398,1200,1
398,2571,1
398,589,3
398,1214,2
398,3265,2
398,1304,3
398,1221,2
398,858,3
398,2715,4
398,3798,1
398,3176,2
398,2763,2
398,2396,1
398,3081,4
398,2762,1
398,2395,4
398,2692,4
398,2724,1
398,2598,1
398,2490,3
398,2502,3
398,3325,3
398,3623,3
398,2734,4
398,2805,1
398,3354,3
398,3752,4
398,3160,2
398,785,3
398,2318,2
398,3578,4
398,2580,2
398,2716,3
398,2959,2
398,2712,4
398,3115,1
398,3408,2
398,2599,1
398,1093,2
398,3543,2
398,223,4
398,3952,3
398,3863,2
398,3751,4
398,3794,2
398,2976,1
398,2710,2
398,3298,3
398,2997,2
398,2707,4
398,2706,2
398,2858,3
398,2572,3
398,2028,3
398,1580,3
398,1210,1
398,1503,1
5654,3489,4
5654,858,2
5654,1136,4
5654,1391,2
5654,3354,3
5654,2594,2
5654,3007,4
5654,549,3
5654,3859,2
5654,162,3
5654,1649,4
5654,910,3
5654,3882,4
5654,3948,4
5654,3328,2
5654,3949,2
5654,3784,1
195,1254,2
1113,1921,1
1088,2107,1
1088,999,2
1088,3426,4
1088,154,2
1088,3872,1
1088,1060,1
1088,446,4
1088,2712,3
1605,2348,1
1605,2583,2
2985,2012,2
2985,497,2
3106,926,4
1274,670,1
1274,3099,3
1274,3739,4
1912,680,2
424,177,2
1946,996,2
4829,309,1
4600,1799,4
1426,2502,4
3080,496,4
3080,3317,3
3080,3851,4
1912,3832,1
5948,304,2
424,1939,1
424,3005,1
424,3109,4
424,628,1
3693,1629,4
5841,278,1
1912,3075,3
4934,135,2
624,3341,3
3732,348,4
3732,2973,4
3732,953,2
3732,307,3
3732,906,4
3732,2014,4
3732,3681,1
3732,1262,4
3732,3469,2
3732,2248,1
3732,3836,3
343,2355,3
195,2808,3
4058,3733,1
4579,2542,2
343,3426,4
4579,2076,3
5156,2565,1
4126,3300,4
5948,261,1
1912,3794,2
2648,2763,1
2648,3483,1
2648,2013,4
2648,299,2
2648,3543,2
2648,150,1
2648,3524,1
2648,247,1
2648,3421,2
2648,1094,2
2648,1207,3
2648,2423,3
5172,2926,4
5172,916,2
5172,1080,1
5172,2015,2
5172,3710,4
5172,305,1
5172,2628,2
5172,1189,2
5172,2407,3
5172,3724,2
5172,3701,4
5172,1291,2
5172,3868,2
5172,410,1
5172,2105,3
5172,327,4
5172,344,2
5172,2701,2
5172,1172,2
5172,3500,2
5172,3272,4
5172,2640,3
5172,3176,3
5172,3714,4
5172,1385,3
5172,2732,2
5172,2424,3
5172,2763,3
5172,781,4
5172,2253,1
5172,2836,2
5172,1201,3
5172,509,4
5172,2007,2
5172,2971,4
5172,2378,3
5172,2468,1
5172,1207,3
5172,3831,2
5172,1378,4
5172,3063,1
5172,3079,2
5172,1513,2
5172,1542,3
5172,3524,4
5172,2144,3
5172,2247,4
5172,144,4
5172,3793,4
5172,231,1
5172,2011,3
5172,82,1
5172,3160,3
5172,3448,4
5172,1416,4
5172,552,4
5172,3052,2
5172,3638,2
5172,2431,3
5172,3247,4
5172,218,4
5557,3471,3
5557,3186,2
5557,3578,1
5557,2959,3
5557,610,4
5557,1500,4
349,1717,3
349,3785,1
349,3081,3
5948,1511,1
1113,1394,1
1579,1732,4
3693,648,1
3012,3858,2
3012,3355,1
3012,3300,2
3012,2424,4
3012,3793,2
3012,1909,2
3012,1278,1
3012,3263,4
3012,3254,2
3012,2701,3
3012,3809,3
3012,2662,2
3012,382,1
3012,2359,4
3012,1515,1
3012,2808,3
3012,3555,3
3012,1682,4
3012,1266,3
3012,338,1
3012,332,1
3012,2916,4
3012,1722,2
3012,380,4
3012,553,4
3012,2890,4
3012,2672,2
3012,589,3
3012,2288,1
3012,552,3
3012,330,1
3012,111,1
3012,2346,3
3012,3699,4
3012,2641,4
3012,2393,3
3012,1371,1
3012,2628,2
3012,329,4
3012,1356,2
3012,1210,2
3012,1376,2
3012,1375,1
3012,1372,1
3012,377,3
3012,3827,3
3012,2322,4
3012,3081,2
3012,2009,4
3012,3033,4
3012,574,1
3012,3785,4
3012,2762,4
3012,3247,3
3012,531,1
3012,527,1
3012,2028,4
3012,593,2
3012,2986,1
3012,3698,3
3012,2851,1
3012,317,3
3012,2395,3
3012,2657,2
3012,2091,1
3012,2093,2
3012,3697,3
3012,3527,3
3012,3024,3
3012,2321,1
3012,1476,1
3012,3753,1
3012,2117,1
3012,371,1
3012,2709,2
3012,3869,3
3012,2120,2
3012,370,2
3012,1907,1
3012,3499,2
3012,3623,3
3012,1136,2
3012,1080,3
3012,2006,1
3012,3704,1
3012,491,3
3012,1409,1
3012,1391,1
3012,1544,2
3012,1831,3
3012,3702,3
3012,1294,2
3012,364,3
3012,663,2
3012,3476,1
3012,1614,3
3012,2450,1
3012,880,4
3012,780,1
3012,2054,3
3012,1566,4
3012,610,1
3012,1265,1
3012,1235,4
3012,3,3
3012,799,1
3012,1641,2
3012,3269,1
3012,3802,4
3012,3927,4
3012,2959,2
3012,3020,4
3012,608,4
3012,454,4
3012,2291,4
3012,2353,3
3012,2021,3
3012,2712,2
3012,1097,2
3012,1129,1
3012,1261,3
3012,653,4
3012,1370,2
3012,2616,2
3012,750,2
3012,165,4
3012,3258,4
3012,590,2
3012,1876,2
3012,442,1
3012,1100,1
3012,2140,4
3012,1584,3
3012,2532,2
3012,3471,4
3012,223,2
3012,1206,4
3012,435,3
3012,95,2
3012,2530,2
3012,3156,4
3012,2034,4
3012,1233,2
3012,2531,3
3012,1270,2
3012,2012,2
3012,1092,1
3012,674,4
3012,2011,3
3012,13,1
3012,2706,2
3012,1517,1
3012,150,4
3012,1215,4
3012,2699,3
3012,2294,4
3012,3701,4
3012,1690,4
3012,3070,3
3012,1320,2
3012,2311,3
3012,2826,2
3012,1127,4
3012,924,3
3012,1019,1
1946,1220,1
1946,144,1
3410,1197,4
2395,3178,3
1733,2511,1
5100,1350,3
5100,2186,4
349,2412,2
349,2167,1
349,196,3
349,1347,3
349,185,2
349,788,4
349,135,4
349,223,4
349,65,3
349,2699,3
349,145,1
349,2060,2
1113,527,3
5387,1306,4
5387,2645,2
5387,2395,3
5387,1294,3
5387,1292,2
5387,947,1
5387,2599,4
5387,2791,4
5387,1963,4
5387,3083,3
5387,1136,2
5387,2511,4
5387,2912,4
5387,206,3
5387,3859,2
5387,2693,4
5387,2677,3
5387,581,1
5387,3188,2
5387,1192,4
5387,246,4
5387,1189,3
5387,162,2
355,1449,3
355,3536,4
1897,916,3
1748,292,2
5636,3028,1
5636,3246,4
5636,381,1
5636,3773,3
5636,265,2
5636,2920,3
5636,3525,1
5636,2335,4
4277,147,2
3693,76,2
424,1935,3
1912,3598,2
1912,3000,3
4085,2318,1
4085,3593,2
3454,3879,4
1015,317,4
1015,3503,3
102,2877,1
102,2040,4
102,2012,4
102,2011,2
102,203,1
1733,1754,1
102,2212,3
102,3099,3
102,926,4
102,922,1
1912,1393,1
349,3949,1
349,288,2
5878,1967,2
5878,2413,4
5878,3704,2
5878,3251,1
5878,3138,2
5878,2639,3
5878,2115,1
5878,2140,1
5878,2005,1
5878,2414,2
5878,1275,2
5878,1378,2
5878,3211,2
5878,2161,3
5878,3109,2
5878,2734,4
5878,2193,1
5878,2417,2
5878,3479,1
5878,2076,2
5878,1285,4
5878,1290,2
5878,2097,3
5878,3112,4
5878,3480,3
5878,3844,4
5878,2139,2
5878,1199,4
5878,1958,2
5878,1291,3
5878,3703,4
5878,2077,2
5878,1220,1
5878,3071,3
5878,2401,4
5878,2114,2
5878,1197,3
5878,1186,1
5878,1394,4
5878,2022,1
5878,1196,4
5878,1258,4
5878,2312,2
5878,2104,2
5878,1295,3
5878,2248,3
5878,3019,4
5878,1185,3
5878,1224,1
5878,2020,2
5878,1299,2
5878,541,2
5878,1307,4
5878,1296,3
5878,3683,1
5878,3679,2
5878,1172,2
5878,1417,3
5878,2052,3
5878,1842,4
5878,3005,3
5878,1379,1
5878,182,4
5878,2617,3
5878,92,4
5878,2461,4
5878,839,2
5878,881,3
5878,1713,1
5878,1457,2
5878,218,2
5878,782,3
5878,2154,2
5878,736,4
5878,1391,2
5878,788,1
5878,2269,3
5878,724,4
5878,1801,2
5878,266,2
5878,2674,2
5878,2325,3
5878,2826,1
5878,3264,2
5878,1629,1
5878,2995,2
5878,3489,3
5878,1047,4
5878,207,2
5878,2082,2
5878,303,4
5878,2335,4
5878,1856,3
5878,700,3
5878,410,3
5878,1487,3
5878,2875,2
5878,851,4
5878,1409,2
5878,3247,4
5878,1027,2
5878,352,1
5878,1875,2
5878,1020,1
5878,1804,3
5878,57,4
5878,2437,3
5878,2120,1
5878,1342,2
5878,2702,3
5878,35,3
5878,874,3
5878,1855,4
5878,1049,1
5878,383,1
5878,1717,2
5878,2581,2
5878,3051,3
5878,282,1
5878,552,4
5878,3155,3
5878,340,4
5878,1399,1
5878,46,3
5878,1727,1
5878,40,4
5878,195,4
5878,2723,3
5878,2844,3
5878,269,3
5878,3528,2
5878,2023,3
5878,2718,4
5878,2432,2
5878,147,1
5878,170,2
5878,837,4
5878,273,4
5878,1513,3
5878,22,4
5878,2025,3
5878,613,3
5878,3269,1
5878,3838,4
5878,1735,2
5878,3477,1
5878,1589,3
5878,2583,2
5878,1684,2
5878,574,4
5878,1895,3
5878,2167,2
5878,2433,4
5878,43,2
5878,3809,3
5878,358,2
5878,1614,2
5878,491,2
5878,155,2
5878,2763,1
5878,361,1
5878,3186,4
5878,1909,4
5878,1366,4
5878,2712,3
5878,381,3
5878,3259,3
5878,805,4
5878,2006,2
5878,3081,3
5878,101,3
5878,1721,3
5878,2700,1
5878,3107,2
5878,85,1
5878,1343,1
5878,3128,2
5878,3179,3
5878,1498,4
5878,1408,3
5878,222,4
5878,986,3
5878,650,2
5878,2572,2
5878,1907,1
5878,1183,1
5878,1545,3
5878,3256,2
5878,1777,3
5878,728,3
5878,3175,4
5878,2232,4
5878,1805,4
5878,2125,3
5878,21,1
5878,194,3
5878,835,1
5878,2439,3
5878,1190,1
5878,1397,2
5878,3118,3
5878,3147,1
5878,29,2
5878,2236,4
5878,581,2
5878,3108,4
5878,1889,3
5878,678,3
5878,2542,4
5878,2340,3
5878,1175,3
5878,428,1
5878,477,2
5878,2908,3
5878,1639,2
5878,553,2
5878,475,2
5878,1500,2
5878,3160,1
5878,3260,1
5878,1806,1
5878,661,2
5878,1633,4
5878,2395,3
5878,356,2
5878,2271,1
5878,28,3
5878,563,4
5878,1897,1
5878,2890,4
5878,1060,1
5878,3499,2
5878,1245,1
5878,412,3
5878,3000,4
5878,2609,3
5878,2692,2
5878,1484,2
5878,2761,4
5878,2336,2
5878,2310,1
5878,2321,4
5878,152,4
5878,2357,3
5878,2396,3
5878,25,1
5878,32,3
5878,2028,4
5878,671,4
5878,83,4
5878,2997,4
5878,2330,2
5878,1361,1
5878,3713,4
5878,3299,2
5878,3484,1
5878,3826,3
5878,3821,1
5878,3273,1
5878,3752,4
5878,3623,2
5878,3534,2
5878,3896,1
5878,3753,4
5878,3300,3
5878,3830,2
5878,3565,2
5878,3863,4
5878,3755,4
5878,3536,3
5878,3948,3
5878,3893,1
5878,3793,3
5878,3578,1
5878,3556,3
5878,3624,3
5878,3512,2
5878,3910,3
5878,3911,2
5878,3481,1
5878,3897,4
5878,3949,4
424,1268,3
424,1946,3
424,165,1
3462,2528,1
424,42,3
1352,1572,2
1912,1187,2
4834,223,2
349,6,4
3550,2329,4
487,344,4
487,2054,3
1524,904,2
4582,1354,4
3462,434,2
3462,110,1
3462,2530,2
3462,2133,3
3462,1188,3
343,1015,1
5682,79,1
1958,466,1
1958,1566,1
1958,1081,2
1958,2736,4
1958,2108,3
1958,2136,2
1958,440,1
1958,3189,2
1958,1028,3
1958,2080,2
1958,2395,2
1958,2282,2
1958,1388,3
1958,3639,1
1958,3638,2
1958,2991,4
1958,3635,3
1524,2186,4
2232,3177,4
2232,3896,1
2232,3555,2
2232,3785,4
2232,3755,2
2232,3882,2
2232,3566,3
2232,3786,1
2232,3512,1
2232,3408,1
2232,3852,4
2232,3298,3
2232,3948,4
2232,3952,2
2232,3317,3
2232,3893,3
2232,3911,3
2232,3949,2
678,2681,3
1748,648,1
1088,2852,1
1088,3721,2
1088,1120,1
1088,2188,4
1088,577,1
1088,1201,4
1088,3171,1
5635,914,3
5635,1527,4
5635,2617,1
5635,60,4
195,3746,3
1165,999,2
5580,346,2
1165,2664,1
2814,3864,4
2814,3357,3
1306,1834,1
2814,3147,3
2814,1307,1
2814,50,2
2814,1303,2
1113,541,3
2898,2395,4
2898,2502,1
2898,3752,1
2898,3826,4
2898,2318,4
2898,2333,3
2898,2716,2
2898,3175,2
2898,3564,1
2898,2712,1
2898,2605,4
2898,2355,1
2898,2699,2
2898,2827,1
2898,3754,3
3473,3747,4
4958,1831,2
2188,3571,4
1579,3683,2
5580,1210,2
5580,3243,1
5580,628,3
1748,3713,3
1851,1212,2
1851,1198,3
1851,3544,3
237,2081,1
2918,3859,4
3693,909,1
549,3824,4
549,3646,3
549,3901,1
549,3861,4
549,3948,2
549,3409,3
549,3535,3
549,3190,3
1113,3134,4
1113,1221,3
5682,1302,2
231,1974,4
231,1975,1
231,1978,1
231,1977,4
231,1976,3
231,1981,3
231,1980,3
231,1979,4
5539,1927,4
5539,999,4
1912,3916,2
1912,3360,1
1019,1594,1
1019,337,2
1019,334,4
1019,3006,2
1019,3481,1
5636,1991,2
3519,2502,1
3519,157,3
424,1297,3
3106,953,2
1946,112,2
1946,2779,4
1946,919,3
1946,1673,2
1946,1291,4
1946,1198,4
1946,2115,3
1946,2108,2
1946,3422,1
1946,1454,3
1946,180,1
1946,788,2
1946,3361,1
1946,3261,2
1946,3210,1
1946,508,4
1946,1393,3
1946,1276,2
1946,1193,2
1946,1784,4
1946,3882,2
1946,1208,2
1946,3072,1
1946,2028,2
1946,1729,2
1946,296,3
1946,1704,2
1946,628,1
2395,3906,1
911,2924,2
4582,2318,1
518,1844,2
1912,164,3
487,2926,1
487,1270,2
424,247,1
1426,1304,2
5156,1292,3
1748,2094,1
1748,733,1
4042,2167,2
4591,36,2
4591,549,4
4591,3514,2
4591,2959,2
1946,493,4
424,305,1
424,719,3
424,891,4
5413,3267,3
1605,29,3
1605,2029,4
487,1517,3
3550,364,2
4958,196,1
5948,1938,2
5948,3467,4
5948,1288,3
5948,1304,2
5948,1283,4
5948,224,2
1780,3129,1
2270,2011,4
2270,1722,3
2270,2012,1
2270,10,4
2270,3639,1
2270,2949,4
2270,2947,4
2270,1270,3
4591,2792,1
4591,2791,1
4591,1125,1
4591,1234,4
4591,3503,3
4591,3639,3
4591,2949,4
4591,2622,3
4591,3285,1
4591,3566,4
4591,3863,3
4591,3510,4
4591,3578,1
4591,3317,2
1142,1213,1
1395,3735,4
3732,954,3
3732,1263,4
3732,3296,2
3732,1213,2
3732,3713,2
624,1281,4
343,3300,1
3113,1721,3
1946,1095,1
1946,3019,1
1946,1060,2
1946,858,3
1946,2023,1
1946,1221,3
1946,1466,4
1946,2959,1
1946,3060,1
1165,1509,3
1165,2520,4
1165,2580,3
1165,3186,2
1165,3556,4
937,2012,1
937,2016,2
937,1375,1
937,317,1
937,2011,1
937,1095,2
937,497,4
937,2300,4
937,2926,2
2878,2042,4
2878,317,4
2878,3646,4
1912,2890,1
5539,140,3
1954,3784,4
3509,1991,3
3509,292,3
169,1081,2
4607,1218,3
4607,2012,1
4607,2877,4
4607,1375,3
4607,10,4
4607,1722,2
4607,2011,1
4607,3639,3
4607,2990,2
4607,3635,1
4607,933,4
4607,922,3
1794,3593,4
1794,3824,1
1794,3825,2
1794,3915,1
1912,1375,3
1912,1208,4
2395,3899,3
4816,456,2
4816,2996,2
4816,1061,1
4816,2058,3
4816,1213,1
4816,2575,1
3041,2023,3
3041,1221,3
1274,2905,2
1274,965,2
1274,3415,2
1274,1095,3
1912,2201,4
3473,1914,3
4277,1059,2
4277,1501,1
4277,2015,2
1113,3267,2
1113,2248,1
1113,3386,3
1113,3000,3
1113,3364,1
1748,926,4
3518,1186,1
2063,801,2
2063,166,3
2063,3865,2
5394,3262,2
424,3416,2
1733,3649,4
1597,2248,3
1421,1357,3
1556,1208,2
1556,3793,3
4384,3752,1
4384,3948,3
4384,2959,1
1912,2209,3
3391,489,2
3391,1526,1
3391,2558,3
3391,1488,4
3391,1645,1
3391,3882,1
3391,3794,4
3391,42,1
3391,437,1
146,3292,3
146,1248,2
146,1344,1
146,1179,1
3391,3646,3
3391,3618,1
3391,3176,1
3391,2628,4
3391,1358,3
3391,2502,3
3391,1529,1
3391,996,2
3391,1918,4
3391,3747,3
3391,1121,3
3391,1093,3
3391,1641,4
3391,700,1
3391,2060,2
3391,1784,2
3391,3478,4
3391,1127,4
3391,34,1
3391,147,1
3113,2959,1
4582,2997,3
1113,1281,4
1113,2726,3
1748,2353,3
3462,3698,4
3462,518,4
3462,3753,2
3462,2639,4
3462,719,1
3462,282,1
3462,3480,3
3462,3752,1
3462,1544,1
3462,1855,4
3462,3489,1
3462,3826,2
3462,3175,1
3462,1036,4
3462,2137,1
3462,585,3
3462,3911,4
3462,2791,1
3093,933,4
3093,926,1
3093,1935,1
5312,1241,3
1329,2539,3
5636,3889,2
5636,3173,3
5636,2976,4
3113,593,1
3824,2656,3
3824,3847,4
3824,724,1
3824,2606,4
3824,2789,3
3824,879,1
3824,220,2
3824,2459,3
3824,532,1
3824,3024,1
3824,3892,4
3824,382,3
3824,407,1
3824,3930,3
3824,1982,2
3113,3481,4
239,58,4
239,3006,3
1733,1204,4
2859,3317,1
3519,3077,1
3519,3136,4
624,2693,2
1982,2672,3
1088,616,3
1088,2351,2
1088,431,1
2047,3794,4
2047,2012,2
2047,748,1
2047,1499,4
2047,3897,4
2047,2064,4
2047,2987,2
1579,3173,2
3519,538,1
3519,2762,3
3519,769,4
2031,1361,4
2031,3409,3
2031,1223,4
2031,3791,1
2031,3047,3
2031,1273,2
2031,3429,3
2031,745,1
2031,3524,2
2031,2707,1
2031,3189,2
2031,3896,2
2031,3851,3
2031,3624,2
2031,3948,1
2031,3827,4
2031,3578,4
2031,3598,4
2031,3720,2
2031,3556,2
2031,3566,3
2031,3794,4
2031,3793,4
2031,3831,3
2031,2769,4
2031,3852,1
2031,3618,2
2031,3747,4
2031,3893,3
2031,3317,1
2031,3859,3
2031,3510,2
2031,3751,3
2031,3328,1
2031,3408,1
2031,3952,2
2031,3911,4
2031,3182,4
2031,3951,4
2031,3897,3
2031,3949,3
2031,1474,2
2031,1503,2
2031,2877,1
2031,317,1
2031,1097,3
2031,2926,4
2031,1283,3
2031,595,2
2031,1095,3
2031,2300,2
2031,922,3
2031,3494,1
2031,586,1
2031,1484,2
2031,2098,4
2031,3685,4
2031,1213,1
2031,2870,4
2031,1611,2
2031,1225,4
2031,541,4
2031,178,4
2031,627,3
2031,252,1
2031,3129,1
2031,3468,4
2031,1613,2
2031,3126,2
2031,1188,3
2031,3830,2
2031,16,4
1645,3877,3
1645,2162,4
1645,1920,4
1645,885,1
1645,673,2
1645,2,2
1645,2628,1
1645,3489,1
1645,653,1
1645,2043,4
1645,1073,2
1645,260,2
1141,933,4
1141,1474,3
1113,1193,1
1113,3685,4
1113,1250,3
5812,2524,2
1303,899,4
1303,3677,4
1303,3007,4
1303,1657,1
1303,186,4
1303,1760,4
1303,1894,3
1303,485,3
1303,2060,1
1303,3752,1
1303,830,1
1303,2792,3
1303,275,2
1303,1482,1
1303,2723,4
1303,2796,3
1303,2794,4
1303,3254,4
1303,2423,4
1303,2378,3
1303,2015,2
1303,1701,2
1303,2111,3
1303,2867,2
1303,2836,3
1303,3052,4
1303,3535,1
1303,3157,4
1303,838,3
1303,2463,2
1303,345,2
1303,3129,3
1303,52,2
1303,1279,3
1303,574,1
1303,1914,3
1303,2359,2
1303,1060,1
1303,1235,1
1303,2905,3
1303,2013,3
1303,2763,4
1303,1676,1
1303,2991,1
1303,3153,2
1303,3107,1
1303,1267,2
1303,2728,4
1303,2502,3
1303,2729,2
1303,101,3
1303,3627,4
1303,2959,2
1303,2952,1
1303,3897,2
1303,150,4
1303,2949,1
1303,2300,3
1303,933,1
1733,159,3
1306,63,1
5156,3910,2
1019,3633,3
1019,3827,1
146,3604,1
146,935,4
5156,1889,4
5156,16,2
5156,373,2
5156,1358,1
5156,866,4
5156,3420,1
5156,111,4
4834,3824,4
5156,3497,3
5156,2145,2
5156,3101,4
5156,2469,2
5156,1135,4
5156,2371,1
5156,2003,2
5156,3649,1
5156,2245,1
5156,3308,2
5156,3102,1
5156,1124,4
5156,3526,2
5156,1994,1
5156,3210,3
5156,1321,2
5156,1246,3
5156,3039,2
5156,3524,4
5156,1285,4
5156,1968,4
5156,3072,1
5156,2352,3
5156,3098,2
5156,1079,4
5156,3505,3
5156,2313,4
5156,2918,2
5156,3586,4
5156,3071,4
5156,1961,2
5156,3068,2
5156,1185,3
5156,3360,2
5156,1186,4
5156,1228,4
5156,318,3
5156,2915,2
5156,1101,4
5156,1035,4
5156,2112,1
5156,1396,2
5156,2000,3
5156,3019,3
5156,1466,3
5156,1089,2
5156,1234,3
5156,50,4
5156,296,1
5156,608,1
5156,2947,3
5156,2616,2
5156,996,4
5156,3107,2
5156,2023,2
5156,2403,2
5156,2353,3
5156,457,1
5156,474,2
5156,1387,3
5156,858,3
5156,1242,3
5156,1610,1
5156,589,3
5156,1221,4
5156,2194,4
5156,1220,3
5156,2011,2
5156,780,2
5156,2346,2
5156,3527,2
5156,1921,4
5156,2407,2
5156,1527,4
5156,1214,4
5156,1240,3
5156,2985,1
5156,1253,2
5156,1653,1
5156,1206,4
5156,2571,1
5156,32,1
5156,1286,2
5156,3044,3
5156,3396,4
5156,551,2
5156,1097,2
5156,2137,3
5156,2370,4
5156,2430,4
5156,610,4
5156,1129,3
5156,1374,1
5156,590,2
5156,480,4
5156,1259,1
5156,1287,2
5156,1073,4
5156,1291,2
5156,2640,3
5156,2871,1
5156,1198,2
5156,2968,2
5156,3461,3
5156,919,3
5156,1267,4
5156,1203,1
5156,1945,2
5156,380,2
5156,2770,3
5156,3614,3
5156,371,3
5156,574,4
5156,3129,3
5156,322,4
5156,2671,1
5156,3045,2
5156,1641,1
5156,1784,3
5156,21,1
5156,125,1
5156,1958,1
5156,2529,4
5156,3168,2
5156,2779,3
5156,1199,1
5156,3204,4
5156,2291,2
5156,3591,4
5156,3186,2
5156,3646,3
5156,1036,1
5156,2420,4
5156,1663,4
5156,1394,3
5156,3950,4
5156,1258,4
5156,2144,1
5156,2300,2
5156,2366,3
5156,1876,2
5156,300,3
5156,1222,2
5156,1298,3
5156,3035,4
1605,1685,4
1605,2723,2
1605,2891,4
4958,3499,1
195,632,1
1579,673,1
1579,493,1
1579,231,1
1524,3639,2
5156,555,4
5156,1277,2
5156,2115,4
5156,47,2
5156,2391,3
5156,3169,3
5156,778,1
5156,940,2
5156,3296,4
422,2968,4
422,1527,2
422,1199,4
422,1301,3
422,1252,2
422,1617,3
422,2355,2
422,3863,1
422,3005,3
422,2997,3
422,3593,4
422,3516,4
422,2710,2
422,2706,3
4960,2987,2
4960,3384,1
4960,2396,1
4960,2686,1
4960,3606,2
4960,913,3
4960,3174,3
4960,785,3
4960,2333,3
4960,233,3
4960,3543,1
4960,2369,2
4960,3298,3
4960,1189,4
4960,1281,3
4960,1077,3
4960,3203,4
4960,2289,2
4960,1953,2
4960,1078,2
4960,1925,2
4960,2137,2
4960,300,1
4960,2202,2
424,1693,2
146,2612,4
146,3435,4
146,2066,3
146,2366,3
146,1256,3
146,978,4
146,3853,1
146,950,2
146,1357,3
146,293,3
146,898,2
146,2920,3
146,2496,1
146,2990,4
146,10,3
146,3639,3
146,2947,1
752,1225,2
424,1884,1
424,2995,4
5394,1095,2
2122,2881,3
1733,2927,3
1645,2299,3
1645,932,2
5156,1278,3
5156,3246,2
5156,2728,1
5156,1213,2
5156,3498,3
5156,3104,3
5156,194,4
1912,2922,2
5156,3362,3
5156,515,4
5156,3555,4
5156,1952,2
1645,2053,1
1645,248,1
1645,1375,3
1645,2083,4
1645,1722,4
1645,10,1
5156,1343,3
5156,3552,3
5156,344,1
1645,595,2
1645,943,3
5156,3525,4
5156,2916,3
5156,1275,1
5156,2329,2
5156,1210,4
5156,1196,4
5156,260,2
5156,1954,4
1980,3791,1
1980,627,3
59,1244,4
59,3307,4
59,953,2
59,3871,4
59,965,1
59,110,2
59,3016,4
59,3018,3
59,2159,4
59,1421,3
59,1241,3
59,2660,2
59,2532,4
59,3363,3
59,3260,1
59,905,4
59,903,2
59,1284,2
59,1269,2
59,1935,3
59,2028,1
59,608,3
59,1267,2
59,515,3
59,1303,4
59,1226,3
59,1283,1
59,1234,3
59,2731,3
59,3359,1
59,3435,3
59,1304,4
59,959,1
59,2644,4
59,2919,1
59,2406,4
59,224,3
59,2243,1
59,58,4
59,1066,1
59,509,2
59,3684,2
59,3655,3
59,1252,4
59,590,3
59,1960,1
59,1201,2
59,3246,2
59,3471,3
59,2336,3
59,1231,2
59,1266,4
59,2352,3
59,3911,3
59,3224,4
59,1653,3
59,1580,4
59,2657,2
59,2571,4
59,1199,3
59,32,4
59,1097,1
59,750,4
59,541,3
59,1175,2
59,1380,1
59,1088,1
59,901,3
59,1220,3
59,3061,3
59,1951,1
59,1081,3
59,1035,1
59,2565,3
59,1288,1
59,938,3
59,199,4
59,1028,1
59,2300,2
59,1282,3
59,3545,2
59,3549,3
59,899,2
59,1357,1
59,2065,1
59,302,4
59,1643,4
59,377,2
59,943,3
59,900,2
59,2291,2
59,1183,1
59,3414,1
59,3685,4
59,2941,2
59,25,1
59,2020,2
59,17,2
59,1296,4
59,2943,4
59,2067,3
59,914,2
59,930,3
59,945,1
59,1172,2
59,2070,2
59,3185,4
59,3157,3
59,2396,4
59,314,4
59,2762,2
59,2670,1
59,2686,1
59,1959,3
59,2716,4
59,2712,2
59,3408,2
59,2369,1
59,2147,1
59,2997,2
3285,2819,1
3285,3730,2
3285,125,2
3285,784,1
195,1296,3
4600,3911,1
4600,1777,3
4600,3174,4
1579,3147,4
1579,916,3
624,3088,4
5156,2259,2
5156,3004,4
5156,788,2
5156,2146,2
5156,1721,1
5156,2262,4
5156,2942,2
5156,587,3
5156,1088,1
5156,2406,2
5156,1380,1
5156,539,3
5156,2081,2
5156,3244,4
5156,2100,4
5156,1393,1
5156,377,2
5156,1216,4
5156,509,4
5156,902,3
5156,2248,2
5156,1674,1
5156,1172,2
5156,2243,2
5156,1197,1
5156,1912,2
5156,293,4
5156,1247,4
5156,1307,2
1329,3751,2
5156,1676,1
5156,3753,3
5156,356,2
5156,2427,3
5156,110,1
5156,1094,3
5156,1183,1
5156,1262,3
5156,2028,4
5156,1208,4
5156,1233,1
5156,1263,4
5156,527,2
5156,1272,4
5156,750,3
5156,969,2
5156,1200,1
5156,920,1
5156,912,2
3113,297,2
3113,2125,2
3113,2502,1
5156,1090,1
5156,3040,3
3368,1722,3
3368,2990,1
3368,2947,2
3368,2366,4
3368,2455,2
3368,1258,4
3368,3499,3
3368,2160,2
3368,1997,1
3368,1219,3
3368,2858,3
5156,3108,2
5156,2321,2
5156,176,2
5156,1,2
5156,357,2
5156,1265,3
424,2596,4
5156,2396,2
5156,2324,2
5156,1188,3
5156,39,2
5156,2289,2
5156,1060,1
5156,2414,3
5156,1092,1
5156,1732,4
5156,3176,2
5156,1625,1
5156,541,3
5156,1617,3
2868,858,2
2868,1221,4
1125,2269,4
3410,3218,1
953,2877,2
343,3450,2
5156,3948,3
5156,2618,1
5156,1095,3
5156,1270,3
5156,1250,3
5156,2067,1
5156,2912,4
5156,235,1
5156,2987,2
5156,2959,2
5156,3578,4
5156,223,2
5156,2336,2
5156,2706,4
1733,3652,4
2047,1196,3
2047,2762,3
2047,2391,3
2047,2858,1
5733,1356,2
5733,3566,3
5733,1608,3
1647,3710,4
1647,1382,3
1647,216,4
1647,1015,2
1647,802,3
1647,2880,3
1647,1668,4
1647,38,4
1647,502,1
1647,2023,3
1647,881,3
1647,2196,4
1647,2445,4
424,1188,4
1421,1856,3
1421,2301,1
424,892,1
1733,41,3
3368,3614,1
3368,2505,2
3368,2572,1
3368,2628,3
4829,2761,1
4600,1388,4
4600,69,4
4600,2505,2
4600,3326,2
4600,2599,3
2859,2835,3
4126,2294,3
2760,2763,2
2760,3185,4
2760,2396,4
2760,2734,2
2760,3174,1
2760,913,3
2760,2710,2
2760,750,3
2760,1228,1
2760,590,1
2760,912,1
2760,858,4
195,2587,2
3054,3210,1
3054,2081,4
3054,2640,3
3054,353,2
3054,786,2
3054,780,3
3054,1690,2
3054,1391,3
3054,380,3
3054,2699,3
3054,1552,1
3054,3316,2
3054,3624,3
195,1949,2
4277,67,1
3509,2959,3
3509,2541,3
3509,2355,4
3509,3298,4
3509,32,4
3509,1833,2
3509,2617,4
5657,288,2
5657,543,2
5657,2393,1
5657,368,3
5657,3528,4
5657,2,4
5657,2024,3
5657,1835,1
5657,1527,4
5657,1552,2
5657,3247,4
5657,1921,1
5657,1551,1
5657,1093,4
5657,500,2
5657,31,2
5657,1095,3
5657,586,1
5657,1457,2
5657,1777,4
5657,1727,1
5657,144,4
5657,339,3
5657,2561,2
5657,1042,4
5657,1569,2
5657,353,4
5657,380,2
5657,2706,4
5657,805,4
5657,1914,3
5657,1641,4
5657,3176,1
5657,2710,4
5657,3255,1
5657,832,4
5657,2006,2
5657,1608,3
5657,440,4
5657,163,1
5657,3052,4
5657,1907,3
5657,11,2
5657,2442,4
5657,2321,3
5657,1721,2
5657,2108,1
5657,32,2
5657,3147,1
5657,2997,3
5657,2762,4
5657,2028,1
3509,2683,1
3509,150,1
3509,19,2
3509,2502,3
3509,1884,1
3509,2729,4
3509,2947,4
3509,1610,4
3509,1609,3
3509,866,4
3509,3005,3
3509,3301,4
3509,3717,4
3509,3566,1
3509,3897,2
239,318,3
239,1267,4
3054,2927,2
5046,1414,2
5046,1640,1
5046,1131,3
5046,2932,3
5046,1294,3
5046,1132,1
5046,3260,3
5046,25,3
5046,3819,2
5046,3077,4
5046,1284,3
5046,2612,3
5046,17,1
5046,3741,2
4771,2964,2
5046,899,4
5046,3871,1
4771,1277,4
5046,1148,4
5046,3929,3
4771,1985,1
4831,2739,4
4831,595,2
4831,2352,2
4831,2398,4
4831,2067,1
4831,1234,4
4831,1304,4
1733,2146,3
2395,2130,4
5198,3793,3
5198,551,4
5198,2502,2
2594,3946,1
5198,3616,2
5198,3614,1
2594,3555,1
5198,104,2
2594,3893,2
5198,237,1
5198,3243,4
5198,1884,1
5198,2918,1
5198,3477,1
5198,231,2
5198,3358,3
5198,435,4
5198,2356,2
5198,2294,2
2594,2027,4
5198,2142,3
5198,2706,1
5198,32,4
5198,3007,4
5198,2966,2
5198,2579,1
5198,3320,2
5198,3301,1
5198,3785,1
5198,3858,2
5198,3948,3
5198,3852,4
5198,3913,3
5198,3943,1
5198,3556,3
5198,3865,1
5198,3893,3
5198,3897,4
5198,3949,1
5198,3910,3
5359,1953,4
5198,2809,1
518,3083,4
518,3067,3
3182,110,2
3182,2366,3
3182,3089,1
3182,2918,1
2860,3230,4
2860,1293,4
3520,1501,4
3520,2942,3
3520,3791,2
3520,2012,3
3520,3250,2
3520,2083,1
3520,2011,3
3520,2877,4
3520,187,4
3520,1095,2
1597,2054,2
1597,2942,4
1597,3791,2
1597,1375,4
1597,2011,4
1597,595,4
1597,2926,2
1597,1097,4
1597,2300,2
1597,2947,4
1597,1270,1
239,17,3
239,293,3
5359,1503,2
195,3658,2
195,1090,2
4829,2232,4
4829,1306,1
1010,2133,3
3158,750,2
4126,3039,1
349,413,1
4960,3865,1
4960,3182,4
5312,101,1
3285,748,1
4305,2170,4
4305,1623,1
4305,1777,1
4305,2335,3
4305,1747,1
4305,2387,3
4305,1682,4
4305,3404,4
4305,2764,1
4305,1923,2
4305,1870,1
4305,1060,4
4305,2298,1
4305,2628,1
4305,1196,4
4305,260,4
4305,1862,1
4305,3081,4
4305,1894,1
4305,2391,3
4305,3273,1
4305,3861,3
4305,2902,1
4305,1219,2
4305,1810,1
4305,2316,1
4305,2321,2
4305,1288,4
4305,93,2
4305,747,2
4305,848,1
4305,2096,4
4305,1125,4
4305,2145,3
4305,596,3
4305,3198,4
4305,1921,2
4305,3,4
4305,3201,4
4305,1616,4
4305,2594,4
4305,1668,1
4305,2144,3
4305,3438,2
4305,3439,4
4305,25,2
4305,3564,2
4305,1461,4
4305,1884,3
4305,543,3
4305,513,2
4305,1422,3
4305,2617,4
4305,3948,1
4305,367,4
4305,1303,3
4305,2183,1
4305,2027,3
4305,1667,1
4305,553,2
4305,2435,1
4305,2519,2
4305,2995,4
4305,2424,3
4305,2469,4
4305,1124,1
4305,1731,1
4305,2058,1
4305,1704,4
4305,2735,2
4305,3717,1
4305,2005,4
4305,3771,4
4305,2586,2
4305,3448,3
4305,920,2
4305,2363,1
4305,2364,2
4305,2023,2
4305,3864,2
4305,2150,2
4305,2151,4
4305,1882,4
4305,1167,4
4305,653,3
4305,2950,4
4305,3649,2
4305,432,3
4305,2067,3
4305,21,2
4305,1094,1
4305,3175,2
4305,2868,2
4305,1301,4
4305,1373,4
4305,3664,3
4305,1527,4
4305,3210,2
4305,1968,4
4305,2088,1
4305,3807,4
4305,2989,2
4305,1998,4
4305,3392,1
4305,303,3
4305,1246,2
4305,42,3
4305,1126,2
4305,2110,3
4305,441,3
4305,1589,2
4305,2536,3
4305,1835,3
4305,3148,2
4305,220,2
4305,1233,1
4305,1772,2
4305,1220,1
4305,1358,4
4305,1866,2
4305,2974,4
4305,153,3
4305,592,4
4305,1377,4
4305,1562,2
4305,3213,4
4305,1517,2
4305,2153,3
4305,1784,4
4305,2440,1
4305,3363,4
4305,2791,3
4305,2792,2
4305,1608,3
4305,999,1
4305,1043,2
1306,265,4
3462,2965,4
1425,296,3
1088,656,4
1088,2019,1
1088,943,2
1088,3900,2
3262,3754,2
3262,3534,2
3262,1517,2
3262,2706,4
2247,3713,4
5387,1283,1
4868,2377,2
4868,172,4
4868,2456,2
4868,1831,2
4868,788,1
4868,2094,4
4868,2116,1
4868,3032,3
4868,1676,3
4868,674,3
424,562,3
4868,316,1
4868,780,2
349,1962,3
349,1266,1
752,1950,1
752,1735,1
752,1953,1
2272,3798,1
1912,123,3
518,943,2
518,3185,4
518,2762,3
518,3081,1
518,2395,2
518,2881,2
1015,3791,2
1015,1375,4
3054,2133,4
3054,1269,3
518,901,4
518,937,3
518,1722,1
518,3635,2
424,1678,3
2395,1517,1
2395,2683,2
424,1059,1
753,2617,1
411,3326,2
753,1623,2
411,3916,4
4305,1693,2
4305,6,2
4305,1500,3
4305,2671,1
4305,1393,1
4305,39,2
4305,45,4
4305,52,1
4305,261,2
4305,2491,3
4305,356,4
4305,2231,2
4305,2268,3
4305,1673,4
4305,412,4
4305,509,2
4305,508,4
4305,590,4
4305,1641,1
4305,1678,3
4305,2336,3
4305,1183,3
4305,1265,3
4305,474,1
4305,150,4
4305,2396,3
2342,3864,1
2342,3300,1
2342,3793,1
2342,2000,2
2342,3703,2
2342,1220,4
2342,969,2
2342,2366,2
2342,110,3
2342,3000,2
2342,1261,4
2342,1222,4
2342,3104,3
2342,1036,1
2342,1215,2
2342,1197,4
2342,2571,3
2342,1196,1
2342,1200,3
2342,1240,4
2342,260,1
2342,1387,1
2342,1221,1
343,2496,2
343,153,3
343,2918,4
5394,3833,3
5394,2265,2
5394,540,1
5394,2815,2
5394,3438,3
5394,44,3
5394,317,3
5394,63,2
5394,225,1
5394,3107,2
5394,266,3
5394,10,1
5394,1008,3
5394,2667,2
5394,2083,2
624,1485,3
5394,124,1
624,595,1
5394,1172,2
624,32,1
3550,3911,2
5319,2318,2
1202,1597,1
1202,1370,1
1202,3623,3
1202,3633,1
1202,3639,4
1202,3635,2
1202,3726,1
1202,317,4
1202,1249,4
1202,1947,4
727,1682,2
727,474,1
727,296,1
195,3686,4
727,3916,4
349,111,2
727,3039,3
1421,97,1
1425,3146,2
648,1196,2
648,2628,4
648,260,3
2232,3483,4
2232,3615,4
2232,3751,4
65,953,1
2969,2539,1
2969,2167,3
2969,541,1
4294,1438,2
1125,1359,4
1647,2141,2
1647,1515,3
1647,1602,1
3054,2863,4
4277,2652,2
4277,2942,1
4277,2877,4
4277,3791,2
5812,498,1
5812,1722,1
5812,543,1
3550,1298,3
4816,719,4
953,858,3
953,715,2
2395,1912,4
424,1175,1
424,1354,2
1274,3532,4
1274,3503,1
1274,334,1
1274,916,2
1451,2312,4
1451,322,1
1451,3498,1
1451,3198,3
1451,1682,3
1451,1302,2
1451,2069,2
1451,2848,4
1451,2132,3
1451,1957,4
1451,150,4
1451,1358,3
1451,1287,1
1451,26,2
1451,3360,1
1451,3766,3
1451,2476,1
1451,1862,3
1451,1331,1
1451,2338,1
1451,1389,3
1451,3732,1
1451,2789,2
1451,2782,4
1451,1388,3
1451,1971,2
1451,2459,2
1451,2367,4
1451,1999,4
1451,724,4
1451,1994,1
1451,968,1
1451,1997,1
1451,342,2
195,950,1
3462,2739,1
3462,2065,3
2395,232,4
2395,3783,1
2860,2611,2
2860,2231,1
329,3597,3
329,3826,2
329,3317,4
329,3536,4
4600,3481,4
1165,1258,4
1982,1617,1
1088,2596,4
1088,327,3
1088,949,3
1088,1943,3
1088,1488,1
1088,492,4
1088,3107,1
1088,3447,4
1088,1179,1
1113,903,2
424,72,2
424,1889,1
424,3365,3
424,1235,2
3693,2600,2
3693,3745,1
4831,3811,1
102,3713,1
102,296,1
102,1193,2
102,1251,4
349,69,4
349,1222,1
424,3503,3
424,1344,1
424,3932,2
424,3706,2
424,3179,4
424,2424,4
424,555,2
424,17,4
1426,1247,3
4639,3039,2
4639,2863,4
5520,2393,3
1422,2966,3
1421,1060,1
2247,3859,4
4842,3747,2
1113,1233,4
1203,3949,4
1203,3952,1
2380,2114,3
1306,2628,3
2362,1449,1
1425,627,3
195,2373,1
1425,2787,3
1425,2718,1
195,2297,3
343,2340,1
36,3639,4
36,1295,2
36,595,4
36,1266,3
36,247,1
36,296,3
36,3174,2
36,2713,4
36,2369,4
36,3786,3
36,2694,4
36,1701,4
36,2269,2
1317,3791,4
1317,2990,3
937,1097,3
937,1270,3
3531,3615,2
3531,3948,3
3531,3578,3
3531,3893,4
3531,3481,2
319,3635,2
319,2926,2
319,899,1
319,3097,2
231,1,3
231,3114,3
231,2987,3
231,745,1
3412,1210,2
3182,3478,4
3182,2050,3
3182,88,1
3182,3618,3
3182,11,3
3182,3882,1
3182,2805,2
3182,3617,3
3182,2942,4
3182,899,3
3693,43,3
4277,3768,1
349,3071,2
1274,755,3
1274,3548,4
1274,2899,1
1274,2633,2
1794,2019,1
1794,3952,2
1647,3901,2
1647,3898,2
1647,3825,4
1647,3536,2
1647,3916,3
1551,3503,4
1551,2594,2
872,899,4
872,923,2
1165,1265,3
752,2243,1
1142,2023,3
1425,3912,4
1425,3882,4
1425,3374,3
1425,918,2
1425,968,4
2688,1654,1
4582,3503,4
1142,1221,2
3285,949,4
3285,541,2
411,1031,4
411,3912,1
411,592,1
411,1562,3
411,2012,3
411,1517,1
411,1021,3
411,2071,3
411,1032,1
411,588,1
411,344,3
411,2311,4
4816,315,1
195,2296,2
195,2174,4
195,900,4
195,1200,3
3995,2012,3
3995,2115,2
3995,1291,3
5100,3863,4
1780,3489,2
1780,388,3
1780,879,1
1780,516,2
1780,292,1
1780,158,1
1780,2403,3
1780,60,1
1780,1792,3
1780,605,3
1780,3156,4
1780,3076,2
1780,2763,4
1780,3070,3
1780,1487,3
1780,2877,1
1780,3807,3
1780,3425,4
1780,585,1
1780,165,1
1780,3497,1
1780,3219,4
1780,112,2
1780,552,3
1780,2058,4
1780,1343,3
1780,3911,1
1780,539,1
1780,1429,1
1780,367,2
1780,1672,1
1780,1061,2
1780,349,1
1780,2023,4
1780,1321,1
1780,2278,3
1780,2924,1
1780,3599,4
1780,339,3
1780,2395,4
1780,3189,4
1780,3081,3
1780,3100,4
1780,1271,4
1780,3481,1
1780,2268,4
1780,3296,3
1780,3350,4
1780,1246,1
1780,1183,1
1780,2872,4
1780,3551,1
1780,508,1
1780,3088,3
1780,3196,3
1780,2761,1
1780,2006,3
4543,806,1
4543,802,4
4543,493,4
4543,2232,4
4543,2759,2
4543,188,2
4543,2672,2
4543,803,1
4543,2712,2
4543,2271,2
4543,2278,2
4543,785,1
4543,3036,2
4543,2600,3
4543,3008,1
4543,1704,1
4543,3950,4
4543,3747,2
4543,1951,2
4543,3327,3
4543,1272,3
4543,3949,2
4543,1295,4
4543,2966,3
4543,1203,3
4543,1256,4
4543,1946,4
4543,1201,2
4543,1299,2
195,1884,4
2594,1210,3
2594,1196,1
2594,260,2
2594,2628,3
3471,785,4
3471,3773,4
3471,3360,3
3471,6,2
3471,1653,1
3471,1645,2
3471,2318,3
3471,2128,4
3471,1680,1
3471,1683,3
3471,3718,3
3471,3906,3
3471,45,4
3471,514,1
3471,431,3
3471,3893,1
3471,21,1
3471,125,2
3471,2686,2
3471,2529,1
3471,94,4
3471,915,1
3471,3783,2
3471,2952,1
3471,3101,2
3471,1594,4
3471,1235,4
3471,2819,3
3471,2140,2
1943,1649,1
2232,3826,1
2232,3745,4
2232,3863,4
624,1719,1
624,2966,4
624,1248,4
624,417,1
496,3742,2
2872,2707,2
1113,1204,3
424,901,1
102,953,2
102,2206,4
102,1269,3
102,930,1
102,943,1
102,2398,2
102,928,4
102,913,2
102,906,1
102,2935,1
102,3435,3
102,951,2
102,924,4
102,1084,2
102,1219,1
102,1207,2
102,1952,2
102,3468,2
102,750,4
2395,2988,2
5689,101,3
5689,1242,3
1088,2076,2
1088,3720,2
1088,1930,2
1088,2917,2
1088,3623,2
1088,2491,2
1088,648,2
2910,3666,4
2910,1975,4
2910,1342,4
2910,2167,2
4126,1374,3
5397,3504,2
5397,3006,2
5397,2628,1
5397,3871,3
5397,969,3
5397,1262,4
5397,1097,3
5397,1244,1
5397,912,1
5397,1212,1
5397,1032,1
5397,1035,4
5397,1947,1
5397,1028,4
5397,2366,1
5397,1348,4
5397,2160,3
5397,1258,4
5397,2648,2
5397,3435,3
5397,1617,3
5397,2025,1
5397,922,1
5397,948,1
5397,949,2
5397,2513,1
5397,3275,2
5397,3882,2
5397,2132,2
5397,909,4
5397,429,1
5397,2073,2
5397,428,1
5397,2145,2
5397,2315,2
5397,1517,3
5397,2683,1
5397,2395,2
5397,101,1
3824,518,3
3824,1722,2
3693,2804,4
4258,2043,4
4258,1016,4
4258,1032,1
4258,2183,4
4258,1086,1
4258,1104,1
4258,904,4
4258,1029,4
4258,596,4
4258,953,3
2898,3893,3
2898,3892,3
4934,1393,1
4934,1873,2
4934,1704,2
4934,1643,4
4934,300,3
4934,150,1
4934,593,2
4934,1902,3
4934,2858,2
3262,1569,4
3262,3911,4
3262,1449,2
229,1097,3
229,595,2
229,1224,3
229,593,1
229,589,2
229,2746,3
229,1799,3
229,3255,1
229,1037,4
229,1391,4
229,1282,4
229,2428,4
229,2718,2
229,2012,1
229,1909,4
229,1805,2
229,1747,4
229,1231,2
229,2657,1
229,62,2
229,172,2
229,3360,3
229,2301,4
229,2504,3
229,3050,1
229,161,1
229,1509,1
229,260,1
229,2628,1
229,1210,3
229,1196,2
229,1441,3
229,2676,4
229,2431,4
229,2154,1
229,2688,4
229,455,3
229,2447,3
229,2316,3
229,1833,3
229,2002,3
229,1918,2
229,724,4
229,1488,1
229,2025,2
229,2059,1
229,2771,4
229,1416,3
229,3186,2
229,86,2
229,1884,1
229,2541,4
229,1816,1
229,3425,4
229,2433,2
229,2766,1
229,2297,3
229,2062,1
229,848,1
229,3173,4
229,2590,1
229,1711,3
229,1589,3
229,2305,3
229,766,3
229,3174,4
229,1735,3
229,3723,1
229,647,3
229,2231,3
229,3115,3
229,3107,3
229,1059,3
229,3176,3
229,1897,1
229,3148,3
229,34,1
229,1639,2
229,26,4
229,3178,3
229,265,2
229,1729,4
229,175,4
229,1393,4
229,2712,4
229,2890,4
229,3160,4
229,3147,3
229,608,1
229,110,2
229,2442,3
229,318,4
229,3857,3
229,3910,2
229,3785,2
229,3177,3
229,3617,3
229,3851,2
229,3831,2
229,3948,4
229,3786,1
229,3882,1
229,3189,2
229,3943,3
229,3717,4
229,3452,1
229,3555,4
229,3563,3
229,3744,2
229,3536,3
229,3326,3
229,3745,3
229,3863,3
229,3285,1
229,3453,2
229,3825,4
229,3513,1
229,3594,4
229,3578,2
229,3915,3
229,3298,4
229,3510,2
229,3317,3
229,3598,3
229,3554,4
229,3949,3
229,3897,4
1165,1183,1
1943,1030,3
1943,2137,1
1943,2085,1
349,1270,1
5312,994,2
5312,3006,1
5312,529,1
3041,2054,3
3041,1680,4
424,3070,4
424,1627,3
3550,1032,4
3550,2572,1
5331,910,3
5331,110,1
3693,3000,4
1306,162,4
1579,1247,4
3054,3022,2
3054,3448,1
3054,2348,3
3054,592,4
3054,1246,3
3054,2926,2
3054,1968,2
3054,1961,4
3054,1240,1
3054,2987,4
3054,2797,2
3054,2918,2
3054,1222,4
3054,2076,4
3054,1079,2
3054,2791,1
3054,3608,1
3054,1185,2
3054,1199,4
3054,1300,1
3054,2930,3
2176,1214,1
343,923,2
343,1962,3
343,2616,2
1125,1602,2
5543,3608,2
5543,1225,1
5543,1193,2
5543,1307,1
5543,223,2
5543,1373,1
5543,3882,4
4579,3207,4
4579,2664,1
4579,2194,1
4579,199,1
4579,2105,1
4579,45,2
4579,1240,4
4579,1190,4
4579,3849,1
4579,318,3
4579,3871,4
4579,2278,1
4579,2289,2
4579,1913,4
4579,2084,3
4579,1267,3
4579,3203,2
424,1923,1
424,2580,2
424,3576,4
424,3186,4
424,1988,2
102,2942,4
102,2990,2
102,3791,2
102,2054,1
102,1722,3
102,3548,1
102,3635,1
102,10,4
102,851,1
102,2926,2
102,555,4
102,3039,1
102,1095,3
102,2949,1
102,2863,1
102,931,2
102,2947,4
102,595,4
102,1179,4
102,933,4
102,1097,2
102,1266,4
102,923,1
102,2987,3
102,2714,1
102,3798,4
102,2337,4
102,2763,1
102,3176,4
102,3157,3
102,2070,2
102,2396,2
102,2841,1
102,2700,1
102,2485,1
102,1513,2
102,2692,2
102,2724,1
102,2395,2
102,2686,4
102,24,2
102,2723,2
102,2502,3
102,3219,2
102,3160,2
102,2390,1
102,2761,1
102,2580,4
102,2333,3
102,2959,2
102,2599,2
102,2575,2
102,2336,1
102,2369,2
102,2434,1
102,3952,3
102,2722,1
102,2541,4
102,3786,3
102,2355,1
102,3863,3
102,2908,3
102,2975,2
102,2997,2
102,2683,1
102,2858,4
102,3754,3
102,3580,4
2841,3858,1
2841,3564,1
3017,1814,1
1142,858,4
195,3593,4
2122,1263,2
2122,1208,4
2176,319,3
4305,3435,4
4305,1990,3
4305,2947,1
4305,317,4
4305,3639,1
4305,3791,1
4305,1722,3
4305,3635,3
4305,2990,2
4305,2949,2
4305,2006,2
4305,1266,4
1421,3039,3
3125,1375,1
3125,2990,4
3125,3791,4
3125,3639,1
1088,3654,1
131,899,1
195,2488,2
195,942,2
2071,2942,2
2071,2054,4
2071,3791,4
2071,1095,2
2071,2926,3
2071,1179,1
5011,1205,2
3013,1682,1
4600,489,4
4600,2628,4
3550,2987,1
3693,249,4
5222,377,1
5222,911,1
5222,1380,2
5222,3675,1
5222,3606,4
5222,3438,1
5222,1982,2
5222,2747,4
5222,1994,3
5222,1997,2
5222,924,2
5222,3564,2
5222,3248,2
5222,239,3
5222,420,2
5222,788,4
5222,3033,4
5222,1911,2
5222,2683,1
5222,2413,3
5222,2003,4
5222,3247,1
5222,500,4
5222,1409,4
5222,252,3
5222,11,2
5222,3253,1
5222,3868,1
5222,3052,1
5222,2797,3
5222,3060,4
5222,3360,2
2063,2348,2
5222,1889,4
5222,2858,4
5453,41,4
5453,913,4
5453,1127,4
2242,3440,3
2242,1275,4
2242,2143,1
1088,3743,3
1088,2672,2
3368,2772,2
3368,3301,3
1019,252,3
424,2959,4
5312,1246,1
195,173,3
184,1919,4
184,986,2
184,1073,3
184,1566,4
184,2294,2
184,2090,1
184,2085,1
184,2081,1
184,1022,2
184,2687,4
184,1032,2
184,1848,1
184,2096,1
184,1028,1
184,2138,2
184,551,4
184,594,4
184,364,1
184,2355,4
184,2078,1
184,2140,4
184,2087,3
184,2080,2
184,1907,3
184,596,2
184,3751,2
184,588,3
184,34,4
184,2018,1
184,1,4
184,262,2
184,3396,3
184,919,4
184,2942,3
184,2054,2
184,3791,3
184,1375,3
184,317,2
184,1380,3
184,2990,4
184,2083,2
184,2106,1
184,1722,4
184,2949,3
184,3635,2
184,10,1
184,3639,4
184,2947,3
184,1179,1
184,595,1
184,1097,4
184,933,3
184,1266,4
184,1225,1
184,296,1
184,923,1
5312,2124,1
5312,3712,2
1605,2837,1
5312,3174,1
5312,2102,2
5312,2779,4
5312,514,1
5312,3911,2
5312,3317,3
4868,2926,3
4868,595,4
5636,3704,4
5636,1882,1
5636,1302,1
5636,2390,2
5636,2745,3
5636,3536,3
5636,1084,1
5636,2211,1
424,3518,2
4582,1213,4
4582,923,1
4582,3429,2
4582,218,1
1500,1442,2
1500,2054,3
1500,3791,3
1500,2942,3
1500,317,4
1500,1380,3
1500,1722,1
1500,500,3
1500,1179,4
1500,296,1
1500,3471,3
4744,2340,3
4744,2150,3
4744,2792,2
4744,594,4
4744,590,1
4744,2154,1
4744,3812,1
4744,719,1
4744,2929,3
4744,3167,3
4744,2366,4
4744,3408,1
4744,2795,4
4744,1278,3
4744,1207,4
4744,1198,4
4744,1267,4
4744,480,4
4744,858,3
4744,1084,1
4744,2917,3
4744,2398,2
4744,920,1
4744,2987,1
4744,1214,4
4744,1,4
4744,1258,1
4744,2791,1
4744,924,4
4744,3260,3
4744,2018,3
4744,2997,2
4744,1265,4
4744,3504,4
4744,34,1
4744,3471,1
4744,1231,3
4744,595,2
4744,1957,1
4744,596,4
4744,1997,2
4744,954,2
4744,1208,4
4744,1225,2
4744,1230,1
4744,1228,4
4744,1196,3
4744,3159,2
4744,969,1
4744,1252,3
4744,3114,4
4744,1250,4
4744,912,3
4744,1219,2
4744,1203,4
4744,1213,4
1733,2481,4
2176,2165,1
2176,2359,4
2176,1413,1
2176,1060,1
2176,3181,4
2176,2966,4
2176,2702,3
2176,1454,3
2176,3081,2
2176,1921,2
2176,2302,1
2176,3948,4
2176,785,1
2176,2952,4
2176,1095,3
2176,69,4
2176,2959,2
2176,1649,4
2176,2021,4
2176,1246,4
2176,3679,2
2176,441,1
2176,2804,4
2176,3671,2
2176,2706,4
2176,2329,3
2176,2572,3
1165,253,2
1165,317,3
4744,260,3
4744,2858,3
4744,593,3
4744,329,2
4744,3430,3
911,2641,4
911,3500,3
911,3591,1
911,2803,3
911,230,1
911,3686,2
911,3247,2
911,2724,1
911,3141,2
911,2424,3
911,1485,4
911,3101,2
911,708,1
911,3809,2
911,3168,2
911,2763,4
911,1101,1
911,1012,4
911,2090,1
911,3873,1
911,3682,2
911,1343,3
911,2951,3
911,2401,2
911,2472,3
911,1923,2
911,491,1
911,3668,2
911,3685,4
911,1641,2
911,452,3
911,539,2
2077,1097,2
911,3503,2
911,599,1
911,1233,3
911,1940,1
487,1727,3
424,3788,2
424,2841,3
424,2599,4
1101,1503,1
1101,2926,2
1101,1283,4
1551,2208,3
2841,3852,4
2841,3593,1
195,3504,3
5539,930,2
1306,361,4
1306,656,3
343,1584,2
696,899,1
696,2959,4
1203,512,4
1203,2942,3
1203,2054,3
1203,3791,4
1203,1346,4
1203,1375,3
1203,851,2
1203,2990,1
1203,317,3
1203,933,2
1203,2797,2
1203,2947,4
1203,3639,4
1203,1097,2
1203,916,4
1203,950,4
1203,3503,4
1203,1193,1
1203,1289,4
1203,1283,2
1203,899,4
1203,1204,4
2105,3827,3
2105,3007,4
2105,162,1
2847,2541,3
2847,3671,3
2847,216,2
2847,3083,3
2847,1258,3
2847,940,1
2847,3948,3
2847,1556,1
2847,2798,4
2847,355,4
2847,1562,1
2847,2515,2
2847,172,3
2847,1681,1
2847,153,3
2847,2389,3
2847,3257,2
2847,432,4
2847,2514,3
2847,442,3
2847,2036,2
2847,1431,3
2847,3,2
2847,2060,2
2847,3248,4
2847,2803,2
2847,2002,3
2847,1027,3
2847,2496,2
2847,350,3
2847,44,2
2847,2485,2
2847,1405,1
2847,1042,4
2847,5,3
2847,2004,3
2847,999,1
2847,3686,4
2847,3148,3
2847,1485,3
2847,2302,2
2847,2391,2
2847,529,4
2847,2324,3
1954,2390,2
4277,3262,2
795,2283,1
795,3039,2
3285,3358,1
306,1097,3
306,1193,3
1524,3082,1
1524,10,1
349,1235,4
2316,3752,2
2316,3785,4
2316,3948,4
2316,3301,1
2316,3911,3
2316,3897,4
2316,2942,3
2316,317,2
2316,500,3
2316,3639,1
3462,3741,4
2316,2949,4
2316,3635,2
2316,1097,4
2316,2959,1
5100,2692,2
5100,2890,3
3054,1260,2
2462,3911,3
3693,293,2
1088,2115,3
1088,650,3
1088,247,4
1088,230,4
4647,3866,4
1425,1223,1
1425,529,4
1425,144,4
1425,1454,2
1425,320,2
1425,1810,1
1425,3865,2
1425,3174,3
1425,171,4
1425,1416,2
1425,348,1
1425,1883,1
1425,1513,3
1425,3830,4
1425,3484,4
1425,3825,2
1425,3511,1
496,904,4
496,3730,1
1425,3831,1
1425,2769,2
1425,441,3
1425,3742,1
1425,912,4
1142,1952,1
4842,2968,3
2462,32,1
3259,2692,4
2688,3555,2
195,2113,2
306,2371,1
306,356,1
424,2439,1
424,2600,2
4258,2146,4
4258,2261,4
4258,2420,1
4258,2787,2
4258,1347,1
4258,3480,4
4258,1321,3
4258,1124,2
4258,1246,1
4258,2114,4
4258,1302,4
4258,1957,4
4258,3098,4
4258,1956,1
4258,1293,4
4258,3360,4
4258,1225,1
4258,1228,3
424,1748,3
424,497,3
424,94,3
424,1785,2
424,198,3
424,3710,2
424,1955,2
424,1271,2
1733,2330,4
1451,923,2
1451,904,3
1451,1187,4
1451,2682,1
1451,3515,4
1389,1758,4
1389,2071,1
1389,3252,3
1389,3723,3
1389,1810,2
1389,539,3
1389,2268,4
1389,728,4
1389,2108,1
1389,3418,1
1389,3105,2
1389,1271,4
1389,62,1
1389,337,3
1389,2542,4
1389,2502,3
1389,300,2
1389,1641,1
1389,58,3
1389,2357,3
1389,1095,2
1389,1694,4
1389,1183,4
195,3062,1
1165,3398,1
5333,1621,3
1301,2712,2
1389,1254,1
1389,1921,4
1389,1348,4
1389,1242,3
1389,1339,3
1389,1917,4
1389,3363,2
1389,3952,1
1113,3629,2
1113,1254,3
3312,3830,3
3312,3317,2
3312,3556,4
2462,903,3
2462,260,4
2462,196,2
2462,904,4
2462,1219,1
2462,2083,2
2462,2571,3
2462,1391,1
2462,2078,1
2462,2301,1
2462,849,3
2462,2470,3
2462,2407,4
2462,2804,2
2462,2040,4
2462,3552,1
2462,2163,1
2462,19,3
2462,2031,4
2462,1299,4
2462,2922,1
2462,590,4
2462,2921,1
2462,912,2
2462,3675,4
2462,2857,3
2462,1951,3
2462,899,4
2462,1387,2
2462,1702,3
2462,2043,4
2462,2105,4
2462,2628,4
2462,2015,3
2462,150,4
2462,3871,1
2462,3467,2
2462,908,1
2462,1247,2
2462,2398,3
2462,923,1
2462,3504,3
2462,2081,4
2462,3398,2
2462,2140,2
2462,3397,2
2462,2761,2
2462,10,2
2462,1262,2
2462,480,3
2462,1610,4
2462,1291,4
2462,592,3
2462,2947,1
2462,1036,2
2462,110,1
2462,2987,3
2462,1374,4
2462,1584,4
2462,3702,4
2462,2662,2
2462,3703,2
2462,3793,2
1088,471,1
1088,3910,1
1088,3901,4
1834,2797,1
1834,2013,2
1834,968,3
1834,3219,1
1834,2574,3
1834,1959,2
1834,2147,2
1834,3016,1
1834,3005,1
1834,2710,4
1834,2699,2
1834,3155,4
1834,3534,2
1834,1127,1
1834,2288,2
4950,2863,2
4950,1193,1
4950,2926,2
4950,2947,1
4950,1225,2
4950,1283,3
4950,933,4
4950,916,3
3562,724,2
2092,518,3
2092,3791,3
343,208,2
343,2243,3
343,2034,1
2063,3915,4
2063,436,3
4647,351,2
2176,3363,1
3413,3135,2
1733,3503,4
5011,2167,3
4802,2019,1
4802,31,2
306,2329,4
1958,2355,3
4448,2053,4
4448,2004,4
4448,808,3
2947,1732,3
1101,48,1
1101,2017,3
1101,1288,4
1101,1023,4
1101,1916,3
1088,1020,4
1088,3825,2
1088,2871,4
1088,3545,2
1088,1092,1
1088,3535,4
1088,2130,1
1088,3004,2
1551,3949,3
1733,125,2
1733,846,4
1755,2085,3
1755,2161,1
1755,2096,3
1755,596,3
1755,531,2
1755,1025,1
1755,2355,1
1755,2137,3
1755,3751,4
1755,1907,2
1755,2018,3
1755,1754,2
1755,1909,2
1755,924,2
1755,1541,1
1755,1457,1
1755,252,4
1755,1821,4
1755,2443,2
1755,736,3
1755,7,1
1755,2469,1
1755,2572,2
1755,339,3
1755,2978,1
1755,469,4
1755,3536,4
1755,802,1
1755,1569,4
1755,1895,1
1755,2006,4
1755,2125,3
1755,289,4
1755,1735,1
1755,3081,1
1755,2671,4
1755,1947,3
1755,3108,3
1755,543,2
1755,1777,3
1755,1339,1
1755,222,1
1755,2502,2
1755,1059,1
1755,911,3
1755,3897,1
1755,2762,4
1755,1104,1
1755,1207,4
1755,94,1
1897,3536,4
1897,3823,1
1897,3855,4
1897,3783,2
1897,3949,1
1897,2701,4
1897,2702,3
1897,2724,4
1897,43,2
1897,2560,2
1897,2598,4
1897,2758,4
1897,2443,2
1897,968,3
1897,3606,3
1897,2622,1
1897,2713,3
1897,2761,3
1897,3175,4
1897,2688,1
1897,2434,4
1897,2369,3
1897,2881,1
1897,2355,3
1897,2976,3
1897,3516,1
1897,2770,3
1897,2699,2
1897,2188,4
349,2186,1
518,22,1
518,3015,2
518,2357,4
518,1344,2
518,1343,3
518,955,2
518,2917,2
518,3298,3
518,2797,4
518,2174,2
518,1292,4
518,2314,4
518,1031,1
518,3912,4
518,2967,3
518,1269,4
518,3548,2
518,1695,4
518,2539,4
3512,3911,3
518,3250,3
518,1320,4
518,1214,1
518,3251,1
518,2505,4
518,3578,3
518,2390,1
2847,1247,4
2122,500,4
2122,1295,3
2122,3039,4
2122,3471,4
1551,2076,1
1019,2872,2
5841,921,4
3842,1194,1
3842,2163,2
3842,1367,3
3842,2378,4
3842,818,1
3842,3869,4
3842,830,4
3842,1391,1
3842,1405,3
3842,2002,1
3842,500,2
3842,2049,3
3842,3157,3
3842,294,4
3842,3052,1
3842,2424,2
3842,2567,1
3842,317,3
3842,2622,3
3842,1020,1
3842,3253,2
3842,2436,2
3842,1848,2
3842,2136,3
3842,3928,1
3842,585,2
3842,2081,2
3842,539,3
3842,3398,1
3842,2243,4
4058,3007,2
3436,3689,1
3436,2551,2
3436,547,4
3436,427,1
3436,2471,4
3436,2456,3
3436,2399,1
3436,1394,4
3436,3101,2
3436,1985,3
3436,1136,1
3436,1721,2
3436,372,4
3436,1954,2
3436,1377,4
3436,1370,3
3436,1371,4
3436,2005,1
3436,2474,2
3436,1091,1
3436,2693,3
3436,2055,1
3436,3093,4
3436,2016,3
3436,3682,2
3436,1007,4
3436,2817,2
3436,1920,4
3436,516,3
3436,1445,4
3436,2322,3
3436,2818,4
3436,688,1
3436,466,1
3436,1391,4
3436,3053,3
3436,1586,1
3436,1183,1
3436,780,2
3436,1676,1
3436,2427,2
3436,151,4
3436,1408,1
3436,1619,1
3436,1233,3
3436,356,4
3436,2890,1
3436,161,3
1121,3897,3
5181,2476,1
5181,296,1
5181,3753,1
5181,2723,4
5181,3354,2
5181,3578,2
5181,2881,1
5181,2433,3
5181,2355,4
5181,3751,3
5181,3004,3
5181,3155,1
5181,1127,2
5181,2628,1
5181,260,3
5181,1196,2
2947,45,1
2947,2700,4
2947,2318,4
2947,356,3
2947,1777,3
2947,1571,1
2947,457,2
2947,2291,4
2947,508,3
2947,1719,1
3041,2542,4
1306,339,3
3054,1217,2
3054,371,1
3054,178,4
3054,1660,4
3054,69,3
3054,2302,4
3054,3253,2
3054,70,1
3054,1732,4
3054,537,4
3054,2171,4
3054,2841,4
3054,2083,3
3054,3052,4
3054,2434,1
3054,2542,1
3054,581,1
3054,1057,1
3054,1147,4
3054,2696,3
3054,1910,3
3054,17,3
2947,2729,2
2947,2973,4
2947,2918,4
2947,1259,2
2947,1225,1
2947,3424,1
2947,296,3
2947,3324,3
2947,3752,2
2947,3852,4
2947,3515,4
2947,3794,1
2947,3618,2
2947,3535,4
2947,3751,3
518,296,3
518,904,1
518,1201,1
518,930,3
2947,1343,2
2947,551,2
2947,3255,2
2947,1680,4
2947,377,3
2947,1856,4
2947,2712,3
2947,3261,1
2947,2384,3
2947,1407,3
2947,39,4
2947,1923,1
2947,1500,2
2947,766,4
2947,1648,2
2947,345,4
2947,94,1
2947,538,2
2947,2596,2
2947,3179,1
2947,1060,2
2947,3252,3
2947,1729,3
2947,1639,4
2947,440,1
2947,492,4
2947,2580,1
2947,3044,2
2947,1641,2
2947,2677,1
2947,3129,1
2947,1784,4
2947,1704,3
2947,16,1
2947,2502,4
2947,3266,1
2947,3476,2
2947,3176,1
2947,357,2
2947,2571,1
2947,1449,2
2947,562,4
2947,1223,3
2947,3418,1
2947,47,4
2947,1594,1
2947,1041,2
2947,3007,4
2947,1266,4
2947,3083,1
2947,2599,4
2947,527,3
2947,1966,4
2947,1673,2
2947,1834,4
2947,3396,4
2947,915,3
2947,3911,2
2947,1148,1
2947,1537,2
2947,1172,2
2947,2395,2
2947,1265,3
2947,246,3
2947,1288,2
2947,608,1
2947,1678,3
2947,2959,2
2947,1393,3
2947,778,4
2947,3897,1
2947,1089,2
2947,3481,4
2947,1916,4
2947,3108,2
2947,2248,3
2947,2692,4
2947,3499,3
2947,1258,3
2947,535,3
2947,3948,4
2947,994,4
2947,1079,2
2947,1307,2
2947,1077,1
2947,1635,3
2947,1394,4
2947,2289,2
624,1245,1
2947,1136,2
2947,1276,3
624,1244,4
2947,2859,2
624,3751,2
2947,904,2
2947,908,4
2947,1244,1
2947,2858,2
2947,1247,4
2947,3201,3
2947,903,1
2947,2132,1
2947,2997,1
2947,593,4
2947,288,1
2947,1197,4
2947,101,2
2947,1230,1
2947,417,2
2947,1617,1
2947,1080,1
2947,480,3
2947,902,4
424,353,2
4816,3317,3
4816,3753,3
4816,3911,2
4816,3915,1
4816,2769,1
4816,3916,2
4816,3852,4
4816,1446,4
4816,290,1
4816,2692,1
4816,232,1
424,2722,2
424,3053,1
424,3543,4
424,3052,1
3259,3386,1
1165,2236,1
3259,293,4
3259,367,3
3259,3864,2
3259,3744,3
3259,3948,2
3259,3598,3
3259,3949,4
3259,1348,3
3259,3499,2
3259,1483,1
2047,3114,4
4582,1356,1
4582,2406,4
4582,592,4
4582,2640,3
4582,3104,4
4582,2529,4
4582,2662,2
4582,1374,3
4582,1220,4
4582,2194,4
4582,1196,2
4582,1036,2
4582,1242,1
4582,3037,4
3391,3448,4
3391,1968,4
3391,3107,1
3391,19,4
424,509,3
424,647,2
424,3007,2
424,69,2
4647,1344,3
4647,2630,2
1088,1921,3
3592,2310,3
195,1953,3
2969,2054,3
2969,2004,4
2969,317,4
2969,2990,3
2969,1722,2
2969,2083,3
2969,500,1
2969,3635,2
2969,10,1
2969,3039,2
2969,2949,1
2969,1035,4
2969,1097,3
1897,2054,2
1897,851,2
1897,3791,3
1897,2083,1
2969,2959,3
2969,2947,3
2969,555,3
1897,3740,4
1897,317,3
2969,296,4
1897,2145,2
1897,1650,1
1897,1038,4
1897,933,1
1897,931,3
1897,3548,3
1897,3097,4
1897,899,2
1186,3205,1
1186,2644,1
1186,2232,4
1186,2571,2
1186,3471,4
343,1517,4
3054,902,2
3172,2019,2
3172,720,3
3172,2692,2
3172,912,1
3172,1208,4
3172,800,2
3172,1193,1
3172,1252,3
3172,750,2
3172,2997,2
3172,2707,1
3172,2683,3
3172,2706,2
678,202,4
1958,2501,1
1733,2243,1
1306,10,1
1125,1888,4
5682,3358,4
2489,1414,3
3732,2352,1
3732,2442,4
3732,232,1
3732,3396,4
3732,2194,1
3732,1291,1
3732,1210,1
3732,497,2
3732,1136,4
3732,2926,4
3732,1196,2
3732,318,1
3732,25,3
3732,3507,1
5300,1178,3
5300,1208,2
5300,1228,3
5300,912,3
5300,919,4
5300,296,2
5300,1080,1
5300,3481,4
5300,2863,2
5300,3819,3
5300,2973,4
5300,1292,3
5300,1078,1
5300,3067,4
5300,947,4
5300,2936,2
5300,3929,4
5300,1211,3
5300,3925,3
5300,3424,3
169,2937,3
737,3863,2
737,2810,4
737,2628,1
737,1215,4
737,3328,2
737,1639,2
737,180,2
737,288,4
737,2968,2
737,2890,3
737,1210,2
737,1196,4
737,1234,4
737,2702,2
737,260,2
737,1356,1
737,3033,3
737,535,4
737,593,2
737,318,2
737,3785,4
737,2724,3
737,2028,1
737,373,1
737,2300,2
737,1103,2
737,1219,1
737,1945,4
737,2321,2
737,930,1
737,1080,1
737,3462,2
737,3623,3
737,2571,2
737,1028,2
737,913,2
737,953,4
737,1247,3
737,1221,4
737,3578,4
737,3408,2
737,1527,1
737,2413,3
737,3471,1
737,1884,3
737,3949,4
3519,232,2
424,89,4
424,3475,1
1120,1726,4
1120,1760,1
1120,2701,4
1120,1707,4
1120,489,2
1733,3143,4
1120,2338,4
1120,3243,4
1120,118,3
1120,3826,1
1120,275,3
1120,256,1
1120,3156,1
1120,1665,4
1120,1835,1
1120,674,1
1120,3638,3
1120,552,3
1120,3287,3
1120,237,3
1120,3082,3
1120,1884,3
1120,494,4
1120,2628,2
1120,3686,3
1120,2714,4
1120,3831,1
1120,2432,4
1120,1895,2
1120,3591,3
1120,2145,4
1120,2600,4
1120,2499,4
1120,3534,3
1733,2987,2
1120,2273,2
1120,1464,1
1120,2009,1
1120,2770,2
1120,1366,3
1120,3099,3
1120,1672,4
1120,2985,2
1120,1408,4
1120,3624,1
1120,2671,3
1120,2915,4
1120,3148,2
1120,3317,1
1120,1302,2
1120,3893,3
1120,2890,2
1120,2194,2
1120,3429,1
1120,534,4
1120,2398,4
1120,111,2
1120,3000,1
1120,2789,3
3080,3328,3
1101,515,4
1101,2950,3
1101,2301,1
1101,999,1
1252,2130,4
4958,216,2
1246,282,1
2063,3616,2
2063,2769,1
2407,1826,2
2407,3157,2
1088,2769,2
1088,2570,3
2407,1919,1
2407,2384,2
1088,3296,1
1088,1101,2
1088,3745,1
1088,45,1
2407,3396,2
2407,596,4
2407,594,1
2407,1073,2
2407,2018,2
2407,3114,4
2407,1,2
1088,3712,3
1088,3217,3
2407,945,1
2407,907,1
2407,1934,3
1088,3785,3
1088,2248,3
1088,1258,2
1088,190,2
2407,3868,3
2407,2081,1
1088,2176,4
1088,293,1
2407,2174,4
2407,3039,2
2407,2973,2
2407,1238,4
2407,1211,2
2407,2716,2
1088,1417,1
1088,2443,1
1088,1885,1
1088,3507,4
1088,282,4
1088,1603,1
1088,1047,2
1088,1391,4
1088,1727,2
1088,3549,1
1088,1982,3
1088,1285,2
1088,1635,4
1088,2062,3
1088,2940,1
1088,125,1
1088,1034,3
1088,1049,4
1088,3238,1
1088,2428,1
1088,1605,3
1088,2125,4
1088,2474,3
1088,1597,4
1088,2546,3
1088,222,4
1088,1587,4
1088,164,3
1088,441,2
1088,39,3
1088,22,2
1088,3594,4
1088,3944,4
1088,3257,1
1088,2770,4
1088,218,2
1088,1171,2
1088,2842,4
1088,2870,1
1088,935,1
1088,2445,2
1088,1917,2
1088,85,2
1088,1148,4
1088,1278,3
1088,1934,1
1088,3350,2
1088,2321,2
1088,2300,2
1088,2686,2
1088,2762,2
1088,2289,2
1088,1948,3
1088,1,4
1088,593,1
1088,3035,4
1088,2333,4
1088,3078,3
1088,1223,1
1088,1247,3
1088,2080,1
1088,1387,3
1088,2944,4
1088,3928,3
1088,3730,2
1088,745,1
1088,1269,3
1088,955,1
1088,36,4
4831,3088,2
4834,3700,3
4834,3893,4
5539,2677,1
5394,3362,2
5394,1835,4
424,232,4
424,2781,2
424,22,3
424,2132,1
424,599,1
195,3090,1
4085,415,3
4085,1380,4
2362,3911,2
343,19,2
343,2291,1
343,2194,4
343,589,1
231,3505,2
231,3397,2
231,2918,4
231,2797,1
231,2110,3
231,2194,3
231,1246,1
231,1220,3
231,1674,3
231,1286,4
231,2248,4
231,2144,3
231,1307,2
231,1036,4
231,2000,4
231,3361,2
231,1198,4
231,1196,2
1851,1273,2
1329,2067,4
4958,2014,4
1551,1204,2
4579,551,3
4579,492,4
4579,2995,1
4579,2579,2
4579,3627,1
4579,1377,1
4579,3855,2
4579,2511,4
1352,3416,4
1352,2427,3
1352,3176,3
1352,1245,1
1352,1132,4
1352,2732,2
1352,2983,2
1352,1872,1
1352,1213,3
1352,1221,3
1352,3538,3
1352,3470,3
1352,3221,4
1352,2731,4
1352,2964,4
3412,427,1
1088,2943,1
1088,3365,4
1088,2732,3
1088,1172,1
1088,1942,4
1088,3649,4
1912,3712,1
1194,2143,4
1194,1290,3
1194,2105,4
1194,2001,3
1194,2011,3
1194,3791,3
1194,1088,4
1194,1347,2
1194,3397,3
1194,1395,2
1194,1289,1
1194,3527,4
1194,2746,2
1194,1663,3
1194,2407,2
1194,3649,3
1194,2150,4
1194,2474,3
1194,1297,2
1194,2114,3
1194,1302,2
1194,2243,1
1194,1186,4
1194,1199,3
1194,1006,2
1194,2340,1
1194,838,2
1194,627,4
1194,1885,3
1194,523,1
1194,357,3
1194,3100,2
1194,866,3
1194,1907,2
1194,2442,4
1194,52,3
1194,475,2
1194,1516,4
1194,515,3
1194,1673,2
1194,2437,1
1194,1834,3
1194,16,4
1194,2959,3
1194,2890,1
1194,1873,1
1194,2997,4
1194,2336,2
1194,3160,3
1194,1719,3
5424,232,2
5359,3052,1
1125,1665,3
1755,3317,3
1755,1246,3
1755,1625,1
1755,1968,1
1755,337,1
1755,2395,2
1755,1967,2
1755,3549,3
1755,838,3
1755,1080,4
1755,1500,3
1755,2987,2
1755,3163,3
1755,1653,1
1755,594,1
1755,3418,3
1755,26,2
1755,25,3
1755,497,4
1755,1291,1
1755,1086,2
1755,934,3
1755,3174,1
1755,1271,2
1755,235,4
1755,1242,2
1755,2028,1
1755,1997,3
1755,1678,2
1755,2336,2
1755,260,4
1755,3095,3
1755,910,1
1755,2300,2
1755,1196,4
1755,1704,3
1755,1136,3
1755,608,1
1755,318,3
1755,1219,3
1755,28,1
1755,2935,3
1451,1186,1
1451,1237,3
1733,316,2
5312,2681,2
1194,2502,3
1194,1393,4
1194,1059,3
1194,1265,1
1194,17,2
1194,1191,2
1194,3182,1
1194,1827,4
1194,162,4
1194,1189,1
1194,246,4
424,3549,1
2841,2997,1
2841,1633,4
2841,1041,1
2841,512,3
2841,2682,1
2841,110,1
2841,978,3
1194,3260,1
1194,2262,4
1194,2136,2
1194,2241,2
1194,29,4
1194,1894,1
1194,754,4
1194,508,4
1194,724,2
1194,2473,3
1194,1550,2
1194,2382,2
1194,3007,1
1194,2762,2
1194,1707,4
1194,1835,4
1194,1003,2
1194,993,4
1194,2478,3
1194,1381,2
1194,3821,4
1194,2710,3
1194,587,1
1194,3156,2
1194,3715,4
1194,460,3
1194,1969,4
1194,3436,3
1194,2598,2
1194,2054,3
1194,3773,1
1194,2736,1
1194,3826,4
1194,216,1
1194,3219,3
1194,3249,1
1194,193,2
1194,499,1
1194,1921,4
1194,344,4
1194,3098,3
1194,1487,2
1194,1613,1
1194,3863,4
1194,3525,1
1194,2081,2
1194,2677,2
1194,550,2
1194,375,4
1194,2115,4
1194,2518,3
1194,2840,1
1194,1013,1
1194,277,4
1194,1676,4
1194,2240,1
1194,2734,3
1194,2272,1
1194,3710,2
1194,2341,1
1194,2379,2
1194,1752,1
1194,1735,2
1194,3450,4
1194,3206,1
1194,2574,1
1194,2639,2
1194,172,4
3020,356,3
3020,2919,1
3020,911,2
3020,1639,2
3020,933,3
3020,215,4
3020,2243,3
3020,902,4
3020,1226,2
3020,357,2
3020,25,4
3020,3685,2
3020,58,3
3020,1912,4
3020,1277,1
3020,2065,1
3020,1183,2
3020,2248,4
3020,3475,3
3020,17,2
3020,3554,1
3020,898,3
3020,915,1
3020,1674,1
3020,928,1
3020,1265,4
3020,2935,1
3020,1944,4
3020,1230,3
3020,1035,1
3020,1028,2
3020,918,1
3020,2941,4
3020,900,1
3020,3061,1
3020,2303,4
3020,3606,3
3020,1947,4
3020,3549,3
3020,914,2
3020,1288,3
3020,945,2
3020,2971,1
3020,3545,4
3020,899,1
3020,164,4
3020,3364,1
3020,3334,3
3020,1179,2
3020,942,4
3020,1284,1
3020,2203,3
3020,922,1
3020,541,4
3020,2987,3
3020,3114,4
3020,3176,4
3020,3157,1
3020,2070,1
3020,2763,4
3020,2762,3
3020,2961,2
3020,2724,4
3020,2395,2
3020,2692,1
3020,2686,2
3020,2013,3
3020,2502,2
3020,1959,1
306,2683,3
424,2326,4
424,176,1
2063,2851,1
2176,104,3
1733,1273,1
1352,1542,4
1142,2336,1
424,3182,3
424,3328,3
5312,2240,1
3054,3742,2
5063,2724,2
3285,2952,3
3462,904,2
4186,1943,1
4186,2032,3
4186,2262,2
1125,2315,3
1125,539,3
424,1841,3
424,3732,1
424,3340,4
3693,2248,3
4517,3436,2
4517,1059,1
1165,1193,4
1812,2226,3
5453,2288,1
3693,101,2
5996,3882,3
231,1127,3
4842,2579,2
4763,2544,1
1194,3567,2
1194,2772,2
1194,2794,2
1194,804,2
1194,2051,2
1194,518,2
1194,3688,1
1194,3208,3
1194,2471,4
1194,1503,3
1194,203,2
1194,4,2
1194,186,1
1194,2050,4
1194,673,3
1194,466,3
1194,1126,3
1194,3785,2
1194,2378,2
1194,2012,4
1194,3617,4
1194,2306,4
1194,3786,1
1194,2717,2
1194,818,1
1194,3869,4
1194,1904,4
1194,2416,1
1194,1391,1
1194,333,1
1194,1457,1
1194,180,4
1194,3694,2
1194,1409,1
1194,1353,1
1194,195,1
1194,1677,4
1194,2683,3
1194,7,1
1194,2724,4
1194,788,2
1194,3033,4
1194,1513,1
1194,2004,2
1194,2581,2
1194,2174,4
1194,785,4
1194,2369,4
1194,2134,2
1194,500,2
1194,3120,2
1194,542,1
1194,1135,1
1194,2436,3
1194,2111,3
1194,2423,2
1194,1380,3
1194,2469,2
1194,1485,3
1194,2424,2
1194,3809,3
1194,3831,3
1194,1569,4
1194,514,2
1194,141,2
1194,2371,1
1194,597,4
1194,3943,1
1194,3591,2
1194,543,4
1194,852,1
1194,2539,2
1194,1257,4
1194,3263,3
1194,122,4
1194,2463,1
1194,3614,1
1194,1392,2
1194,708,1
1194,339,2
1194,3852,3
1194,2100,2
1194,3361,3
1194,2155,1
1194,2457,1
1194,2261,2
1194,1517,4
1194,3052,3
1194,2108,2
1194,223,4
1194,753,1
1194,1042,1
1194,322,1
1194,1883,3
1194,1648,1
1194,2747,4
1194,2109,4
1194,2889,3
1194,2671,3
1194,3608,3
1194,1171,1
1194,3253,2
1194,2795,1
1194,1184,3
1194,1285,2
1194,1777,4
1194,2706,2
1194,2352,2
1194,1564,4
1194,2690,3
1194,3751,1
1194,3552,4
1194,2318,1
1194,3072,3
1194,39,3
1194,3308,3
1194,2302,4
1194,351,3
1194,1175,2
1194,3868,1
1194,3067,2
1194,539,2
1194,2359,2
1194,2770,4
1194,342,1
1194,2915,3
1194,2144,4
1194,356,4
1194,1500,1
1194,3039,1
1194,1914,1
1194,1923,3
1194,3556,2
1194,1641,3
1194,3210,3
1194,1079,2
1194,45,3
1194,705,1
1194,3481,2
1194,2918,3
1194,1747,3
1194,2395,1
1194,3317,3
1194,1394,4
1194,1537,4
1194,3911,4
1194,2791,1
1194,1270,2
1194,2797,1
1194,2599,1
1194,2396,1
1194,2064,2
1194,153,2
1194,2458,2
1194,2027,1
1194,1647,1
1194,2387,2
1194,2616,1
1194,1377,2
1194,1034,3
1194,592,3
1194,3247,2
1194,1620,1
1194,2112,2
1194,999,4
1194,367,4
1194,2278,4
1194,659,4
1194,2280,1
1194,2231,3
1194,1729,3
1194,117,3
1194,47,3
1194,2391,4
1194,1234,2
1194,50,4
1194,1556,4
1194,3877,2
1194,2422,2
1194,3442,1
1194,502,3
1194,2412,1
1194,2260,1
1194,15,2
1194,315,3
1194,485,3
1194,2411,4
1194,1587,1
1194,1431,2
1194,3441,2
1194,3717,2
1194,1388,1
1194,1100,3
1194,3316,1
1194,2402,2
1194,2468,3
1194,3257,2
1194,2881,2
1194,3898,4
1194,3555,2
1194,2409,2
1194,1687,1
1194,3744,3
1194,1876,3
1194,353,4
1194,2002,1
1194,3444,2
1194,2403,2
1194,2476,1
1194,780,4
1194,3755,4
1194,376,4
1194,1552,4
1194,3753,4
1194,3274,1
1194,1608,2
1194,1385,2
1194,1101,3
1194,2617,3
1194,494,2
1194,198,1
1194,2006,3
1194,2600,3
1194,3256,3
1194,3827,3
1194,3178,1
1194,1370,2
1194,1573,4
1194,2000,3
1194,2916,1
1194,2985,2
1194,1580,4
1194,2353,3
1194,377,2
1194,1408,1
1194,2058,1
1194,589,1
1194,1954,1
1194,457,1
1194,6,2
1194,2912,1
1194,2571,3
1194,474,4
1194,1240,1
1194,1036,2
1194,1387,2
1194,1422,4
1194,695,2
1194,1597,2
1194,2126,2
1194,1459,1
1194,350,4
1194,3476,2
1194,2583,3
1194,1645,1
1194,1625,3
1194,3386,1
1194,707,1
1194,3706,2
1194,2987,3
1194,1267,4
195,3088,3
1113,1178,3
5333,628,4
743,2395,4
743,101,3
743,720,2
743,2323,4
4647,2885,2
5132,1186,1
5132,1299,3
5132,1267,4
5132,928,2
5132,3551,4
5132,111,1
5132,541,2
5132,3260,3
5132,1939,1
5132,1208,2
5132,903,1
5132,945,4
5132,778,2
5132,1952,1
5132,1237,1
5132,1247,3
5132,899,1
5132,2491,2
5132,1250,2
5132,953,3
5132,955,3
5132,3730,1
5132,2019,2
5132,1945,4
5132,1233,4
5132,3359,1
5132,1225,4
5132,296,3
5132,3435,3
5132,910,3
5132,1280,4
5132,50,4
5132,3468,4
5132,608,3
5132,858,2
5132,1204,2
5132,3949,2
5132,1283,3
5132,750,4
5132,1136,2
5132,1217,2
5132,1252,1
5132,923,2
5132,912,1
5132,1207,1
5132,281,2
5132,2122,1
5132,2287,1
5132,3309,3
5132,2023,1
1194,300,2
1194,529,1
1194,337,1
1194,3246,1
1194,1287,3
1194,1674,3
1194,1208,2
1194,953,2
1194,2804,4
1194,2858,3
1194,923,1
1194,2242,3
1194,1918,2
1194,2421,4
1194,292,3
1194,2844,3
1194,218,3
1194,1801,4
1194,266,4
1194,2875,3
1194,2906,3
1194,1733,1
1194,2942,4
1194,1884,3
1194,3053,4
1194,1888,3
1194,450,4
1194,408,1
1194,1480,1
1194,2059,2
1194,1600,4
1194,2146,2
1194,424,1
1194,1814,4
1194,1366,1
1194,2447,4
1194,3250,3
1194,1586,3
1194,207,3
1194,2432,1
1194,3145,2
1194,361,1
1194,3502,4
1194,3700,2
1194,3107,3
1194,1416,2
1194,764,1
1194,1727,3
1194,11,3
1194,225,4
1194,1589,3
1194,2045,3
1194,802,3
1194,3844,4
1194,2771,3
1194,3810,3
1194,155,2
1194,2453,3
1194,1044,3
1194,230,4
1194,3478,3
1194,1959,2
1194,3173,4
1194,3699,4
1194,372,2
1194,105,2
1194,805,1
1194,3528,4
1194,454,1
1194,2427,2
1194,1721,3
1194,628,3
1194,1396,2
1194,766,2
1194,1841,2
1194,280,2
1194,3526,3
1194,3448,1
1194,1693,2
1194,511,4
1194,3181,4
1194,2145,2
1194,381,3
1194,3186,3
1194,345,2
1194,1399,4
1194,2420,1
1194,1061,3
1194,2291,2
1194,1357,4
1194,1741,4
1194,3261,3
1194,2283,4
1194,1273,1
1194,647,4
1194,851,1
1194,2071,2
1194,3128,2
1194,1672,2
1194,1958,4
1194,3298,3
1194,3255,2
1194,562,1
1194,477,1
1194,1840,3
1194,535,4
1194,3418,4
1194,1268,2
1194,2739,2
1194,3252,2
1194,1401,2
1194,1120,3
1194,1498,4
1194,3578,1
1194,3270,2
1194,1246,3
1194,2268,3
1194,1542,4
1194,3148,3
1194,1271,2
1194,3510,1
1194,1968,1
1194,1759,2
1194,3125,3
1194,3480,2
1194,1788,4
1194,3078,2
1194,3350,1
1194,2194,4
1194,1678,2
1194,2712,1
1194,3360,3
1194,1362,2
1194,2104,3
1194,3543,4
1194,1694,1
1194,1810,2
1194,778,1
1194,3111,1
1194,1354,1
1194,1961,3
1194,3083,3
1194,1639,1
1194,538,3
1194,1784,1
1194,3071,2
1194,1653,1
1194,1962,4
1194,2439,2
1194,1704,1
1194,58,2
1194,3147,4
1194,1466,4
1194,902,2
1194,3408,3
1194,3424,3
1194,994,4
1194,1635,4
1194,1293,1
1194,1183,3
1194,1288,1
1194,2501,3
1194,3735,2
1194,1060,1
1194,3176,3
1194,2333,4
1194,2908,3
1194,1358,4
1194,2398,2
1194,2020,1
1194,3095,4
1194,34,4
1194,1041,3
1194,3363,2
1194,2357,3
1194,296,4
1194,2966,1
1194,593,4
1194,110,1
1194,1213,3
1194,2028,2
1194,858,4
1194,1172,4
1246,1965,4
1113,904,1
1776,1947,2
1546,3911,2
237,2648,3
237,2454,1
5046,3365,1
5046,1947,3
5046,2764,1
5046,3330,3
5046,3467,2
5046,2788,4
5046,456,3
5046,1929,4
5046,953,2
5046,500,4
5046,2083,3
5046,1649,3
5046,2959,2
5046,1035,1
1088,944,2
5682,527,2
1088,2269,3
1088,3116,3
5723,3740,2
4958,1267,2
4089,3471,4
424,1241,1
1306,2160,4
1306,2716,3
5682,1246,4
4634,1197,3
4634,1931,2
4634,969,3
4634,2921,2
4634,553,1
4634,2401,1
4634,590,4
1597,1225,4
1597,296,1
424,3423,1
4958,858,2
5394,2590,2
2781,1419,1
2781,1353,2
2781,3304,3
528,3791,1
528,3250,4
528,899,3
528,1923,4
528,911,4
5054,1416,1
5054,2721,4
5054,208,3
5054,1049,4
5054,410,3
5054,1544,4
5054,3106,2
5054,1320,1
5054,434,4
5054,2252,4
5054,3258,1
5054,376,1
5054,2356,3
5054,1876,4
5054,532,2
5054,2297,3
5054,1821,4
5054,2029,3
5054,3145,3
5054,1614,4
5054,2283,3
5054,2094,4
5054,22,1
5054,2699,2
5054,852,3
5054,506,3
5054,1353,4
5054,3274,3
5054,316,3
5054,85,1
5054,236,3
5054,203,1
5054,1620,2
5054,1794,2
5054,2770,1
5054,1693,1
5054,2024,4
5054,2012,4
5054,369,4
5054,371,1
5054,1356,3
5054,3528,4
5054,230,3
5054,292,3
5054,1057,4
5054,2340,2
5054,105,2
5054,2071,2
5054,1187,4
5054,373,3
5054,229,1
5054,3148,1
5054,1407,2
5054,628,1
5054,171,2
5054,661,4
5054,14,4
5054,597,3
5054,1191,4
5054,7,3
5054,1907,1
5054,348,3
5054,509,4
5054,1092,1
5054,538,4
5054,261,2
5054,534,1
5054,300,2
5054,3108,2
5054,1245,1
5054,412,2
5054,446,3
5054,3246,2
5054,199,2
5054,43,4
3285,3740,4
5054,3873,1
4126,2997,1
424,955,3
424,1986,4
5682,2371,2
5682,3552,1
2395,1,2
2395,3949,4
2395,597,1
2395,1704,4
2395,1641,3
1125,653,1
2015,163,2
2015,2763,3
2015,1953,4
2015,102,4
2015,1381,4
2015,3511,4
2015,1878,2
2015,1526,3
2015,2860,1
2015,505,3
2015,274,3
2015,3688,2
2015,3258,3
2015,4,4
2015,1113,4
2015,54,2
2015,3773,2
2015,3120,1
2015,2111,1
2015,2371,1
2015,63,4
2015,3361,2
2015,1380,4
2015,2100,2
2015,2150,4
2015,3275,4
2015,141,2
2015,514,4
2015,1078,1
2015,3535,1
2015,1449,2
2015,909,2
2015,2542,3
2015,3481,3
2015,2248,1
2015,3362,4
937,1981,1
937,1499,1
937,1330,1
937,2004,2
937,1380,1
937,3039,3
937,1295,1
937,595,3
937,899,3
937,247,1
937,1179,2
424,1985,1
1306,2541,2
4861,2356,4
3013,3660,3
3013,2634,2
3013,2003,1
3013,2648,1
3013,1,3
3590,1248,3
3590,3755,4
2810,2759,1
2810,520,4
3590,3578,1
3590,3408,1
2810,73,1
3590,3791,4
3590,2787,4
3590,3250,1
3590,1729,1
3590,3039,3
3224,1295,4
5322,94,1
1421,246,1
343,1353,1
343,3268,3
343,1101,4
343,2572,2
343,3670,4
2247,1014,1
2247,199,1
1982,3949,4
1113,290,2
5539,3384,4
743,2678,3
2814,2497,4
2814,2094,1
2814,1059,3
2814,1027,2
2814,786,1
2814,1049,1
2814,2012,2
2814,2617,3
2814,1747,1
2814,3528,4
2814,736,3
2814,3686,2
2814,1457,2
2814,1517,2
2814,1569,4
2814,2424,1
2814,1183,2
2814,1608,3
2814,832,3
2814,2058,3
2814,6,3
2814,586,2
2814,539,4
2814,1092,1
2814,2291,2
2814,32,3
2814,1727,2
2814,11,3
2814,3256,1
2814,1446,4
2814,296,3
2814,1784,3
2814,349,1
2814,2268,3
2814,1249,1
2814,17,2
2814,1393,3
2814,1213,1
2814,457,1
2814,150,1
2814,318,3
2814,527,2
2814,2273,4
2814,1833,3
1051,1333,3
1051,1350,1
1605,3429,4
1605,3863,4
1599,2858,2
5682,125,1
5689,1193,3
1421,750,1
1421,1172,3
1421,1639,1
1421,3897,1
1421,1207,4
791,3755,2
1019,18,1
424,1487,3
1605,2806,1
1352,2129,4
1274,3338,2
1733,1202,3
2195,1297,3
5063,3109,3
5063,590,2
5063,236,2
5063,1569,4
5063,1721,3
2195,1994,3
5063,539,3
5063,1265,2
5063,838,3
5063,1277,4
5063,1247,4
5063,902,3
5063,932,3
5063,915,2
5063,1088,1
5063,2100,3
2195,1689,4
5063,916,1
4813,3752,1
4813,3784,2
4813,3948,2
4813,3536,1
3693,639,1
424,1245,2
2376,2303,1
4802,3948,1
4802,232,1
4802,1171,1
4802,3897,4
4802,3005,3
4802,3819,1
4802,3326,4
1182,3435,4
1088,2948,1
1088,2947,1
1088,1939,4
1088,2997,4
1088,3363,4
1088,1225,3
1088,1584,4
1088,2622,4
1088,1499,1
1101,1225,1
3285,1218,2
3285,3384,1
3285,1653,2
3285,994,4
424,1912,3
193,2208,4
193,1162,4
193,1885,4
193,1914,1
193,1172,1
193,2396,3
193,955,1
193,235,3
193,1175,2
193,3396,2
193,2937,3
193,39,1
193,357,1
193,3361,4
193,3096,3
193,3548,2
193,3088,4
193,2099,2
193,3770,1
193,1031,3
193,3927,1
193,1127,1
193,2723,1
193,952,4
193,2366,2
193,1374,3
193,2871,4
193,480,2
193,1204,2
193,2968,3
193,1073,3
193,3406,3
193,3000,3
193,3267,3
193,377,1
193,3703,4
193,3576,1
193,2571,4
193,457,2
193,3153,2
193,2094,4
193,2912,4
193,1912,2
193,1233,4
193,1748,3
193,3334,3
193,1264,1
193,2987,4
193,3019,3
193,1199,2
193,1957,1
193,2716,2
193,2973,3
193,1394,1
193,1293,1
193,2150,3
193,2020,3
193,2791,3
193,1224,3
193,3072,3
193,1197,3
193,1225,2
193,1198,1
193,593,2
193,334,4
349,1953,2
349,1466,1
349,593,4
3693,2,1
1733,2905,2
424,3457,4
424,1580,4
2188,2387,4
4489,1499,4
4489,2017,2
4489,466,1
4489,2374,2
4489,2004,1
4489,2048,1
4489,500,3
4489,851,2
4489,2003,1
1597,851,4
1597,3039,1
1597,377,4
1597,1729,1
3413,1419,3
424,3882,4
1202,504,3
1202,1203,4
5682,194,4
3550,1204,2
424,3422,2
424,410,3
424,1719,4
424,3832,2
424,6,2
1851,810,3
1851,2374,3
1851,1442,2
1851,500,4
1851,663,3
1851,555,4
1851,851,1
1851,1295,3
1851,3039,4
1851,2797,3
1851,3266,3
343,1188,4
343,2840,1
343,1676,4
343,1894,1
343,1487,3
343,1479,1
2063,2592,2
1421,111,4
4958,1649,3
4958,1873,1
4958,948,3
4958,898,4
4958,3870,2
4958,2565,1
4958,1249,1
4958,265,2
4958,1277,2
4958,246,4
4958,608,1
4958,926,4
4958,3424,1
4958,741,4
4958,73,2
1306,31,2
1306,2966,1
3413,2348,2
3413,1945,2
752,2721,1
5333,1892,4
2060,1954,4
5250,1394,2
1421,899,2
3159,1729,2
3159,3244,4
3159,2805,1
3159,750,4
3691,1792,3
3691,3915,1
4958,1801,3
5359,2912,1
3413,1307,1
3413,2268,4
3413,2312,3
3413,155,3
3413,2064,4
3413,3224,4
1579,2046,3
1088,3275,3
1088,3668,3
5682,991,4
5636,3893,4
752,2374,4
3519,3913,4
1422,1500,2
3773,2072,1
3773,2375,4
3773,2054,4
3773,2378,1
3773,2736,4
3773,2518,4
3773,2141,1
3773,2746,2
3773,2145,4
3773,2134,1
3773,2371,2
3773,1965,4
3773,3868,4
3773,2081,3
3773,1285,1
3773,2100,1
3773,2144,2
3773,2000,1
3773,3424,1
3773,2248,2
3773,1270,1
3773,419,1
3773,432,1
3773,3146,4
3773,3869,2
3773,587,1
3773,1883,2
3773,514,1
3773,3052,2
3773,3060,1
3773,1784,2
195,3095,4
5682,319,1
3002,2379,2
3002,2174,4
5312,2694,2
1182,3504,1
1088,2687,1
1088,2276,1
424,1922,2
424,1292,3
424,2966,4
5841,1965,3
624,3634,3
624,928,2
1748,3168,3
2060,562,2
2060,3007,3
1202,3551,3
1121,1701,3
1121,2384,3
1121,1060,1
1121,101,2
1121,1556,2
1121,3705,1
1121,3082,1
1121,2803,4
1121,2334,2
1121,1917,4
1121,163,3
1121,3176,2
1121,1249,1
1451,344,1
1451,19,2
1451,3863,4
1182,1213,1
5948,2804,2
5682,2474,3
1306,24,1
195,910,2
2824,3756,1
2824,2396,3
5333,1345,4
1165,1479,4
5333,2188,3
5333,1173,3
5333,22,2
2071,377,1
2071,2797,3
1019,520,3
5359,1639,2
5520,637,2
795,2711,1
5322,2019,2
5322,1233,1
5322,2924,2
1125,198,3
1125,933,4
1125,1431,1
2063,2615,2
2063,3770,3
2063,3412,2
2063,3398,1
2247,2393,1
157,2019,3
157,2194,3
4785,1225,3
624,3723,4
157,1221,2
157,296,1
157,209,2
157,3733,4
157,3519,3
157,3342,3
157,1408,1
157,1222,1
157,2944,1
157,3654,2
157,1090,2
157,3811,1
157,3062,2
157,1217,4
157,1299,2
157,1263,2
157,3196,1
157,912,3
157,1944,4
157,1204,4
157,527,3
157,1208,2
157,3753,4
5302,3114,2
5302,2687,2
5302,593,2
5302,1219,2
5302,2359,1
5302,2701,4
5302,2806,2
5302,2253,1
5302,1721,1
5302,1722,3
5302,1777,4
5302,1307,1
5302,1043,4
5302,1059,2
5302,1682,3
5302,1460,4
5302,86,3
5302,3484,3
5302,3512,3
5302,2396,3
5302,3034,3
5302,899,1
5302,1363,2
5302,2094,2
5302,2236,4
5302,260,4
5302,3753,3
5302,3189,1
5302,2506,4
5302,2996,1
5302,2502,1
5302,2429,2
5302,3098,4
5302,688,4
5302,1580,4
5302,719,4
5302,1013,4
5302,502,1
5302,186,1
5302,3246,4
5302,3255,1
5302,2629,3
5302,3752,4
5302,1485,1
5302,1614,4
5302,2324,1
5302,1729,1
5302,1610,4
5302,575,4
5302,486,2
5302,3549,4
5302,3553,1
5302,3453,1
5302,3360,2
5302,2053,1
5302,2953,3
5302,2054,2
5302,1566,3
5302,1033,1
5302,1457,4
5302,1265,3
5302,1015,2
5302,586,1
5302,988,4
5302,881,2
5302,356,3
5302,754,2
5302,355,3
5302,46,2
5302,3825,2
5302,3786,1
5302,3408,1
5302,2881,2
5302,3148,2
5302,3225,3
5302,1835,1
5302,1282,3
5302,2759,1
5302,1416,2
5302,585,2
5302,222,3
5302,39,3
5302,3897,4
5302,2683,3
5302,3051,3
5302,2846,4
5302,2085,4
5302,1517,1
5302,2036,3
5302,1592,1
5302,1917,4
424,1913,2
4058,500,1
1912,2360,1
5100,3865,1
5100,2048,2
424,3347,1
3423,380,1
3423,543,1
3423,11,2
3423,1290,3
3423,3261,4
3423,539,2
3423,377,4
195,2004,2
1352,318,1
1352,745,2
1352,1442,2
753,1474,3
753,2053,4
753,88,4
753,2054,4
753,2004,1
753,569,4
753,2003,2
753,2797,1
2395,2150,1
2395,2115,2
2395,3308,4
2395,2100,4
2395,1663,4
2395,2076,1
2395,2915,4
2395,2114,1
2395,2407,4
2395,1394,1
2395,3210,3
2395,1957,4
2395,2872,3
2395,2352,3
2395,3361,4
2395,1302,3
2395,3039,4
2395,1288,1
2395,1090,2
2395,1124,4
2395,2797,3
2395,1079,1
2395,2000,1
2395,2918,2
2395,3360,1
2395,1097,3
2395,1270,4
2395,2248,3
2395,1674,3
2395,1961,3
2395,1962,1
2395,2194,1
2395,1307,4
2395,1231,3
3002,1077,3
3002,1219,3
3002,1197,3
3002,1136,3
3002,3060,1
3002,1233,3
3002,223,3
3002,2797,2
3002,2710,2
3002,1078,1
3002,592,1
3002,1562,2
3002,153,3
3002,2384,4
3002,940,2
3002,587,2
3002,2926,3
3002,799,2
3002,1883,3
3002,3052,4
3002,1175,1
3002,2000,2
3002,2282,3
3002,1482,4
3002,356,2
3002,3108,4
3002,1641,3
3002,125,1
3002,539,3
3002,1285,1
3002,34,3
3002,2150,1
3002,1663,3
3002,2915,3
3002,2321,4
3002,2349,2
3002,2352,1
3002,3897,2
3002,1270,4
3002,1269,3
3002,1307,1
3002,1172,2
3002,3578,4
3002,3564,2
3002,1278,1
3002,1288,3
3002,2700,2
3002,2064,2
3002,2657,4
3002,2109,4
3002,2716,1
3002,2944,3
3002,3751,1
3002,2355,2
3002,1252,2
3002,1635,3
3002,589,2
3002,1223,1
3002,720,1
5011,3246,1
424,254,3
424,529,4
424,3819,4
1748,593,4
1202,2681,3
1202,147,4
1243,2112,3
5723,3624,1
424,1449,1
424,2541,1
424,3925,1
2380,1035,3
2380,920,3
1451,2908,4
624,2686,3
1579,1027,1
1579,2416,4
1579,3489,1
1579,163,3
1579,2799,2
1579,2798,2
911,1292,4
5580,3590,3
3462,2167,4
1980,3007,3
1164,2692,2
1164,779,3
1164,1367,2
840,1561,2
1451,3910,1
5996,339,2
5841,3798,2
1088,2179,3
343,1562,1
343,3355,3
343,2409,1
343,2410,4
343,2411,3
343,1954,2
343,302,4
195,3471,3
1019,500,1
1599,2617,3
5090,1380,3
5090,3266,2
5090,1729,4
5090,377,3
5090,3039,2
1352,1670,2
4647,2269,4
4647,953,4
1739,1952,4
4647,4,2
4647,3635,1
1739,1203,2
1739,50,4
1739,1233,2
1739,3468,4
4647,1136,3
4647,2463,1
4647,1651,2
4647,3871,1
4647,656,2
4647,2844,3
1776,1608,3
4647,2813,1
1113,2927,2
4842,260,2
4842,1196,3
4842,1210,3
5787,3096,4
5787,3852,3
5787,3925,3
5787,1297,3
5787,2706,1
5787,1171,3
5787,3210,2
5787,441,1
5787,1449,2
5787,2243,4
5787,2247,3
5787,3174,4
5787,1243,4
5787,1885,3
5787,3308,4
5787,2791,4
5787,1958,1
5787,3028,2
5787,235,2
5787,348,3
5787,45,4
5787,3358,1
5787,1500,1
5787,728,2
5787,1162,4
5787,223,4
5787,2542,2
5787,1747,3
5787,1079,2
5787,1265,4
5787,1285,1
5787,3317,3
5787,39,4
5787,3819,3
5787,3060,1
5787,2915,3
5787,3911,3
5787,2352,4
5787,3751,1
5787,3685,3
5787,357,2
5787,3521,4
5787,2255,3
5787,101,1
5787,2395,4
5787,232,1
5787,1238,1
5787,562,1
5787,3072,2
5787,1211,2
5787,1235,4
5787,1394,2
5787,537,3
5787,1080,4
5787,1968,4
5787,2973,1
5787,3396,1
5787,1292,1
5787,2321,1
5787,3481,2
5787,2918,2
5787,909,4
5787,2936,2
5787,1307,3
5787,3504,1
5787,921,4
5787,3088,1
5787,3035,2
5787,1226,4
5787,1234,3
5787,1304,4
5787,3363,2
5787,947,1
5787,1244,4
1306,81,4
1733,2867,1
3520,2928,1
3520,1346,4
3520,500,2
3520,1380,2
3520,2145,3
3520,2003,1
3520,663,3
3520,1257,4
3520,1290,4
3520,377,3
3520,2797,1
3520,2959,1
3520,1266,3
3520,1035,1
3520,3039,4
3520,1089,3
3520,247,1
3520,296,3
5831,3428,4
4126,2906,4
549,193,2
424,2686,2
424,3785,3
624,1178,4
1390,1735,3
1390,94,2
1113,2997,1
1113,3192,2
1113,2624,1
1113,3101,2
1113,1147,2
1113,2732,4
1113,246,2
1113,1419,1
1113,3929,1
1958,1754,1
1113,913,2
1113,1260,4
5312,1161,1
528,3439,1
528,2501,4
528,3468,3
528,2599,1
3592,3755,4
424,3863,2
306,999,2
5394,1788,2
3562,1957,4
1599,2692,4
2105,1906,3
1524,3327,1
195,2340,3
195,3951,2
911,2779,2
911,597,3
911,2761,3
4089,2106,2
911,3733,4
424,1096,1
424,3893,1
3953,3039,3
3953,1266,2
531,1422,4
531,3039,4
531,998,1
5682,2231,2
5682,2796,1
5682,3421,4
2781,3250,1
2781,2863,4
2781,3363,3
2781,2348,3
2781,2739,2
1352,214,2
1352,3266,2
1352,2239,2
3054,1211,2
3054,3683,4
3054,1237,1
1352,3532,3
1352,1056,2
1352,751,3
5636,3114,1
1812,986,3
1812,3703,3
1812,3702,3
424,2692,4
911,3244,2
911,1201,2
5956,469,2
1491,135,1
2190,457,4
2190,1914,1
2190,3253,1
2190,1962,1
2190,2797,1
2190,3317,3
2190,1196,4
2190,783,2
2190,2194,2
2190,25,1
2190,914,2
2190,1224,4
2190,150,1
2190,1242,3
2190,1197,4
2190,778,4
2190,1394,3
2190,260,2
2190,17,2
2190,1214,3
2190,3911,2
2190,1266,4
2190,1704,3
2190,1198,2
2190,111,4
2190,2064,4
2190,2501,2
2190,608,1
2190,1276,3
2190,1694,2
2190,923,3
2190,3503,3
65,2194,1
343,2321,2
1125,3484,4
239,1880,2
4126,3147,4
4647,1428,4
1088,2876,3
355,1729,2
1599,2086,3
1088,3598,1
1088,3723,2
1088,3201,2
1088,3168,4
1088,1845,2
1088,1212,1
1088,2500,4
1415,899,2
424,1066,2
2063,3596,4
2063,3901,1
2063,3882,1
1733,190,4
1733,1682,1
1733,1594,4
1733,1187,3
1733,2729,4
1733,3526,4
1733,1968,2
1733,562,1
1733,2303,4
1733,3246,4
1164,3181,4
4277,1380,2
4277,1549,1
3158,344,1
5359,3275,2
424,707,2
4579,3315,4
4579,2351,2
4579,2019,4
4579,962,1
2859,1777,3
424,1945,1
424,3504,3
195,3134,3
4600,3471,4
195,3327,3
1125,2375,1
5312,3300,1
911,2058,1
5682,3865,1
1125,647,2
1451,1917,3
1451,1184,2
3017,125,3
192,3949,3
5412,2763,3
5412,3483,4
5412,913,3
5412,3053,1
5412,2761,3
5412,2959,1
5412,3470,4
5412,1953,1
5412,1617,4
2910,1255,1
343,1350,4
343,89,4
1301,2333,4
1301,750,4
1943,3869,4
1943,2231,4
1421,2303,2
1776,880,1
1776,1032,3
1776,1676,1
1776,3484,2
1776,3052,4
2898,3317,3
4647,3518,4
1088,1769,2
1088,2719,4
1088,2688,4
1088,2822,3
1088,2143,2
1088,609,3
1088,1967,3
1088,1457,4
1088,258,4
1088,355,3
1088,460,3
1088,2828,4
1088,2135,1
1088,3908,3
1088,3895,2
1088,2806,4
1088,2642,4
1088,3273,2
1088,2406,2
1088,3248,1
1088,536,4
1088,1920,3
1088,516,4
1088,2548,3
1088,1686,4
1088,2292,2
1088,1422,2
1088,280,2
1088,2338,3
1088,486,1
1088,1658,3
1088,1588,4
1088,786,1
1088,5,3
1088,2169,4
1088,2315,1
1088,1895,1
1088,1562,3
1088,1320,4
1088,1690,3
1088,3555,3
1088,1777,2
1088,708,1
1088,194,1
1088,515,2
1088,2801,2
1088,2058,4
1088,1833,4
1088,3551,1
1088,2001,2
1088,800,2
1088,3260,4
1088,469,1
1088,1937,4
1088,2580,1
1088,3259,4
1088,2396,4
1088,3181,3
1088,3100,3
1088,2640,1
1088,3950,2
1088,1682,4
1088,950,4
1088,1721,3
1088,2184,3
1088,933,3
1088,3062,3
1088,2745,3
1088,2571,4
1088,3178,4
1088,1997,3
1088,3147,3
1088,2336,3
1088,6,3
1088,3897,2
1088,994,3
1088,1784,3
1088,1022,2
1088,3548,1
1088,971,4
1088,1059,1
1733,1343,4
3562,300,2
5557,2797,4
5557,1089,2
4126,628,3
4934,2248,3
4934,1513,2
1019,1569,2
1778,3798,3
1778,3882,1
1778,1101,3
1778,706,1
1733,1752,2
1733,1895,1
2176,1289,4
5682,2809,2
5682,3557,3
5682,3257,4
306,1729,3
4467,2469,1
4467,2361,4
4467,3685,1
4467,342,3
4467,1962,4
4467,3675,2
4467,1621,3
4467,1513,4
4467,377,4
4467,3604,2
4467,938,2
4467,2739,4
4467,3512,2
4467,1936,2
4467,518,4
4467,1588,4
4467,2432,3
4467,3039,3
4467,909,4
4467,2724,1
4467,2779,2
4467,1083,1
4467,253,1
4467,356,3
4467,410,3
4467,1077,2
4467,532,1
4467,3258,1
4467,122,2
4467,3524,2
4467,1017,4
4467,2067,3
4467,3927,4
4467,708,1
4467,2716,4
4467,1172,4
4467,1556,4
4467,3548,2
4467,1135,1
4467,953,1
4467,2530,2
4467,911,1
4467,1066,1
4467,2340,4
4467,265,3
4467,3791,3
4467,1597,3
4467,2080,4
4467,3821,3
4467,2407,4
4467,3469,4
4467,3152,3
4467,1092,3
4467,1955,2
4467,2791,2
4467,1394,3
4467,2663,3
4467,900,4
4467,452,1
4467,1393,4
4467,3653,4
4467,2405,2
4467,3448,1
4467,1307,4
4467,3724,3
4467,1042,2
4467,1247,1
4467,28,4
4467,1377,3
4467,2352,2
4467,1676,4
4467,454,4
4467,1127,4
4467,1476,1
4467,2919,4
4467,3359,4
4467,902,2
4467,2470,1
4467,1894,3
4467,3633,1
4467,2115,4
4467,2572,1
4467,2984,2
4467,2190,1
4467,3549,4
4467,781,2
4467,509,1
4467,838,1
4467,3308,3
4467,1721,1
4467,2565,1
4467,2729,2
4467,2011,2
4467,153,4
4467,1088,3
4467,208,3
4467,3714,1
4467,94,2
4467,278,2
4467,1238,3
4467,19,2
4467,2291,3
4467,3489,3
4467,492,4
4467,2968,3
4467,1198,1
4467,3171,3
4467,1080,3
4467,2299,4
4467,3688,3
4467,3361,4
4467,1854,1
4467,3788,1
4467,440,2
4467,2014,3
4467,592,1
4467,1888,4
4467,788,4
4467,1711,2
4467,2993,4
4467,480,3
4467,3654,4
4467,924,4
4467,2987,4
4467,3921,3
4467,1610,1
4467,3363,3
4467,2406,3
4467,466,2
4467,2136,1
4467,2581,2
4467,2939,3
4467,1296,2
4467,3707,2
4467,355,2
4467,2454,1
4467,3801,3
4467,2941,2
4467,2436,3
4467,1783,3
4467,580,4
4467,2759,3
4467,1968,4
4467,3501,3
4467,3,3
4467,1120,2
4467,457,2
4467,3893,3
4467,2355,4
4467,1020,2
4467,318,3
4467,3481,2
4467,2174,4
4467,207,1
4467,256,4
4467,2822,2
4467,1097,2
4467,913,2
4467,3088,2
4467,1947,1
4467,2746,2
4467,2321,2
4467,3330,2
4467,1207,1
4467,2640,1
4467,3079,2
4467,3684,2
4467,235,3
4467,1883,1
4467,2942,2
4467,1270,1
4467,1629,1
4467,2053,1
4467,2829,4
4467,1203,2
840,950,2
2395,32,3
2395,300,3
424,3327,2
424,2719,1
4834,2283,1
4834,1678,1
4834,2797,4
1399,1625,2
1399,3911,1
1399,480,4
1252,1567,3
195,3092,4
2860,2692,2
3413,2278,3
3413,1900,4
1748,1485,1
1812,1544,2
424,3317,2
424,1284,4
3693,3479,4
1605,3051,3
4728,3468,4
4728,3068,2
4728,908,2
4728,2412,1
4728,1824,2
4728,839,1
4728,2385,3
4728,79,2
4728,2338,1
4728,2986,4
4728,1483,4
4728,2269,1
4728,1644,3
4728,191,2
4728,3489,1
4728,879,4
4728,1779,4
4728,786,3
4728,464,4
4728,1037,1
4728,2325,2
4728,100,1
4728,2060,1
4728,2316,4
4728,158,2
4728,168,4
4728,1529,1
4728,1422,2
4728,132,3
4728,520,3
4728,1609,2
4728,2628,2
4728,1366,1
4728,2082,2
4728,273,1
4728,2447,2
4728,2826,1
4728,3528,4
4728,2320,3
4728,193,3
4728,2322,1
4728,2283,2
4728,3686,4
4728,185,2
4728,490,3
4728,104,4
4728,2803,4
4728,1552,2
4728,1603,2
4728,1835,4
4728,585,4
4728,1352,3
4728,2340,4
4728,2485,4
4728,165,1
4728,1279,4
4728,198,4
4728,1372,3
4728,3005,3
4728,830,3
4728,1727,1
4728,2025,2
4728,1356,1
4728,648,3
4728,1672,1
4728,1892,3
4728,236,1
4728,1485,3
4728,94,4
4728,1615,2
4728,832,4
4728,155,1
4728,1092,2
4728,1620,3
4728,3252,2
4728,454,2
4728,2282,2
4728,141,2
4728,3020,3
4728,1177,1
4728,225,2
4728,538,3
4728,1883,3
4728,271,4
4728,492,3
4728,2112,4
4728,1645,1
1088,1798,1
4728,2294,2
4728,539,3
4728,1171,4
4728,441,3
4728,171,1
4728,446,3
4728,805,2
4728,1343,1
4728,229,2
4728,1370,3
4728,553,2
4728,628,2
4728,345,4
4728,1589,2
4728,1909,3
4728,1799,3
4728,3723,4
4728,531,3
4728,1120,1
4728,3174,4
4728,2302,2
4728,349,1
4728,62,4
4728,222,2
4728,1190,3
4728,3176,1
4728,2058,3
4728,1653,4
4728,431,1
4728,2700,3
4728,3386,4
4728,525,2
4728,3105,3
4728,1584,2
4728,1682,3
4728,2355,3
4728,551,3
4728,2359,1
4728,524,1
4728,16,4
4728,85,1
4728,1187,2
4728,3100,4
4728,3148,1
4728,308,1
4728,2329,2
4728,3271,3
4728,412,4
4728,1730,4
4728,2686,2
4728,1719,3
4728,1449,2
4728,3052,4
4728,161,4
4728,567,2
4728,213,2
4728,290,4
4728,2391,3
4728,32,3
4728,2959,4
4728,1266,4
4728,1271,2
4728,778,1
4728,2291,3
4728,475,4
4728,235,2
4728,515,4
4728,1176,3
4728,314,3
4728,1183,3
4728,1594,1
4728,590,3
4728,1834,1
4728,3272,3
4728,1673,4
4728,1704,3
4728,1354,2
4728,150,3
4728,175,1
4728,501,1
4728,529,4
4728,1095,2
4728,1966,4
4728,1625,4
4728,3260,4
4728,1635,4
4728,3246,3
4728,319,4
4728,47,1
4728,3006,2
4728,1358,1
4728,272,2
4728,3160,1
4728,1277,3
4728,1245,1
4728,1249,1
4728,2289,1
4728,1089,3
4728,1280,2
4728,50,4
4728,3355,2
4728,3825,3
4728,3623,1
4728,3452,3
4728,3863,4
4728,3318,4
4728,3755,2
4728,3555,4
4728,3753,1
4728,3948,2
4728,3408,4
4728,3916,3
4728,3328,4
195,2630,3
195,2997,3
195,2908,1
5682,3784,2
349,2985,1
349,923,1
2188,2597,4
2188,1310,2
2188,1916,3
1421,2917,2
911,3341,2
911,2764,2
1912,2081,4
1246,3030,1
1246,2,1
1246,2001,3
1246,1918,2
1599,2824,4
624,3896,1
1447,2116,3
911,3408,3
1447,29,1
3462,1456,3
5682,3597,1
1421,3893,1
1306,1352,4
1019,555,1
1019,2321,2
1943,3505,2
4277,88,1
4277,518,3
4277,2042,2
4277,429,3
4277,1363,1
4277,2035,2
4277,1128,4
4277,2928,2
4277,2017,2
4277,1346,2
4277,2374,3
4277,500,2
4277,1442,4
3693,2390,3
1306,3851,4
5682,81,1
1125,2676,3
3452,2427,2
3452,3448,4
3452,1222,3
3452,1183,1
3452,1210,4
3452,161,1
3452,356,3
3452,1298,3
3452,1208,3
3452,1094,3
3452,1200,3
3452,969,4
3452,1250,2
3452,912,1
1943,3504,3
424,905,3
1274,1859,2
1274,1217,2
1274,3508,3
1274,1230,4
1274,2853,1
1274,823,3
1274,3451,2
1274,1014,2
1274,1951,3
1274,1013,4
1274,2993,3
1274,3546,2
1274,680,4
1274,3645,1
1274,2285,3
1274,2948,4
1274,1017,4
1274,2085,4
1274,1028,2
1274,3350,1
1274,2632,3
1274,2488,4
1274,3808,4
1274,669,1
1274,2670,2
1274,3475,4
1274,3379,3
1274,1226,4
1274,933,4
1274,3035,4
1274,1941,2
1274,808,3
1274,377,2
1274,2493,1
1274,1678,2
1274,1446,2
3029,3324,1
3029,3784,3
3029,3185,4
3029,3948,4
1243,1729,3
1243,377,4
1243,2797,4
1243,1678,2
424,1648,4
549,3578,1
4477,3360,1
4477,1927,1
424,1114,4
2860,1648,3
1101,1793,2
1551,1394,1
2247,3103,3
195,3386,3
1969,1517,4
4085,1356,2
4085,2393,1
4085,329,2
4085,1499,3
4085,2052,3
4085,1035,4
5424,912,1
5424,1188,1
195,2512,4
1306,3555,2
1088,1226,1
1088,3618,3
1088,3111,3
424,3755,2
1125,3180,2
2648,364,2
2648,2384,4
2648,2087,2
2648,3396,2
2648,1212,4
2648,950,2
2648,1396,1
2648,2916,4
2648,589,4
2648,2571,3
2648,1270,3
2648,1196,2
2648,2529,1
2648,924,2
2648,260,3
2648,1214,2
2648,1333,1
2648,2664,3
1101,1499,1
1101,569,2
1101,466,3
1101,851,3
1101,1027,2
424,574,2
195,2064,4
3413,2671,4
3413,2542,3
3413,1476,1
3413,1721,4
3413,1073,1
3413,3147,2
3413,3418,1
3413,2284,2
3413,3067,4
3413,2677,1
3413,954,3
3413,2194,2
3413,1259,3
3413,36,3
3413,1203,4
3413,1136,2
3413,1198,4
3413,1233,1
3413,1230,1
3413,912,1
3413,1797,1
3413,2069,1
3413,1089,4
3413,1035,2
3413,1777,3
3413,147,2
3413,3176,3
3413,1204,4
1141,2017,4
1141,500,2
1141,2106,4
1141,1442,3
1141,2797,4
1748,1355,4
648,302,4
5650,908,4
4934,1610,3
4934,3719,4
4934,1935,3
4934,955,2
4934,2003,3
4934,2145,4
4934,1297,4
4934,1035,4
4934,3943,2
195,2938,2
5011,173,3
5011,2034,2
5011,674,3
5011,2722,2
5011,29,3
5011,198,3
5011,610,1
1165,2747,3
1165,2746,2
1980,1252,4
1980,1276,1
1980,1363,3
1980,2283,1
1980,1287,1
1352,1364,3
5333,1284,2
5333,836,3
1421,2243,3
1605,1629,3
1605,3748,2
1605,2844,2
1605,1594,2
5054,3851,2
1306,3409,3
343,1801,2
343,276,1
343,2375,2
343,2249,1
343,2302,3
343,2000,1
3462,471,3
3462,842,1
3462,3683,2
1125,661,2
3693,728,2
1733,58,1
1451,1253,3
4748,3893,3
3413,2396,2
3413,3219,3
3413,2622,2
3413,2716,4
3413,2580,1
3413,3578,1
3413,2599,3
3413,2369,3
3413,2997,1
3413,3179,3
3413,2361,2
3413,3245,3
3413,3350,3
3413,3267,1
3413,318,2
3413,3498,1
3413,3948,3
3413,3189,4
3413,3481,2
3413,750,2
3413,2804,1
3413,1270,4
930,3755,1
930,3317,2
930,3481,3
930,3897,1
930,2889,2
930,2772,1
930,2012,4
930,2959,2
930,1653,3
930,45,2
930,480,3
930,1361,4
930,2987,4
930,10,4
930,2803,4
930,454,4
930,2985,1
930,2796,4
930,2261,4
930,1147,1
1165,3740,2
930,2692,4
930,110,3
4042,1250,3
4042,3683,2
5090,2145,4
5090,851,3
1599,1034,3
1306,512,4
4579,1265,2
4579,1199,4
4579,592,3
2841,3625,4
2643,1959,4
2643,3354,2
2643,968,2
2643,3053,2
2643,2713,3
2643,2719,3
2643,2856,3
2643,2712,4
2643,3203,2
2643,3005,2
2643,1129,3
2643,3314,1
2643,2455,2
2643,1401,3
2643,3168,3
2643,1889,2
2643,2919,1
2643,2433,1
2643,1334,1
2643,2707,1
2643,1339,3
2643,3185,4
2643,21,3
2643,2763,1
2643,778,3
2643,1527,2
2643,2278,1
2643,2076,1
2643,1032,1
2643,3936,4
2643,1380,1
2643,3334,1
2643,2174,2
2643,3510,1
2643,599,2
2643,982,1
2643,2401,2
2643,1721,2
2643,2867,4
2643,3408,1
2643,2130,3
2643,1784,3
2643,1635,1
2643,150,3
2643,2686,1
2643,1206,1
2643,1246,2
2643,1231,1
2643,3006,1
2643,2194,2
2643,1748,2
2643,2268,1
2643,1213,4
2643,1242,2
2643,1028,3
2643,909,2
2643,3296,2
2643,3182,4
2643,2926,4
2643,3649,2
2643,2627,1
2643,2660,2
2643,1291,3
2643,2791,4
2643,1214,2
2643,1955,2
2643,3507,3
2643,2871,3
2643,3421,4
2643,1201,1
2643,1036,4
2643,1222,1
2643,1994,4
2643,47,1
2643,2872,2
2643,2997,4
2643,1982,4
2643,2176,1
2643,1240,2
2643,1085,3
2643,913,4
2643,910,3
2643,3871,4
2643,1254,1
2643,1292,3
2643,912,3
2643,2019,1
2643,1203,2
2643,1262,1
2643,1219,2
4463,1719,3
4463,515,3
4463,296,1
4463,3246,3
4463,2028,1
4463,1249,3
4463,608,3
4463,50,2
4463,344,3
4463,3250,2
4463,1873,4
4463,3167,1
4463,1704,2
4463,1193,4
1352,3816,1
1352,3746,4
1943,909,3
1551,3435,4
1306,3950,4
1912,2952,1
5333,380,2
4867,3729,4
5333,2908,2
624,3783,3
1733,1151,1
911,1653,4
752,574,3
1912,2312,1
1912,1320,3
1252,2432,1
4647,2715,4
4647,215,2
4647,3292,2
1306,3484,4
1202,1081,2
1202,1035,3
5359,481,3
2247,954,1
2247,916,4
2247,1304,2
2247,905,1
2247,3152,3
2247,3095,3
2247,919,1
2247,1254,2
2247,3330,3
2247,1944,1
2247,1252,2
2247,1276,3
2247,593,1
2247,3873,1
4834,1193,3
4258,3852,1
624,1212,3
1579,2273,3
2018,3089,2
2018,1251,1
4186,2809,1
1943,1123,4
1447,427,3
1447,3262,2
4748,3785,1
4748,3784,4
4748,1207,2
4748,1391,2
4748,2762,2
4748,2529,2
4748,1390,4
4748,2752,1
4748,3555,3
4748,3689,1
4748,2405,2
4748,419,4
4748,2615,1
4748,314,4
3701,2657,4
3701,3512,1
3701,527,4
4748,2335,3
3701,904,4
3701,3755,3
4748,973,2
4748,908,3
3701,1136,4
3701,1080,2
3701,1610,4
3701,457,3
3701,2150,3
3701,1968,2
3701,541,4
3701,2118,3
3701,2997,4
3701,912,3
3701,39,2
3701,1214,2
3701,1208,1
5636,3450,2
5636,3395,1
5636,2321,3
911,3487,2
3412,1385,4
3412,358,1
3412,1653,3
3412,10,2
3412,1285,1
3412,3852,2
3412,3527,1
3412,2541,1
3412,45,2
3412,3952,2
3412,3210,1
3412,1246,4
3412,848,3
3412,1907,2
3412,2000,2
3412,1994,1
3412,3508,2
3412,2968,3
3412,2455,4
3412,3098,3
3412,1197,3
3412,597,2
3412,1090,3
3412,1127,3
3412,1584,2
3412,1097,4
2860,166,4
3412,1299,1
3412,3635,2
3412,1270,3
3412,2401,1
3412,1237,2
2860,2599,1
3412,678,3
3412,3897,2
3412,2329,1
3412,1387,4
3412,2948,2
3412,1291,4
3412,1242,4
3412,3471,3
3412,377,4
3412,1307,2
3412,1036,3
3412,2918,1
3412,1968,4
3412,43,1
3412,1136,4
3412,1219,2
3412,3468,4
4186,3318,2
5100,1374,3
424,3362,1
424,3556,4
424,922,4
5100,2686,3
424,2936,1
1551,909,4
4186,2966,4
5996,168,2
195,6,3
195,1361,4
1733,702,2
913,2797,1
913,170,2
913,3793,1
2012,3258,1
2012,569,3
2012,516,4
2012,104,3
2012,7,4
2012,3809,2
2012,252,3
2012,3827,3
2012,3826,2
2012,3300,4
2012,519,3
2012,379,3
2012,2455,2
2012,1797,1
2012,2453,2
2012,3393,3
2012,3578,3
2012,3717,3
2012,2549,2
2012,737,4
2012,170,2
2012,3256,4
2012,3082,1
2012,2273,1
2012,377,2
2012,1370,1
2012,3107,3
2012,1378,3
2012,2990,1
2012,3703,4
2012,3190,3
2012,3755,4
5333,292,1
2012,168,4
5333,471,2
2012,2006,1
2012,3175,1
2012,2617,4
2012,590,3
2012,60,4
2012,2477,2
2012,2368,2
2012,2373,2
2012,1198,4
2012,2038,2
2012,1012,1
2012,1013,1
2012,2096,4
2012,720,1
752,2836,4
752,230,3
752,1372,2
752,86,2
752,1799,2
752,322,4
752,3079,2
2176,1252,1
752,3499,3
752,589,1
752,2862,1
752,2451,4
752,1974,3
752,2900,2
752,1373,1
752,1135,1
752,2455,2
752,3169,1
752,2872,4
752,2401,3
752,1374,2
752,2423,4
752,1376,2
752,1994,3
752,3703,3
752,2404,3
752,415,2
752,2120,2
1556,261,3
195,1796,3
4042,2840,3
1941,1136,1
4042,3362,2
1941,2666,3
1941,2660,1
1941,2651,2
1941,3042,3
1941,3941,4
1941,3843,1
1941,2400,3
1941,3938,4
1941,2545,3
1941,1626,3
1941,66,3
1941,3835,3
1352,3007,2
1941,204,2
1941,2126,3
1352,1218,1
1941,2445,2
1941,564,4
1941,1890,3
1941,1554,2
1941,628,4
1941,627,2
343,39,4
343,3479,3
343,2080,1
343,258,1
343,2882,2
3462,1089,4
4042,1267,2
5312,2167,3
164,3916,2
4042,292,2
3087,1092,4
3087,1892,4
3087,1584,3
743,1059,4
743,215,4
743,58,3
743,3822,1
743,899,3
743,2692,4
1125,741,2
1125,1343,3
4042,1645,2
1165,2519,3
1165,2854,1
1605,299,3
1748,296,4
4186,1104,4
4186,2868,4
4186,374,2
4186,158,2
4186,2948,1
4186,3436,2
5413,3238,2
5413,229,2
1306,555,2
5100,1725,3
5394,1625,4
5872,3826,1
5872,415,4
5872,2145,1
5872,2003,2
5872,1257,4
5872,2797,1
5872,1089,4
5872,2959,4
5872,2402,1
5872,2403,4
5872,2404,1
5872,1676,3
1101,2404,1
1101,1556,2
1101,1855,2
1101,3740,2
1101,2928,4
1101,1035,4
1101,2145,1
1101,2403,3
1101,1081,2
1101,3068,4
1101,377,3
1101,2959,2
1101,908,3
1125,50,4
1125,3538,4
1142,223,1
1748,1912,1
5394,1947,3
2985,150,4
2985,2137,3
2985,596,1
2985,3526,4
2985,2268,2
2985,595,2
2985,594,4
2985,1022,4
2985,2797,3
2985,1387,4
2985,1907,1
2985,3034,2
2985,2804,3
2985,2028,4
2985,1225,3
1733,1262,4
5437,589,2
5437,1584,4
2898,3617,1
2898,3578,4
2898,780,2
1733,720,3
624,3416,3
2188,2010,1
1556,2611,1
1556,838,4
528,191,3
528,1676,2
528,500,3
528,1257,4
528,3897,1
937,1998,4
937,2120,3
937,500,4
937,1729,1
937,2959,2
937,2797,1
937,1089,1
4186,913,4
4186,905,4
4186,1297,2
5319,2478,4
5319,303,1
5319,553,2
5319,2725,3
5319,799,1
5319,3703,2
5319,3802,3
5319,2232,2
5319,1584,2
5319,1199,4
5319,750,3
1088,2160,4
1733,1950,1
5682,3897,4
5333,125,3
1164,1295,2
1164,17,4
1164,7,2
1164,3111,1
1164,3526,3
1164,3072,4
1164,3006,2
1164,3481,4
1164,1704,3
1164,2020,1
1164,912,1
1164,34,3
1164,1127,3
1142,3179,1
424,3948,4
1019,1262,2
424,1274,3
424,688,1
795,2357,1
795,1689,4
424,1209,2
424,2010,1
1551,1954,2
1912,1069,1
5090,3646,2
5090,500,1
5090,3155,2
5090,1921,3
5090,3747,4
5312,1028,4
2063,2036,4
1943,2323,3
1421,1244,4
5650,538,3
4042,3204,4
5650,272,3
2814,3565,4
2814,1959,2
2814,2369,3
2814,1911,3
2814,2797,4
4042,1965,3
1317,1827,1
1317,157,4
648,345,2
648,3526,3
648,2166,1
648,2280,1
648,2155,3
648,45,1
648,2701,2
648,2337,2
648,3798,3
648,2806,1
648,3176,4
648,2702,1
648,2763,2
648,2762,3
648,1513,2
648,2692,1
648,2598,1
648,3300,3
648,2723,2
648,2502,1
648,1959,1
648,2805,1
648,2676,3
648,3826,1
648,2856,4
648,2690,1
648,3510,2
648,3175,1
648,2688,1
648,2428,3
648,3115,2
648,2712,3
648,2718,4
648,3408,3
648,2759,2
648,3543,2
648,2881,1
648,1093,2
648,3203,4
648,2541,3
648,223,1
648,2355,1
648,2694,1
648,2770,4
648,2710,3
648,3298,4
648,3285,1
648,3824,3
648,2683,1
648,2706,3
648,3155,2
648,1127,1
648,481,3
648,372,1
648,2862,2
648,1320,4
648,2872,4
648,1690,2
648,1214,2
648,1200,1
648,3793,1
648,3745,1
648,1210,1
648,3799,4
648,2289,1
648,1213,2
648,1704,4
648,3717,2
648,3159,4
648,3863,3
648,1468,3
4042,3214,4
1941,272,4
1941,161,2
1941,2864,1
1941,3797,3
1941,3914,2
1941,3893,3
1941,3950,3
424,272,1
2489,3157,4
2489,1791,1
2489,3178,4
5394,2232,2
1958,778,4
2176,2455,2
4042,1459,4
3953,594,1
3953,1947,4
3953,260,1
3953,2092,2
3953,2253,1
3953,3889,1
3953,1924,4
3953,2264,1
3953,3693,2
3953,1371,4
3953,1033,3
3953,996,3
3953,2134,3
3953,500,1
3953,2376,3
3953,3032,4
3953,1377,1
3953,350,1
3953,1566,2
3953,3033,2
3953,1009,1
3953,1722,3
3953,3633,3
3953,3213,3
3953,2993,1
3953,367,4
3953,3398,4
3953,2949,3
3953,1285,2
3953,2987,3
3953,1282,1
3953,3868,4
3953,2948,1
3953,2951,2
3953,2716,4
3953,3396,1
3953,2810,1
3953,2947,4
3953,1261,3
3953,1206,3
3953,1253,3
3953,1217,2
2887,662,3
2887,23,3
2887,2668,3
231,2193,2
231,589,3
231,1374,2
231,1259,2
231,260,1
231,1258,4
231,1089,4
231,2664,1
231,2716,1
231,2717,4
231,2599,4
231,3175,1
231,1653,1
231,3873,3
231,2997,4
231,541,4
231,1225,3
231,1200,4
3462,1035,1
3462,1290,4
2122,1594,1
195,3730,1
1812,3785,1
1812,2748,2
1812,2676,1
1812,2268,1
1812,2993,3
1812,3082,3
1812,3798,4
1812,2611,4
1812,1722,4
1812,852,2
1812,2478,2
1812,861,3
1812,2485,3
1812,539,4
1812,1894,4
1812,3528,3
1812,1892,3
1812,2671,3
1812,2368,1
1812,2422,1
1812,2002,3
1812,2001,3
1812,1918,3
1812,2000,2
1812,405,2
1812,2947,3
1812,3510,3
1812,357,1
1812,2948,2
1812,2944,1
1812,3259,2
1812,1302,4
1812,2605,3
1812,3130,3
1812,2034,2
1812,2706,2
5394,176,3
943,2712,3
424,1256,1
5054,3849,2
5054,1254,3
5054,2203,3
5054,1340,4
5054,2366,2
5054,2644,2
5054,3447,1
5054,594,1
5054,1932,4
5054,2210,3
5054,2648,2
5054,920,3
5054,1933,2
5054,2208,1
5054,2847,1
1447,3114,1
1447,1958,2
1447,3328,3
1447,2300,4
1447,493,3
1447,3823,3
1447,2550,3
1447,162,1
1447,3735,1
1447,3551,3
1447,904,4
2176,858,2
1524,222,3
2887,2340,3
2887,1422,4
2887,257,3
2887,2311,2
1447,1255,3
1447,37,2
3693,2300,2
2985,317,3
2985,2100,3
2985,2193,4
2985,2087,3
2985,1073,3
2985,2872,1
2985,405,4
2985,546,4
2985,2408,2
2985,1862,2
2985,435,4
2985,1037,2
2985,196,2
2985,1320,4
2985,1690,1
2985,1205,3
2985,2455,4
2985,2422,4
2985,1499,1
2985,2643,1
2985,2162,2
2985,1562,4
2985,3285,3
2985,2642,1
2985,153,3
2985,1030,1
2985,303,3
2985,3889,2
2985,2399,2
2985,1373,2
2985,168,4
2985,2054,2
2985,3489,3
2985,610,3
2985,1917,1
2985,736,3
2985,2,4
2985,1552,2
2985,1371,4
2985,60,1
2985,2405,1
2985,3755,2
2985,2161,2
2985,1275,1
2985,2617,4
2985,1848,4
2985,1967,4
2985,2046,2
2985,3479,2
2985,1031,3
2985,2115,4
2985,2406,2
2985,919,1
2985,592,3
2985,1291,4
2985,1954,2
2985,1282,4
2985,2151,3
2985,1370,2
2985,1918,1
2985,2082,2
2985,1010,2
2985,585,1
2985,2085,1
2985,2746,2
2985,3255,2
2985,953,1
2985,374,2
2985,1474,4
2985,1101,2
2985,1735,1
2985,3287,4
2985,1339,1
2985,2174,2
5453,356,4
5453,1090,2
5453,338,1
5453,1676,4
1755,17,3
1755,1282,4
1755,208,1
1755,466,2
1755,1468,2
1755,1801,2
1755,2134,3
1755,781,3
1755,2786,1
1755,605,1
1755,2770,1
1755,3801,1
1755,1367,2
1755,527,4
1755,520,2
1755,237,3
1755,27,4
1755,1258,2
1755,11,3
1755,179,1
1755,926,2
1755,412,1
1755,1619,3
1755,3194,3
1755,1410,2
1755,2587,4
1755,1488,3
1755,3616,3
1755,1962,4
1755,3949,3
1755,1658,4
1755,2580,3
1755,2302,3
1755,485,1
1755,3556,2
1755,593,3
1755,2739,2
1755,1960,3
1755,3793,4
1755,1747,2
1755,2399,2
1755,1992,2
1755,1956,1
1755,1784,1
1755,1208,4
1755,1941,4
1755,2628,3
195,2544,2
1755,3254,4
1755,2699,1
1755,52,1
1755,3033,2
1755,761,2
1755,62,2
1755,2111,1
1755,47,2
1755,3512,2
1755,3861,4
1755,920,2
1755,2796,2
1755,2446,4
1755,186,3
1755,22,2
1755,2706,3
1755,472,3
1755,212,3
1755,3791,3
1755,1092,4
1755,529,3
1755,110,1
1755,1091,1
1755,3263,2
1755,3483,1
1755,426,3
1755,2042,2
1246,1570,2
1246,1266,4
1246,718,4
1340,1497,4
1340,2815,3
1340,1858,1
1340,3623,1
1340,2826,3
1340,1754,4
1340,2023,4
1340,3000,3
4448,3783,3
5948,1099,1
5948,2915,2
5948,176,4
5948,2068,4
667,2143,3
667,780,1
667,1257,2
667,1290,3
667,2003,2
667,1374,2
667,377,1
1451,1339,4
1755,904,3
1755,1411,2
1755,2772,1
1755,3269,4
1755,3862,4
1755,2629,4
1755,1783,1
1755,3043,3
1755,804,4
1755,3614,3
1755,2793,1
1755,2004,1
1755,589,4
1755,1027,1
1755,2316,4
1755,518,1
1755,2335,4
1755,368,1
1755,1198,3
1755,195,3
1755,550,4
1755,1597,4
1755,1474,4
1755,2529,3
1755,1466,3
1755,1297,2
1755,2340,4
1755,3147,1
1755,2724,1
1755,2450,4
1755,2058,2
1755,430,4
1755,236,3
1755,2268,2
1755,2687,1
1755,253,2
1755,410,1
1755,1958,2
1755,217,4
1755,3671,3
1755,2616,1
1755,1918,2
1755,2692,2
1755,3406,4
1755,419,4
1755,830,3
1755,2123,4
1755,312,1
1755,2291,2
1755,104,3
1755,457,3
1755,1881,2
1755,3481,3
1755,1614,3
1755,2406,3
1755,1873,3
1755,2054,4
1755,1890,4
1755,161,3
1755,150,3
1755,2327,4
1755,3743,4
1755,2253,1
1755,2723,1
1755,1253,3
1755,3797,1
1755,1388,3
1755,3546,2
5812,232,3
1755,1359,3
1755,539,3
1755,2375,1
1755,2005,1
1141,1030,4
1755,376,1
1141,2506,2
1755,2292,2
1755,5,3
1755,2266,1
1755,48,3
1755,1073,4
1755,248,4
1755,1089,3
1755,1107,2
1755,2193,2
1755,3225,4
1755,647,2
1755,2143,1
1141,1035,3
1755,509,4
1755,2453,3
1755,1943,1
1755,2581,4
1141,2143,1
1755,719,1
1755,24,4
1141,3753,1
1141,1374,2
1451,2010,4
1451,1262,1
1451,1022,4
1451,213,4
2887,1644,2
2887,1003,2
2887,2688,1
2887,1006,2
2887,458,1
2887,225,1
2887,424,3
2887,381,2
2887,2474,2
2887,3844,3
2887,253,3
2887,2745,2
2887,300,3
2887,3328,4
2887,3147,1
2887,3718,4
2887,3007,1
2887,608,1
2887,47,2
2887,612,4
2887,2794,3
2887,765,2
2887,1091,4
2887,2792,4
2887,186,1
2887,719,2
2887,2683,3
2887,2261,3
2887,1821,2
2887,1257,4
2887,2496,4
2887,2795,2
2887,1569,1
2887,3948,3
2887,3552,4
2887,2502,1
2887,1285,1
2887,3104,2
2887,322,2
2887,2108,1
2887,3671,3
2887,3361,3
2887,2997,1
2887,3897,3
2887,2918,3
2887,801,1
2887,3397,1
2887,3398,4
2887,34,2
2887,2471,4
2887,1605,1
5359,1012,1
5359,1136,4
5359,3893,2
5359,3354,1
5359,709,1
5359,968,2
4277,2145,2
4277,1290,1
2918,1307,2
1733,1517,2
4958,2011,3
4958,1810,2
4958,1291,4
4958,3253,2
4958,3408,3
4958,1269,1
4958,2022,1
4958,3066,3
4958,2125,4
4958,1204,2
4958,1704,4
4958,3072,2
4958,1073,2
4958,2890,3
4958,2502,2
4958,1293,2
4958,1231,3
4958,920,2
4958,3549,2
4958,3812,3
4958,1086,3
4958,1840,1
4958,3296,3
4958,110,2
4958,3334,2
4958,1610,2
4958,2858,1
4958,3814,4
4958,1035,1
1776,2672,3
4958,2064,3
4958,1302,4
4958,150,1
4958,3868,1
4958,2924,2
4958,3281,4
4958,3089,2
4958,595,2
4958,2681,3
4958,932,1
4958,1207,3
4958,2947,4
4958,1262,4
1776,3893,4
1426,916,3
4958,2390,2
4958,2330,3
4958,1356,2
4958,329,3
4958,1573,4
4958,1653,3
4958,2640,4
4958,3699,4
4958,3793,2
4958,589,3
4958,480,1
4958,32,1
4958,2232,4
424,2875,4
424,3744,1
1340,293,1
1303,3074,2
1303,965,2
1303,914,1
1303,2686,3
1303,707,3
1303,1084,3
1303,1248,2
1303,1204,2
1303,1254,4
1303,1262,4
1303,1513,4
1303,3578,1
1303,3910,4
2887,1591,1
2887,3440,3
2887,1556,4
2887,1438,4
2887,3113,3
2887,2815,3
2887,3316,2
2887,3717,2
2887,2376,1
2887,2105,4
2887,494,4
2887,1488,3
2887,303,4
2887,1792,2
2887,2989,3
2887,2617,1
2887,1127,3
2887,2273,4
2887,3639,3
2887,2278,2
2887,1616,1
2887,610,3
2887,3635,4
2887,3178,1
2887,2944,2
2887,2640,2
2887,2006,3
2887,2949,3
2887,1304,3
1246,2010,3
1246,2662,3
1246,1702,1
2985,1721,3
2985,2641,4
2985,1210,3
2985,2640,1
2985,2628,2
2985,329,3
2985,1375,4
2985,377,2
2985,1035,3
2985,2081,4
2985,1580,2
2985,2571,4
2985,780,2
2985,1393,1
2985,480,1
2985,2324,3
2985,1265,3
2985,2291,3
2985,1097,2
2985,2018,3
2985,2015,4
2985,2011,2
2985,1270,2
2985,2701,3
2985,3793,1
2985,3157,3
2985,2762,2
2985,2961,3
2985,2396,1
2985,1513,3
2985,2394,2
2985,2716,3
2985,2712,4
2985,2336,2
2985,1911,4
2985,2041,4
2985,2355,1
2985,3751,3
2985,2710,1
2985,2694,4
2985,2706,2
2985,2572,4
2985,1127,2
1301,3481,3
1301,2690,1
1733,1729,4
4186,3093,2
4186,3949,2
4186,2732,3
4448,333,4
4448,3235,1
4448,3947,4
4448,3196,2
4448,1907,4
1605,3862,2
4831,1270,1
4831,1907,3
4831,2018,3
4831,1124,2
4831,1265,4
4831,590,2
4831,2442,2
4831,2176,1
4831,58,3
4831,899,2
4831,3471,2
4831,3505,2
4831,1292,4
4831,1678,3
4831,1132,1
4831,1955,1
4831,1172,3
4831,3072,2
2395,335,4
4831,1031,4
4831,910,4
4831,1204,2
424,2729,2
3462,101,2
4042,786,3
195,2585,4
2985,1200,1
2985,1214,2
2985,762,2
2985,1266,1
2985,1704,4
2985,2078,4
2985,19,1
2985,1377,1
2985,2429,4
2985,1556,4
2985,126,1
2985,466,3
2985,2143,3
2985,1676,4
2985,2916,4
2985,1674,4
2985,852,4
2985,3699,2
2985,260,3
2985,2144,3
2985,1372,3
2985,2985,3
2985,2671,4
2985,1961,4
2985,2140,1
2985,3471,1
2985,110,1
1125,761,3
424,553,2
1019,101,2
424,930,1
1451,303,3
1451,1378,4
1451,2951,1
1451,1920,2
1451,2670,3
1451,2413,1
1451,1092,3
1451,519,4
1451,3624,2
4042,2340,1
4042,1953,1
1306,3909,2
1125,1307,2
1125,3361,3
1348,881,2
1348,2,4
1348,54,2
1348,1009,1
1348,711,2
1348,1806,3
1348,586,3
1348,1012,1
1348,2014,1
1348,3948,3
1348,912,2
2905,1459,1
2905,1689,4
2905,1422,3
2905,1597,3
2063,1083,4
1421,581,4
2905,2034,1
1851,3646,3
1851,2404,1
1851,87,2
1851,88,4
1851,191,2
1851,3695,3
1851,415,2
1851,466,4
1851,2143,2
1851,1056,4
1851,2403,4
1851,1729,3
1851,2076,4
1851,2003,3
1851,1297,1
1851,377,2
1958,2574,3
1958,118,4
624,377,2
2859,1136,1
2859,1641,1
1246,1394,1
1246,3363,2
343,1387,2
343,2269,3
1748,2424,3
1748,1777,4
1748,3173,3
4042,3070,1
4042,548,3
1748,548,1
4042,2541,2
3953,1997,1
3953,1126,1
3953,1732,1
3953,1011,2
3953,2379,1
3953,3671,1
3953,1291,4
3953,2657,2
3953,2019,2
3953,1449,3
3953,1198,1
3953,2139,2
3953,1079,3
3953,2378,1
3953,1201,2
3953,2467,3
3953,15,1
3953,3082,4
3953,3030,4
3953,153,2
3953,1127,1
3953,2959,4
3953,2398,2
3953,3760,3
3953,520,4
3953,1125,1
3953,1907,2
3953,1197,3
3953,2371,3
3953,1031,1
3953,2369,2
3953,1801,2
3953,10,3
3953,720,4
3953,2088,1
3953,1073,3
3953,3635,2
3953,3639,3
3953,2640,2
3953,2034,2
3953,2004,2
3953,1297,4
3462,2325,2
3368,150,3
3368,420,1
3368,3039,1
3368,3552,1
3368,3916,2
3368,161,1
3368,524,4
3368,1101,4
3368,3354,3
1306,3783,3
648,3197,4
648,3653,2
2272,3513,2
4829,849,4
2380,953,2
2380,912,3
2380,1380,1
2380,1947,4
2380,1247,4
2395,3183,1
752,1897,2
5723,3882,2
195,392,1
5063,2687,2
1352,2351,4
1352,778,4
1352,1859,1
1352,2396,3
1352,3949,4
1352,1965,2
1352,1267,2
1352,608,4
1352,110,4
1352,2512,2
1352,1173,4
1352,1175,4
5359,2352,2
1352,3010,1
1088,1413,4
1088,1748,2
1088,2935,2
1088,376,4
424,29,2
1748,3056,2
1748,314,4
1748,1187,3
1748,3700,4
1748,1130,3
1748,2511,2
1748,383,4
1748,922,3
1748,2180,1
1748,2181,2
1748,1333,4
1748,2929,4
1274,2337,4
1748,1080,3
1352,25,3
1352,665,3
5682,338,2
5359,2116,2
5682,553,3
5333,262,3
5682,2478,4
5682,548,4
5682,1017,3
5682,1591,2
5682,542,3
5682,2094,3
5682,3512,1
5682,1198,3
5682,303,2
5682,185,1
5682,44,4
1599,2330,3
5682,1687,2
5682,780,3
5682,3489,2
5682,2995,1
5682,21,4
5682,464,2
5682,2719,1
5682,1500,3
5682,799,2
5682,809,2
5682,3802,4
5682,2509,2
5682,849,1
5682,225,1
5682,442,1
5682,1000,4
5682,3952,2
5682,78,2
5682,836,3
5682,2694,3
5682,2496,3
5682,88,2
5682,541,2
5682,3898,3
5682,3285,1
5682,153,3
5682,3272,3
5682,1352,2
5682,999,1
1425,2891,4
3824,1849,3
3693,2917,4
4448,3858,3
4448,3408,2
4448,3893,4
5394,2579,4
1733,3108,2
1352,1217,1
1352,3415,2
1352,1131,1
1352,2925,3
1352,1189,2
1352,1237,4
1352,1260,2
1352,3160,2
1421,858,4
5453,3256,4
5453,2334,4
5453,1620,1
5453,481,3
5453,1754,3
5453,1805,2
5453,1552,2
1605,3912,4
1605,1733,3
5453,230,4
5453,292,1
5453,2273,1
5453,1608,4
5453,1683,4
5453,1645,1
5453,2353,3
5453,2058,3
5453,1343,3
5453,832,4
5453,1722,3
5453,1732,2
5453,1845,3
5453,1892,4
5453,454,2
5453,3044,2
5453,2483,4
5453,161,4
5453,1834,4
5453,733,1
5453,1625,3
5453,1358,1
5453,47,3
5453,3363,4
5453,1719,2
5453,25,2
5453,2918,3
5453,2791,3
5453,1704,4
5453,1225,1
5453,800,2
5453,923,1
5453,1252,3
5453,3733,4
5453,1931,1
1776,1342,3
5453,1210,3
5453,3114,2
1776,1888,4
5453,2763,1
5453,3745,1
5453,3176,3
1776,1457,3
1776,2297,2
5453,2841,3
5453,3617,3
5453,2724,2
5453,2395,2
5453,2692,2
5453,2598,4
5453,3753,1
5453,2490,2
1776,2567,3
5453,2502,4
1776,2236,1
5453,2690,1
5453,2734,4
5453,3752,3
5453,2676,4
5453,3826,3
5453,2719,3
1776,1921,4
5453,3717,3
5453,2688,4
5453,2716,2
5453,3409,2
1776,2633,3
5453,2599,1
5453,3113,4
5453,2881,1
5453,2722,2
5453,3751,1
5453,2433,4
5453,3298,2
5453,2694,1
5453,2770,3
5453,2771,4
5453,3285,1
5453,2707,3
5453,2706,2
1776,3175,1
5453,2826,2
5453,2572,4
1776,2978,1
1776,62,4
1776,2268,1
1776,3499,3
2910,1729,1
2910,296,3
2910,1089,4
2910,2788,1
2910,1136,1
2910,1080,2
2910,1199,3
424,333,4
424,785,1
549,3596,4
549,3511,3
549,3826,1
549,3453,2
549,3354,4
549,3821,2
549,3616,3
549,3752,4
549,3177,1
549,3565,3
549,3291,1
549,3754,4
549,3863,2
549,3798,4
549,3952,4
549,3893,1
752,2360,3
752,3124,1
752,2621,2
752,1278,1
752,3823,3
752,1059,1
752,3546,4
752,340,2
752,1777,3
752,4,2
752,3556,2
752,2715,3
752,1266,4
752,3262,2
752,2725,4
752,32,4
752,1508,1
752,2105,1
752,1101,4
752,45,4
752,852,3
752,1190,4
752,1288,2
752,2478,1
752,2763,2
752,2436,2
752,1189,2
752,1923,3
752,3852,1
752,861,1
752,781,2
752,1234,1
752,329,3
752,2393,1
752,1834,3
752,3827,3
752,195,2
752,3185,3
752,2144,1
752,2762,1
752,593,2
752,1537,4
752,2028,1
752,2273,2
752,112,3
752,522,2
752,3452,1
752,376,2
752,3495,4
752,1231,3
752,1150,2
752,43,3
752,1961,4
752,1280,1
752,1810,1
752,293,3
752,1442,2
752,1814,1
752,1363,2
752,2007,2
752,1921,2
752,3608,4
752,1361,1
752,1885,3
752,2506,4
752,1912,4
752,605,4
752,2501,2
752,2671,1
752,282,2
752,269,2
752,2302,1
752,1390,1
752,1080,3
752,3425,2
752,2844,4
752,991,3
752,368,2
752,2111,1
752,3702,1
752,3704,4
752,2542,1
752,2746,1
752,2494,1
752,1960,1
752,1730,3
752,2405,4
752,1387,2
752,476,2
752,1594,4
752,118,1
752,3178,2
752,1610,3
752,1648,3
752,2952,1
752,2318,4
752,3,3
752,1265,4
752,3095,1
752,2735,2
752,858,1
752,1882,1
752,2688,1
752,357,2
752,236,3
752,18,3
752,2959,3
752,1527,1
752,3795,3
752,2918,2
752,1573,1
752,1416,3
752,2599,2
752,2575,2
752,2434,3
752,3052,2
752,165,4
752,2616,1
752,2871,1
752,1870,3
752,2977,2
752,161,3
752,3060,3
752,1206,2
752,1392,1
752,3148,1
752,123,1
752,1006,4
752,2787,2
752,3361,1
752,3786,3
752,3882,3
752,1968,3
752,388,3
752,427,1
752,1220,1
752,3911,2
752,674,1
752,2018,2
752,2011,2
752,1270,1
752,1517,4
752,148,1
752,1917,2
752,3173,4
752,1694,4
752,1208,2
752,1693,4
752,1230,3
752,806,4
752,3909,4
5539,2243,1
1733,2610,1
624,930,4
1421,2952,2
2859,3565,2
1556,3298,4
1556,3510,3
1837,216,2
3051,3556,2
1246,1387,1
1246,1204,4
1246,2804,3
1246,3844,2
1246,3168,3
195,1237,4
424,2788,2
424,3000,2
424,3753,4
424,3272,3
424,3298,2
424,951,2
2395,3421,4
2395,2841,2
2395,3510,2
1211,1097,1
195,3192,4
195,1230,3
4600,742,3
5359,1189,3
5359,1188,4
5359,1997,1
5359,3114,2
5359,1363,1
5359,2403,3
1980,3307,1
343,3360,2
343,1247,2
1451,3408,1
5453,1193,2
937,2404,3
937,1257,1
937,2034,3
937,1678,4
937,1466,2
2688,3615,4
2122,2297,4
1306,342,3
5650,2406,2
4294,3157,3
4294,1997,1
1733,2846,2
624,2869,3
1912,3415,2
2847,1882,2
2847,160,3
2847,2799,2
2847,2701,1
2847,546,4
2847,1831,2
2847,839,3
2847,2953,2
2847,1968,1
2847,485,2
2847,196,1
2847,1591,4
2847,2986,3
2847,1644,4
2847,3439,2
2847,2708,2
2847,273,1
2847,435,2
2847,2840,2
2847,1894,1
2847,2393,2
2847,410,4
2847,288,1
2847,1608,1
2847,3247,1
2847,784,4
2847,1544,3
2847,3264,1
2847,2616,3
2847,3254,3
2847,1126,2
2847,454,3
2847,2699,3
2847,3107,2
2847,1416,4
2847,1020,4
2847,586,1
2847,520,2
2847,500,2
2847,3263,4
2847,1015,4
2847,587,4
2847,3697,2
2847,2025,4
2847,2124,1
2847,3261,2
2847,3285,2
2847,597,3
2847,539,2
2847,2120,3
2847,1050,1
2847,832,3
2847,805,4
2847,231,4
2847,2273,2
2847,3809,2
2847,733,4
2847,1721,4
2847,333,2
2847,553,3
2847,163,3
2847,1805,2
2847,1895,1
2847,3386,4
2847,543,2
2847,1735,2
2847,3477,2
2847,3255,3
2847,1120,3
2847,349,4
2847,590,1
2847,508,2
2847,2356,1
2847,63,1
2847,150,3
2847,1584,1
2847,2671,4
2847,52,4
2847,551,4
2847,62,4
2847,1682,1
2847,321,3
2847,1673,2
2847,318,4
2847,3824,3
2847,3785,3
2847,1784,3
2847,2142,1
2847,2279,2
2847,3484,2
2847,3755,3
2847,3177,2
2847,3617,2
2847,3916,3
2847,3535,3
2847,3536,4
2847,3910,4
2847,3949,2
2847,2143,1
2847,88,1
2847,1262,2
2847,3793,3
2847,3317,1
2847,1379,3
2847,2335,3
2847,2193,1
2847,3253,1
2847,50,1
2847,1777,4
2847,1059,3
2847,1101,3
2847,2253,2
2847,778,1
2847,736,3
2847,380,2
2847,379,2
2847,3418,2
2847,2478,2
2847,3438,4
2847,1240,2
2847,1025,4
2847,1923,1
2847,3274,3
2847,1374,4
2847,1396,3
2847,377,4
2847,329,2
2847,1372,4
2847,1356,3
2847,594,1
2847,3744,3
2847,3729,2
2847,3273,4
2847,1407,3
2847,1717,2
2847,2396,2
2847,47,3
2847,2278,2
2847,2985,3
2847,1954,2
2847,3527,1
2847,2087,4
2847,2502,3
2847,1193,4
2847,2490,2
2847,3623,3
2847,2162,2
2847,648,1
2847,3174,3
2847,2006,2
2847,367,1
2847,1580,4
2847,1391,1
2847,2001,2
2847,2081,1
2847,180,2
2847,1949,2
2847,364,1
2847,1393,4
2847,1617,1
2847,480,1
2847,3489,3
2847,1291,4
2847,466,4
2847,3481,2
2847,780,4
2847,1500,3
2847,3450,1
2847,104,4
2847,1265,4
2847,3448,4
2847,3578,3
2847,2580,2
2847,2023,2
2847,1221,2
2847,1213,2
2847,858,4
2847,920,3
2847,457,4
2847,1222,2
2847,70,4
2847,21,1
2847,2918,1
2847,1527,3
2847,1302,2
2847,2599,1
2847,2291,1
2847,2195,2
2847,1276,1
2847,1587,1
2847,353,3
2847,39,2
2847,1342,2
2847,1022,4
2847,1343,3
2847,923,1
2847,1250,4
2847,2167,4
2847,2710,4
2847,348,4
2847,2797,1
2847,3566,2
2847,2683,3
2847,2012,4
2847,2141,2
2847,413,3
2847,1132,1
2814,2987,2
2814,2961,4
2814,2396,3
2814,2906,1
2814,2805,3
2814,2997,4
911,3066,1
195,2560,4
3391,3925,4
3391,2023,1
3391,3055,4
3391,581,4
3391,3114,3
3391,1304,1
424,3512,4
424,161,1
2395,3515,4
2395,3408,1
1088,2094,3
1088,2598,4
1088,43,4
1088,906,2
1088,292,4
1088,151,1
3592,3897,3
1579,2233,4
1164,299,2
4647,2395,3
1164,2243,1
1421,593,4
5539,1704,3
5539,1784,1
424,2099,4
424,911,4
3518,3902,3
3971,2057,3
2247,1259,1
2247,1253,2
2247,982,4
2247,908,1
1422,1126,4
1422,2300,1
1425,3268,4
1425,2410,2
1425,2799,3
1425,2409,3
1425,393,3
1425,317,2
1425,2552,3
1425,1658,2
1425,1480,3
1425,3081,3
1425,1396,1
1421,1057,3
1425,2300,1
4277,3128,1
2176,1212,1
5394,2300,3
3203,3500,4
1421,2231,2
1451,1922,1
3691,2329,4
4823,1204,1
1001,2683,1
1812,3247,2
1812,2683,2
1812,2625,4
1812,2455,1
1812,2424,1
1812,2280,1
1421,663,4
1019,3535,3
1019,2952,1
1019,431,2
3971,162,4
4934,3753,3
237,3686,4
237,1012,1
4934,2966,4
3462,3160,3
1599,215,4
424,3857,3
1748,2918,3
1748,3639,1
710,3913,2
1306,3717,4
3332,3597,1
3332,2692,3
1854,1136,4
1854,2804,4
1854,1283,3
1854,1214,3
1854,1206,2
1854,1230,1
1854,912,4
1854,1213,3
1854,3360,4
1854,1196,4
1854,608,2
1854,260,2
1854,1617,2
1854,527,4
1854,50,2
1854,1221,2
1854,318,1
1854,2137,4
1854,105,3
1854,349,4
1854,1892,3
1854,180,4
1854,1358,1
1854,3743,1
1854,1894,1
1854,2003,2
1854,2796,2
1854,1022,4
1854,606,3
1854,417,4
1854,2723,3
1854,2248,4
1854,2051,2
1854,1036,1
1854,1888,4
1854,2146,2
1854,327,1
1854,2391,4
1854,678,1
1854,36,3
1854,236,2
1854,3798,3
1854,920,3
1854,2234,2
1854,1126,1
1854,1275,3
1854,2791,4
1854,317,1
1854,1370,4
1854,2474,2
1854,1721,1
1854,3763,3
1854,3869,1
1854,1954,1
1854,2528,4
1854,2005,4
1854,852,2
1854,2872,3
1854,2616,4
1854,1266,4
1854,648,1
1854,778,3
1854,2378,2
1854,216,2
1854,2968,3
1854,1257,3
1854,2011,2
1854,804,2
1854,916,3
1854,2571,2
1854,2454,2
1854,15,1
1854,1641,2
1854,2572,2
1854,3148,4
1854,2,1
1854,193,3
1854,1610,1
1854,548,2
1854,736,3
1854,3760,2
1854,3704,3
1854,104,2
1854,1375,3
1854,1220,3
1854,1971,1
1854,3712,2
1854,57,1
1854,1960,3
1854,1380,1
1854,1347,4
1854,1674,4
1854,866,2
1854,2321,2
1854,2193,1
1854,421,4
1854,2018,1
1854,858,2
1854,1198,4
1854,585,4
1854,2985,2
1854,2001,4
1854,19,1
1854,208,1
1854,1246,4
1854,3707,1
1854,196,3
1854,3040,2
1854,2690,2
1854,2261,4
1854,2371,4
1854,3679,3
1854,1611,3
1854,435,2
1854,2617,2
1854,2288,4
1854,1983,1
1854,160,1
1854,515,4
1854,2379,1
1854,3006,3
1854,3255,4
1854,2340,1
1854,3699,2
1854,3527,4
1854,1586,3
1854,663,4
1854,3671,4
1854,2269,4
1854,3052,2
1854,2064,4
1854,1639,2
1854,3115,3
1854,246,4
1854,3412,1
1854,350,1
1854,3703,1
1854,3168,4
1854,3638,2
1854,2421,2
1854,1021,3
1854,88,4
1854,552,4
5630,1676,3
1854,2422,3
1854,2088,2
1854,3018,4
5630,780,1
1854,3423,2
1854,3390,2
1854,420,2
1854,1821,3
1854,1027,1
1854,3185,3
1854,1387,3
1854,3692,4
1854,3247,4
1854,1608,1
1854,3424,1
1854,1408,2
1854,3263,1
1854,1643,4
1854,1476,3
1854,2327,2
1854,3877,4
1854,2567,2
1854,291,4
1854,1100,3
1854,151,3
1854,3072,3
1854,788,3
1854,780,1
1854,733,2
1854,2278,4
1854,3917,4
1854,364,3
1854,292,1
1854,2410,1
1854,595,4
1854,3785,3
1854,3837,1
1854,3249,3
1854,231,1
1854,1835,1
1854,1191,2
1854,529,3
4834,3746,3
4834,2769,2
4834,3624,4
4834,2076,3
4834,3251,1
4834,1446,3
2641,3428,3
2641,2374,2
2641,1580,2
2641,88,4
3732,1073,4
4647,117,2
195,126,1
2188,2976,2
1088,1089,4
1088,2045,3
1088,2726,4
5359,3861,2
4042,6,2
1164,3862,4
1164,454,3
1164,838,1
1998,1259,2
1998,2511,4
1998,1213,1
1998,3730,1
1998,1199,4
1998,3362,1
1998,3462,4
1998,3834,2
1998,1358,3
1998,1023,4
1998,2268,1
1998,946,1
1998,3475,1
1998,1287,2
1998,904,1
1998,2028,1
1998,1945,2
1998,2212,1
1998,3429,3
1998,1272,4
1998,2430,1
1998,1263,3
1998,2762,2
1998,260,2
195,330,4
1998,3307,4
1998,906,3
1998,1254,4
1998,897,2
624,1355,3
5689,1500,2
3519,920,1
3519,3717,3
1998,3515,4
1998,3827,2
1998,3893,2
1998,3624,2
1998,3317,4
1998,3911,2
1733,523,1
5539,978,4
5539,954,3
5539,3134,4
5539,944,1
3648,88,2
3648,3428,4
3648,1257,2
349,2890,2
349,3301,2
349,1358,3
349,1393,3
349,2889,1
349,3037,3
349,1597,3
349,3638,3
710,1884,2
1958,2840,3
3824,41,1
3693,168,2
5100,1320,3
3410,110,2
2860,52,4
2860,3317,3
424,2474,4
624,1964,3
624,293,3
424,68,1
424,3032,2
1306,708,3
195,2860,4
2195,3269,3
195,3532,2
195,849,4
2195,1429,1
2195,2021,2
2195,2549,4
5011,2712,3
1812,3721,1
1812,3556,3
1812,2069,1
1812,3264,1
1812,47,3
1812,3826,1
1812,1941,4
1812,1036,2
1812,2616,3
424,3949,4
2376,1964,1
195,1248,3
349,1777,2
349,1663,1
349,3760,4
349,231,3
349,3210,1
349,2918,3
349,3898,1
349,3646,1
349,2860,1
349,3688,1
349,2502,4
349,1370,1
349,3552,1
349,165,1
2122,69,3
4186,1339,4
4186,804,2
4186,1347,4
4186,516,3
4186,1466,1
4186,3928,1
4186,3638,3
4186,506,2
4186,3078,4
4186,1024,2
4186,538,3
1451,3375,3
1451,3576,2
1451,29,4
349,1994,3
349,527,1
349,2427,3
349,3273,2
349,2338,2
4823,1244,1
3051,3946,2
2239,527,4
2239,3949,2
195,441,3
1164,3183,2
1164,2914,2
1164,1860,2
1912,3524,4
1912,2416,3
2859,2393,4
2859,329,1
2859,1375,4
2859,1373,3
1425,942,3
3452,1393,4
3452,908,2
3452,2395,2
1912,1283,4
5723,2599,1
5723,3264,4
5723,2355,2
1912,1224,2
5265,1287,3
5265,1393,2
5265,1678,1
1088,3675,1
1088,3892,3
1088,3061,3
3259,50,1
3259,800,3
3259,903,2
424,1918,1
424,1875,1
349,70,4
5387,58,4
5387,2067,3
5387,1676,3
2380,2683,4
1958,1681,2
1958,1126,1
2810,1088,1
1958,355,2
2810,900,2
2810,3565,1
1958,9,4
1958,4,4
1958,548,1
1958,204,1
1958,1863,2
2810,3174,1
1958,2170,1
2810,1015,3
1958,1744,4
1958,2888,2
2810,168,3
1958,782,2
1958,1003,4
2810,3270,3
2810,1022,3
1958,410,2
1958,256,2
2810,185,1
2810,1752,1
2810,1717,3
1958,1804,4
2810,61,1
2810,1438,2
2810,292,1
2810,1407,1
2810,1608,1
2810,1620,1
2810,1615,3
2810,832,1
2810,377,1
2810,2391,4
2810,608,3
2810,1358,1
1958,1605,1
1958,1753,3
1958,1480,3
1958,1061,3
1958,3100,1
1958,2071,1
1958,1200,3
1958,193,2
2859,2248,3
2859,2671,3
2859,785,1
2859,1190,1
2859,2686,1
1019,2809,4
1019,988,2
1142,3578,1
1142,2683,1
5650,1371,3
5650,2105,4
5650,2300,3
5650,899,2
5650,914,1
5650,913,2
5650,170,1
5650,1196,2
5650,2950,1
5650,1286,1
5650,3684,3
5650,3685,4
5650,455,3
5650,107,4
5650,1032,2
5650,3398,4
5650,1013,2
5650,1460,4
5650,3397,4
5650,1983,3
5650,2338,4
5650,1972,1
5650,1985,1
5650,2279,2
5650,1692,4
5650,1969,3
5650,1971,3
5650,2107,2
5650,1690,2
5650,1644,3
5650,3273,1
5650,1970,4
5650,1973,4
5650,1320,4
5650,3535,2
5650,1215,2
5650,1347,1
5650,3476,1
5650,1130,1
5650,1997,1
5650,1258,4
5650,1214,4
5650,1278,2
5650,2040,4
5650,1011,2
5650,2877,4
5650,2014,2
5650,2779,1
2105,1061,3
5650,2013,2
5650,1955,2
5650,3421,3
5650,1292,4
5650,3363,4
5650,3671,1
5650,3471,4
5650,1234,1
5650,3396,3
5650,586,4
5650,1641,2
5650,3825,3
5650,3948,2
5650,3615,1
5650,3408,1
5650,3916,3
5650,3751,2
5650,3784,3
4802,2441,2
678,2570,4
65,3821,2
343,3863,4
3054,2238,4
1355,1947,2
1355,1393,4
1355,3668,2
1355,2941,4
1355,1183,4
1355,1094,3
1355,900,1
1355,930,3
1355,1265,4
1355,914,3
1355,936,4
1355,17,3
1355,293,4
1355,969,4
1355,928,2
1355,920,3
1355,915,2
1355,2067,1
1355,1244,1
1355,899,3
1355,898,1
1355,2396,2
1355,912,3
1355,1247,1
1355,3068,4
1355,908,2
1348,1588,4
1348,1073,3
1348,1097,3
1348,908,3
3224,379,1
3224,2628,1
3224,198,4
3224,2243,4
5520,3304,3
1599,3713,3
1647,2799,1
1647,102,3
1647,3437,4
1647,2798,4
1647,2296,2
1647,419,3
1647,1681,1
1647,3835,1
1647,3774,1
1647,489,2
1647,3031,4
1647,193,2
1647,1562,4
1647,3773,1
1647,886,4
1647,3248,2
1647,19,3
1647,1359,2
1647,694,2
1647,267,4
1647,510,3
1647,1363,1
1647,542,4
1647,420,4
1647,1839,4
1647,782,2
1647,1432,2
1647,20,4
1647,765,4
1647,414,3
1647,833,3
1647,1461,2
1647,1601,1
1647,208,2
1647,464,1
1647,2188,1
1647,1665,2
1647,1438,2
1647,485,1
1647,153,3
1647,1431,3
1647,1593,4
1647,1863,1
1647,135,2
1647,424,3
1647,499,4
1647,1686,1
1647,3258,1
1647,434,1
1647,256,3
1647,2881,4
1647,830,4
1647,277,1
1647,370,2
1647,533,1
1647,725,4
1647,3489,4
1647,327,1
1647,520,2
1647,1687,1
1647,818,3
1647,288,3
1647,1606,3
1647,2335,3
1647,63,2
1647,1390,2
1647,2688,3
1647,95,2
1647,248,2
1647,186,2
1647,333,1
1647,44,4
1647,209,3
1647,344,1
1647,2979,1
1647,3247,2
1647,1468,3
1647,494,1
1647,410,4
1647,3208,1
1647,2505,2
1647,1513,1
1647,1792,4
1647,1367,3
1647,2169,4
1647,1377,1
1647,2625,2
1647,1552,3
1647,1894,2
1647,500,3
1647,1020,2
1647,450,4
1647,231,2
1647,736,2
1647,292,3
1647,3869,1
1647,1027,4
1647,585,1
1647,358,1
1647,1918,3
1647,552,2
1647,2723,4
1647,2772,1
1647,1447,3
1647,2089,2
1647,1754,4
1647,524,1
1647,1485,1
1647,2496,1
1647,2325,3
1647,2334,4
1647,2879,4
1647,2124,1
1647,2581,2
1647,2617,1
1647,2273,4
1647,3686,4
1647,2447,3
1647,2567,3
1647,3263,1
1647,3809,1
1647,785,2
1647,112,4
1647,2297,3
1647,3082,4
1647,1858,4
1647,10,2
1647,1722,3
1647,1614,3
1647,69,4
1647,163,4
1647,852,3
1647,647,2
1647,3617,1
1647,1640,1
1647,302,3
1647,1442,1
1647,2329,1
1647,2713,4
1647,3877,1
1647,88,4
1647,609,3
1647,107,3
1647,2403,1
1748,798,2
1748,2991,3
1125,2026,2
195,3700,1
1165,3784,3
5682,3535,3
5682,3534,3
1165,1702,4
2239,1371,2
2239,2628,2
2239,1921,1
5539,3478,1
5539,2302,1
2905,2455,4
2905,780,1
2905,2628,2
2905,1580,3
2905,1573,2
2905,2641,4
2905,3927,2
2905,589,1
2905,1127,1
2905,2640,3
2905,1214,3
2905,32,1
2905,480,2
2905,1028,4
2905,588,1
2905,586,4
2905,595,4
2905,2083,2
2905,2384,3
2905,2687,1
2905,531,3
2905,262,1
2905,364,1
2905,317,2
2905,2294,3
2905,1907,4
2905,1566,3
2905,3157,4
2905,3114,1
2905,3213,4
2905,783,4
2905,34,2
2905,3591,4
2905,3308,3
2905,2150,2
2905,2145,3
2905,2746,1
2905,1378,1
2905,2011,2
2905,2144,3
2905,1135,3
2905,2245,1
2905,3210,1
2905,2407,2
2905,3552,2
2905,1220,2
2905,2000,3
2905,1968,3
2905,1663,4
2905,3039,1
2905,2081,1
2905,2064,2
2905,2797,3
2905,2352,3
2905,1079,3
2905,1394,4
2905,2791,4
2905,2918,1
2905,2174,2
2905,3526,3
2905,3104,2
2905,3868,3
2905,2804,4
2905,3072,3
1165,296,4
4829,1259,1
1246,1206,3
1246,2116,3
1246,1199,4
1246,2117,4
1246,1375,2
1246,1129,3
1246,2288,4
1246,3701,1
1246,3070,1
1246,435,2
1246,256,2
1246,1372,1
1246,1603,3
1246,880,2
1246,2053,4
1246,3156,2
1306,2034,3
1306,485,1
1306,20,2
3051,3555,3
5689,3910,1
1645,1219,1
1645,2140,3
1645,1333,3
1645,1784,3
1645,223,3
1645,3114,2
1645,3324,4
1645,3743,2
1645,3286,1
1645,3534,4
1645,3882,2
1645,3893,1
1733,3498,3
4802,2594,2
4802,47,2
1301,1081,1
1019,3893,1
1019,141,3
1019,1935,4
1912,480,1
349,2719,3
349,1644,1
349,1407,4
1142,3900,4
424,2454,3
424,36,2
424,1916,3
195,2617,3
1748,1432,1
1982,3328,1
1982,3916,2
1982,150,2
1982,1500,3
1982,3147,2
1982,47,2
1982,2501,1
1982,589,3
1579,3639,4
624,2023,2
3520,2762,1
3520,2968,3
3520,2700,4
3520,2194,4
3520,45,4
3520,2918,1
3520,1392,4
3520,2599,4
3520,3908,2
3520,3454,3
3520,3825,3
3520,3316,3
3520,3409,3
3520,3326,4
3520,3830,2
3520,3355,4
3520,3225,1
3520,3786,4
3520,3452,2
3520,3300,2
3520,3571,4
3520,3882,3
3520,3623,2
3520,3900,4
3520,3753,4
3520,3867,3
3520,3189,1
3520,3328,4
3520,3624,1
3520,3952,3
3520,3852,4
3520,3865,3
3520,3185,2
3520,3317,1
349,3686,2
3824,3861,2
3824,3114,4
3824,2997,1
3452,3827,3
3452,3952,3
424,921,1
937,1377,3
937,3695,3
937,3826,1
937,191,1
937,2403,3
937,1297,4
937,1056,4
937,3468,4
4277,3150,3
667,3563,4
349,2683,3
349,1517,2
531,543,1
2766,1220,4
2766,1772,4
2766,3039,1
2766,1193,1
2766,3360,3
2766,1951,1
2766,596,1
2766,1954,1
2766,912,3
1088,1077,1
1088,976,2
1748,2753,3
1748,3883,2
2239,541,4
1912,2920,3
3203,1393,2
3203,921,4
1912,348,4
349,292,1
5312,1597,2
3051,168,1
3051,1921,3
3824,2359,2
349,442,4
349,1544,1
192,987,1
1912,1080,3
624,1206,2
2859,3053,3
2859,1333,2
2859,345,4
5312,2023,4
5312,1221,1
4842,3831,3
4842,3481,4
4842,3897,4
4842,3317,2
2380,3287,3
2860,1719,1
5949,2769,2
5949,3858,2
5949,3950,2
5949,3897,4
1912,2610,4
1912,3638,4
1912,3469,2
1447,2391,3
1447,2917,1
1447,2952,3
1912,111,2
1425,2446,4
1425,2761,1
1425,1063,4
1425,473,2
1425,1291,2
1425,2450,1
1425,3790,3
1425,3388,2
1425,3466,4
1425,2449,1
1425,234,2
1425,2535,4
1425,1126,3
1425,3945,4
1425,31,2
1425,3471,3
1425,3429,1
1425,2408,2
1425,1392,2
1425,923,4
1425,2122,3
1425,160,1
1425,430,1
1425,212,3
1425,2036,3
1425,1784,3
1425,3718,4
1425,3051,1
1425,150,2
1425,19,4
1425,2792,4
343,455,2
1425,3721,3
1599,318,3
1599,48,2
1599,3949,4
1599,39,1
1599,2416,3
1125,454,2
1748,761,3
3504,922,3
3504,2775,4
1733,1461,1
1733,3119,3
1912,1730,1
349,2986,4
1306,1552,4
1306,2707,2
1306,802,1
1306,2844,2
1306,3536,4
1912,3789,1
5172,1393,4
5172,3068,2
5172,2273,3
5172,1047,1
5172,1527,4
5172,349,1
5172,2278,3
5172,377,2
5172,1610,1
5172,555,1
5172,474,2
5172,2353,4
5172,3267,4
5172,2571,4
5172,780,3
5172,1676,4
5172,3426,4
5172,917,3
5172,1252,4
5172,2012,1
5172,3668,3
5172,3616,2
5172,2717,4
5172,2027,2
5172,2502,3
5172,1912,4
5172,2136,1
5172,1395,2
5172,81,3
795,3510,2
795,3408,3
795,2683,1
4277,3877,4
4277,3500,2
4277,1014,3
4277,1083,2
4277,3251,3
4277,107,1
2841,3790,1
2841,3753,1
2841,3915,3
1912,539,3
1733,3241,4
1524,1517,4
1524,2683,1
349,761,1
1912,3384,4
3054,3627,1
3054,3089,4
3054,3617,4
3054,1639,1
5723,2826,2
5723,565,1
1246,2609,4
3054,1204,1
3054,599,2
5723,3155,4
5723,1257,3
5723,3527,3
5723,1297,4
5723,1275,2
1246,456,1
1246,3821,3
1246,3617,3
1246,3623,3
1671,1682,1
1671,3450,2
1671,2424,1
1671,2496,1
1671,2369,3
1671,2029,1
5277,3198,4
5277,1263,4
5277,3911,3
5277,3584,1
5277,3359,3
5277,3253,4
5277,1722,2
424,3481,1
5359,2021,2
1306,3004,2
1306,2302,2
1306,778,2
1306,150,4
1306,724,4
4950,3240,1
3963,1353,1
2188,850,4
2188,930,3
1780,3052,2
1780,2359,4
1780,3897,1
5100,3884,2
1912,1197,1
2489,2590,1
2489,2586,2
192,3535,1
192,3101,1
1425,3720,4
1425,3744,3
424,148,4
424,1728,2
1579,1278,2
4785,3101,3
4785,1580,3
4785,908,3
1088,2683,1
1088,454,4
1912,1946,4
1912,2022,1
1733,1194,1
173,3192,2
173,3547,1
173,3304,1
4816,2609,2
4816,1307,1
4816,2924,2
5682,1387,4
5682,330,2
5682,145,3
2395,1183,2
2395,428,3
2395,2289,4
2395,1610,4
2395,3556,4
4489,1265,1
4489,1222,2
4489,2761,2
4489,2918,2
4489,3897,4
3519,87,1
3519,65,1
3519,3877,4
4489,2064,1
4489,1387,3
4489,308,2
4489,1287,3
4489,2716,2
4489,3949,2
3519,2402,3
4489,2944,3
4489,1249,4
4489,778,4
3519,1297,2
4489,919,3
4489,2501,1
4489,2664,4
4489,307,4
4489,2959,3
4489,1300,3
4489,529,1
4489,1307,4
4489,1079,4
4489,1276,3
4489,2019,3
3519,3246,3
4489,306,1
4489,1267,4
4489,318,4
3519,3902,3
4489,903,2
4489,1284,3
4489,2329,3
4489,1262,1
4489,908,1
4489,1201,2
4489,1225,1
4489,2686,3
4489,2692,2
4489,1304,1
4489,1203,4
4489,3091,2
4489,593,3
4489,2804,4
4489,1235,1
4489,1247,4
4489,1192,3
4489,1219,4
4489,1252,1
4489,1172,2
4489,527,1
4489,912,4
4489,488,3
4489,3826,1
4489,3593,3
4489,3827,1
4489,663,2
4489,3753,4
4489,1297,2
4489,3275,4
4489,72,4
1088,3050,2
1088,1672,4
1912,3100,3
5682,3825,3
5682,3173,3
5682,1609,1
5682,1727,1
5682,1465,4
5682,358,1
5682,354,4
5682,3250,4
5682,1027,3
5682,2271,2
5682,3270,2
5682,3298,2
5682,381,1
5682,2420,4
5682,2114,4
5682,1186,2
5682,1840,2
5682,1271,4
5682,3916,2
5682,508,2
5682,337,2
5682,3502,1
5682,3950,3
5682,3252,3
5682,3100,1
5682,1682,4
5682,150,2
5682,1063,2
5682,147,2
5682,1120,2
5682,3246,3
5682,300,1
5682,1961,1
5682,3098,4
5682,1673,4
5682,3949,1
5682,3160,4
5682,1193,2
5682,2501,2
5682,2959,4
5682,428,4
5682,2329,2
5682,1704,4
5682,318,3
5682,511,2
5682,227,3
5682,1616,1
5682,3879,1
5682,3197,2
5682,3624,1
5682,3578,2
5682,3235,2
5682,725,2
624,3671,1
624,3735,2
624,3468,3
5682,1042,4
5682,588,4
2859,2763,3
5723,1580,2
531,3354,2
192,1278,4
192,1147,4
5682,181,4
5682,546,1
192,1089,4
192,1394,2
192,3174,3
5682,2846,4
5682,2139,2
3971,441,4
192,2321,2
5580,216,4
5580,1541,2
1425,2657,4
424,58,4
3013,2321,3
1780,2683,2
3051,1093,4
3051,493,4
5682,1707,2
5682,415,2
5682,3616,2
5682,3130,2
5682,3821,2
5682,372,3
5682,1405,4
5682,1064,4
5682,1414,1
5682,3481,3
5682,998,1
5394,1267,1
5682,317,1
5682,724,4
5682,3453,3
5682,15,1
5682,3452,1
5682,1100,1
5682,2166,2
5682,1059,3
5682,3259,3
5682,1721,3
5682,25,3
5682,1639,1
5682,3593,4
5682,3827,2
5682,3698,1
5682,3745,2
5682,3793,3
5682,1206,4
5682,1636,1
5682,2713,2
5682,1783,2
5682,748,3
5682,1515,3
5682,3316,1
5682,3946,2
5682,3484,3
5682,2298,4
5682,600,4
5682,1603,3
5682,3409,1
5682,3355,1
5682,2026,1
5682,2803,3
5682,100,1
5682,3798,4
5682,3082,2
5682,3513,1
5682,3219,4
5682,3686,4
5682,3755,4
5682,1994,3
5682,2812,2
5682,1748,2
5682,3510,2
5682,924,2
1912,3108,2
2122,3752,1
2122,3484,3
2122,3785,1
2122,3952,4
2122,3515,2
2122,3510,2
2122,3317,1
2122,3950,4
2376,1235,4
1101,3879,2
1101,440,4
3054,2019,1
4126,1023,4
5682,3826,2
5682,1393,3
5682,3764,4
5682,3744,1
5682,1627,1
5682,2769,2
5682,3717,3
5682,3763,2
5682,3896,1
5682,1799,1
5682,1034,4
5682,1785,1
5682,2917,4
5682,608,2
5682,2701,4
5682,1266,3
5682,3053,2
5682,3753,2
5682,2890,2
5682,1263,3
5682,2385,2
5682,1359,2
5682,2042,3
5682,3299,4
5682,2471,1
5682,2606,3
5682,3511,4
5682,2735,4
5682,2296,4
5682,3146,3
5682,3646,3
5682,466,3
5682,2387,4
5682,804,2
5682,3301,1
5682,1513,1
5682,3752,4
5682,3177,2
5682,2772,3
5682,3785,1
5682,2470,1
5682,3617,4
5682,2978,2
5682,339,4
5682,3861,2
5682,333,2
169,1580,2
5682,144,1
5682,3052,1
5682,3948,4
5682,180,2
5682,1895,1
5682,3868,2
5682,101,3
5682,2423,4
5682,2352,3
5682,2700,3
5682,3178,2
5682,2572,4
5682,1285,3
5682,3852,3
5682,2860,4
1306,2989,1
1306,253,3
1306,2621,4
1306,539,3
349,2321,2
1306,3477,1
624,1252,2
5011,2810,4
5011,3535,2
1421,922,3
1912,3246,4
5682,322,4
5682,3751,4
5682,1276,2
5682,2858,3
5682,2335,2
5682,450,1
5682,2916,3
5682,2279,3
5682,1792,3
5682,2808,1
5682,1722,1
5682,552,2
5682,882,1
5682,379,3
5682,1834,3
5682,673,4
5682,1556,3
5682,543,1
5682,315,3
5682,377,1
5682,198,3
5682,2985,2
5682,3273,1
5682,733,1
5682,879,3
5682,376,2
5539,1188,1
5682,3527,2
5682,3505,3
5682,1476,3
5682,1892,3
5682,1347,2
5682,2321,4
5682,507,1
5682,628,4
5682,788,4
5682,2617,1
5682,2249,1
5682,2082,3
5682,1569,4
5682,1390,1
5682,1432,1
5682,996,3
5682,485,1
5682,1474,3
5682,257,4
5682,480,3
5682,2115,3
5682,2953,1
5682,2338,3
5682,1644,4
5682,2053,4
5682,407,3
5682,586,1
5682,252,1
5682,2003,1
5682,2005,4
5682,1882,3
5682,3175,4
5682,1265,3
5682,70,3
5682,10,1
5682,1527,2
5682,786,4
5682,1754,1
5682,1552,2
5682,2413,4
5682,2433,1
5682,223,3
5682,349,3
5682,161,3
5682,39,3
5682,160,2
5458,2273,1
5682,3412,2
5682,3275,3
5682,3327,2
5682,1431,2
5682,216,4
5682,420,2
5682,2699,1
5682,2707,4
5682,1690,4
5682,1784,4
5682,1608,2
5682,1459,1
5682,1499,4
5682,1214,1
5682,1021,3
5682,1200,1
5682,1208,2
1113,3470,2
1113,1228,2
1113,1235,4
1113,3947,2
1113,3360,2
1113,2769,1
1113,231,1
1113,3213,4
1447,1393,1
1447,933,3
1447,2692,3
1447,1230,4
1447,266,3
1447,2427,2
1447,1241,4
1421,2060,1
4771,707,1
4771,175,3
4771,1120,2
4771,477,1
4771,2329,2
4771,2359,2
4771,3386,4
4771,1516,3
4771,800,1
4771,2439,1
4771,300,2
4771,2686,4
4771,1664,4
4771,1699,2
4771,1656,2
4771,2481,1
4771,3746,4
4771,3897,2
4771,3456,3
5636,3385,3
5636,2291,4
5636,1836,4
5636,2072,3
5636,3251,2
5636,2474,4
1943,1241,1
1912,1288,2
5636,2119,4
5458,52,3
5458,1641,1
5458,11,2
5458,3882,3
5458,356,4
5458,537,3
5458,101,3
5458,2926,4
5458,3521,3
5458,1923,1
5458,3361,3
5458,441,4
5458,2174,2
5458,1968,2
5458,1285,2
5458,3210,4
5458,1270,1
5458,3072,2
5458,3396,3
5458,1292,3
5458,1809,1
5458,390,2
5580,3788,4
3652,3905,3
5126,225,2
1912,3653,1
1912,2519,2
1912,932,4
5250,319,2
1088,3125,2
1088,1321,2
1561,1252,3
1561,3089,4
2910,2628,4
2910,1210,2
2910,1196,4
2910,260,4
2898,2628,3
2898,293,3
2898,2959,1
1599,3693,3
454,803,1
1812,3186,4
1958,1746,4
1958,1027,4
1958,1661,1
1958,2841,4
1958,141,3
1958,3044,3
1958,3128,4
1958,1980,3
1958,2119,1
1958,2122,3
1958,2422,4
1958,3017,3
1958,2517,4
1958,2139,2
1958,3004,2
1274,3093,1
1912,1499,1
1912,3527,3
1912,1366,4
1912,2976,4
1912,344,1
1390,2502,3
4477,3359,4
1812,999,3
1395,3240,2
2247,1513,1
2247,43,3
2247,2013,1
2247,3606,4
1088,3034,3
1088,120,1
1088,1624,3
1088,514,1
1088,3118,2
1088,3812,1
4802,2598,2
4802,1293,1
4802,1935,1
4802,3831,2
1912,2973,1
2063,3949,1
2063,3889,2
1447,3176,2
1447,3556,2
1447,3952,4
1447,800,2
1447,2966,2
1447,1186,1
1447,2908,1
1447,1244,3
1447,76,3
1447,2232,2
1447,891,2
1447,3942,3
1447,2462,1
1447,2461,1
1447,3940,3
1447,2121,1
1447,3917,1
1447,3918,4
1447,3830,4
1447,3018,4
1447,1321,1
1447,1130,4
4579,1027,2
4579,3155,3
4579,180,2
4579,3179,4
4579,348,2
4579,778,4
4579,262,3
4579,2962,1
4579,2656,3
4579,1925,2
4579,1188,4
4579,3916,2
4579,1036,3
4579,223,2
1211,2628,1
1211,3168,1
4829,1727,2
5312,2364,4
5312,3354,3
5312,616,4
5312,3826,3
5312,538,1
1422,2454,1
1422,2662,2
424,3555,1
424,2348,2
2376,1417,4
5359,2707,4
1088,2448,3
1088,505,2
1088,1614,2
3963,1678,4
3963,3653,1
3963,3498,4
5250,441,3
3011,1280,2
3011,1148,3
3011,3812,3
3011,1228,1
1164,3471,1
1164,1077,4
1912,3418,4
5956,3906,2
1019,3052,1
424,2232,4
424,3204,1
424,3584,2
424,159,4
5312,858,1
5312,361,1
2376,3949,2
2376,2436,3
1301,3911,1
1912,293,2
2271,3578,4
2271,3384,4
5359,3148,4
4802,249,4
4802,3114,3
710,3717,4
195,904,2
195,1250,1
2485,3566,1
2485,3179,3
2485,3115,3
2485,1961,3
2485,2469,4
2485,1701,2
2485,2862,4
2485,2533,3
2485,3114,4
2485,160,2
2485,3441,2
2485,882,4
2485,2070,2
2485,1339,1
2485,648,2
2485,2356,4
2485,852,1
2485,505,4
2485,3906,4
2485,3591,2
2485,2340,4
2485,3186,3
2485,2387,4
2485,2419,2
2918,2600,4
2918,1304,2
2485,3185,1
2485,2882,1
2485,3513,3
2485,3160,1
2485,3128,3
2485,3579,1
2485,2959,2
2176,1250,4
1812,608,2
1812,223,2
2395,1783,4
5580,1271,4
5580,1948,3
5580,2987,2
5580,3061,2
5580,1961,2
5580,3507,2
5580,2250,3
5580,3462,2
5580,1997,2
2376,3906,4
1219,3755,4
1019,603,2
424,3895,3
424,1211,3
424,32,4
424,2952,3
5100,2012,3
5100,2236,2
4697,48,3
4697,2394,3
4697,1030,4
4697,1031,4
4697,1282,4
4697,2096,3
4697,1688,1
4697,1566,4
4697,364,3
4697,3159,4
4697,1022,3
4697,2080,4
4697,2081,3
4697,1073,3
4697,2143,4
4697,235,3
4697,2052,3
4697,3177,3
4697,3225,1
1912,1292,1
1579,1211,3
1579,3851,3
692,3081,3
692,2891,4
442,3948,1
442,3317,4
442,3949,1
5359,2997,3
5359,3181,3
3732,1180,2
5580,1259,4
4312,3190,1
5520,3538,3
1088,3210,1
1088,1414,3
624,3196,2
1561,3251,1
1561,1678,4
624,1224,1
1561,1639,4
624,1274,1
2105,2269,2
2105,3826,4
3301,1344,1
3301,3706,4
3301,3683,4
3301,2337,4
3301,2396,1
3301,2070,3
3301,3081,4
3301,2841,2
3301,2686,4
3301,2692,4
3301,24,2
3301,2585,4
3301,2734,3
3301,3174,2
3301,3160,3
3301,2318,2
3301,3510,4
3301,3578,2
3301,785,1
3301,2712,2
3301,3786,3
3301,2336,2
3301,3794,4
3301,3113,3
3301,3051,2
3301,2710,3
3301,2770,2
3301,2976,2
1306,1594,1
1421,3160,4
184,1393,2
184,1287,1
184,3251,1
184,3449,2
184,2403,1
184,709,4
184,1580,2
184,3753,1
184,2463,3
184,1275,2
184,2076,3
184,3527,2
184,3101,2
184,2916,4
184,2419,3
184,3361,3
184,50,1
4656,3328,3
5539,199,1
1306,3916,2
1925,697,3
1203,2269,2
1203,3101,4
1925,3206,2
1203,1275,4
1925,2266,4
1203,3251,4
1203,908,2
1925,105,1
1925,81,2
1925,2108,4
1925,1835,2
1925,3685,3
1925,2166,2
1925,2006,2
1925,1286,2
1925,2406,1
1925,3684,3
1925,440,2
1925,468,3
1925,1947,2
1925,1211,2
1925,1639,3
1925,25,1
1925,1265,2
1101,600,1
1925,599,3
1925,590,3
1925,466,4
1925,3372,1
1925,2427,4
1925,3724,2
1925,897,2
1925,3448,1
1925,3066,2
1925,760,1
1925,2890,2
1925,3062,4
1925,3654,4
1925,1222,4
1925,1208,2
1925,1263,2
1925,3196,3
1925,1272,2
1925,1233,1
1925,3342,2
1925,3134,2
1925,3811,3
1925,1299,4
1925,1294,2
1925,1262,2
1925,527,3
1925,912,4
1925,2028,3
1925,1250,1
1925,1242,3
1925,1090,3
1925,92,4
1925,1598,3
1925,3355,3
1925,1824,2
1925,782,4
1925,3557,1
1925,1003,3
1925,3513,1
1925,2126,3
1925,1483,4
1925,481,1
1925,2177,3
1925,2110,3
1925,1480,1
1925,3896,2
4816,205,2
1925,3947,4
1925,2344,4
1925,1352,4
1925,3420,3
1925,3055,2
1925,733,4
1925,1227,4
1925,377,2
1925,1267,4
1925,3190,3
1925,1371,1
1925,3701,4
1925,2287,3
1925,1376,3
1925,2407,4
1925,2571,4
1925,1175,1
1925,1253,1
1925,1270,3
1925,1206,1
1925,1200,2
1925,2475,2
1925,2844,2
1925,1805,2
1925,2267,3
1925,1627,1
1925,2076,4
1925,3176,3
1925,800,2
1925,3730,2
1925,904,1
1925,2088,1
1925,2083,2
1925,2857,4
1925,1220,2
1925,2303,3
1925,919,1
1925,2863,4
1925,742,1
1925,1320,2
1925,2513,2
1925,2121,3
1925,1341,3
1925,2517,4
1925,382,4
1925,2120,3
1925,2003,1
1925,253,3
1925,1645,2
1925,1350,1
1925,70,4
1925,1321,4
1925,3499,1
1925,1258,4
1925,1333,4
1925,1997,3
1925,1387,3
1925,1278,2
1925,3121,3
1925,2713,2
1780,3827,3
1780,3793,2
1088,349,1
1088,1693,3
1088,3454,2
1088,3671,4
1088,2893,1
1088,1353,2
1088,1081,4
624,3079,3
1912,2474,2
2878,1221,3
5359,3896,1
2489,1343,3
2489,121,2
2489,3409,3
2489,2266,3
2489,2976,4
2395,3831,3
1274,2550,2
1274,3159,4
1274,199,4
1274,2585,4
1274,1175,2
1274,2357,3
1274,1694,2
5387,3355,4
692,3101,2
4126,485,1
1551,3194,4
4774,2505,4
4774,2971,3
1599,1685,1
5331,1894,1
192,144,2
4126,153,1
4126,1562,2
343,2762,4
343,350,4
3224,3753,2
3224,1395,4
3224,1678,3
237,2109,2
1912,978,1
5580,234,2
5493,3886,2
1425,3317,3
1019,1785,3
1019,1912,4
1912,2761,2
5322,2407,2
5322,3418,4
5322,3448,2
5322,2657,1
5322,1552,4
5322,1653,2
5322,2321,3
5322,1748,2
5322,2712,3
5322,1777,1
5322,2797,4
5322,1573,4
5322,2000,3
5322,2005,2
5322,11,2
5322,2021,3
5322,2268,1
5322,2763,3
5322,2,1
5322,3033,2
1010,2712,2
1010,2693,3
1010,2336,3
1010,1284,1
1352,1393,3
752,1214,3
752,377,3
752,316,2
752,3489,3
146,2393,2
146,1584,4
146,3418,3
146,1573,1
146,2580,4
146,778,4
146,2617,2
146,3552,1
1125,1954,4
1125,914,3
2918,1127,4
2918,1391,3
1278,2193,3
1278,161,1
1278,912,1
1278,110,2
1278,3897,1
1278,2791,4
1278,1225,2
1278,1230,3
5063,2870,2
5063,1028,4
5063,2340,1
5063,62,3
5063,2996,1
5312,1693,3
424,2346,4
424,1251,2
1980,185,4
454,2616,2
454,2280,1
454,1589,3
454,2391,3
454,2912,4
454,2405,1
454,2369,3
454,2141,3
454,2478,3
454,2413,2
454,2003,4
454,2134,4
454,2133,3
454,2926,1
454,2111,2
454,3087,1
454,3740,2
454,2352,4
454,1378,4
454,3397,4
454,3033,4
454,2001,1
454,2000,3
454,3552,2
454,3608,2
454,1288,3
454,1259,2
454,2243,2
454,2716,4
454,2174,3
454,1307,3
454,2613,3
454,2140,1
454,1274,2
454,3527,2
454,1270,4
454,1097,2
454,2011,3
454,3701,3
454,2985,3
454,2916,2
454,1909,2
454,589,2
454,29,1
454,1527,2
1301,2794,2
1301,185,1
1301,3877,4
1301,2616,4
1301,3101,4
1301,2138,3
1301,2078,4
1301,1282,3
1301,1285,2
1301,2087,2
1301,1371,2
1301,1343,4
1301,344,4
1301,1485,4
1301,1073,3
1301,3717,4
1301,1625,2
1301,1029,4
1301,153,1
1301,2394,4
1301,1584,4
1301,3160,3
1301,2194,4
1301,3052,1
1301,1394,3
1301,1320,1
1301,420,3
1301,2657,1
1301,3285,4
1301,2455,1
1301,3273,3
1301,3255,1
1301,2294,4
454,658,1
454,2112,2
193,28,4
193,2064,1
193,3006,2
193,3914,4
193,924,4
193,903,2
193,1784,3
193,1231,2
193,1079,1
193,265,1
193,215,3
193,2501,4
193,137,3
193,318,1
193,529,2
193,1256,1
193,296,4
193,3872,3
193,1,3
193,1213,2
193,1046,3
193,2360,3
193,1393,1
193,2076,1
193,3068,2
193,1081,3
193,2276,3
195,2402,3
195,611,1
195,3683,3
5312,1589,4
4089,1320,3
4089,2302,3
4089,2701,3
4089,153,4
4089,367,3
4089,3617,4
4089,543,3
4089,2871,3
4089,500,4
4089,2116,1
4089,3702,4
4089,2080,4
4089,1645,3
4089,2657,2
4089,597,2
4089,2,3
1912,3908,3
1733,3114,2
3017,1278,1
3017,1234,4
3017,1219,3
3017,3752,2
3017,1240,2
3017,586,3
3992,1674,3
2868,2894,2
2868,2693,2
2868,2712,2
1912,3414,1
5394,2624,4
1733,1704,1
1125,2797,3
1125,2683,3
1125,36,4
4042,2490,3
911,702,3
4042,647,2
1425,1947,4
1425,3669,3
1425,3440,3
1425,1722,3
1425,278,1
1425,2331,4
4042,707,1
2376,1220,1
2376,144,3
2195,2,3
2195,2640,2
2195,3617,1
2195,2641,4
2195,1035,1
2195,344,2
2195,1377,3
3992,5,2
3992,2694,2
3992,2052,4
3992,724,3
3992,231,1
3992,1769,4
3992,3254,2
3992,1409,1
3992,23,2
3992,2496,3
3992,1485,4
3992,1042,1
3992,805,4
3992,2108,4
3992,350,3
3992,648,3
3992,3450,2
3992,2302,4
3992,708,1
3992,585,2
3992,368,1
3992,500,2
3992,1271,3
3992,1645,4
3992,11,4
3992,2671,3
3992,2858,1
3992,1721,3
3992,1797,2
3992,2268,4
3992,590,2
3992,1408,2
3992,2761,3
3992,356,4
3992,1089,2
3992,3354,1
3992,3744,3
3992,3825,3
3992,3555,4
3992,3877,1
3963,3948,4
3963,3115,2
3963,2539,2
3963,3682,4
911,1283,3
911,1253,2
3963,1354,1
3963,1185,3
3963,3872,2
3963,3683,1
3963,2932,4
3963,1201,3
3963,3074,2
3963,3347,1
3963,3095,3
3963,3836,3
3963,928,1
3963,2067,3
3963,3742,2
3963,3622,3
3963,1263,4
3963,943,2
3963,2969,2
3963,3681,3
3963,1941,4
3963,1221,4
3963,858,1
3963,1935,2
3963,3034,4
3963,2454,2
3963,154,4
3963,3788,2
3963,3753,3
3963,3512,3
3963,3578,3
3963,3916,4
3963,218,3
3963,1680,4
1421,924,2
1101,546,1
1101,2722,1
1101,3826,2
1101,185,2
1101,1274,2
1912,3783,3
1912,804,3
1451,2357,1
4117,1479,3
4117,2699,4
4117,1320,1
4117,1003,4
4117,95,1
4117,1686,4
4117,185,4
4117,1833,4
4117,2881,3
4117,2763,2
4117,2320,2
4117,2505,4
4117,1092,3
4117,786,3
4117,2806,2
4117,1769,1
4117,2840,3
4117,2334,4
4117,1459,3
4117,2605,4
5312,2959,4
4117,1792,2
4117,3082,2
4117,1722,2
4117,170,3
4117,481,3
4117,454,4
4117,2232,4
4117,10,3
4117,3176,4
4117,2952,3
1113,1248,1
1088,101,4
1088,3477,1
1088,2676,4
1088,2172,1
5636,3505,3
5636,3547,3
5636,2752,4
5636,2451,2
5636,3101,4
5636,1088,4
5636,3715,4
5636,3394,4
5636,1572,3
5636,2041,1
5636,97,3
5636,3099,4
5636,2728,3
5636,3882,1
454,537,3
454,356,2
454,333,1
454,2596,3
454,543,3
454,3712,1
454,3129,2
454,104,1
454,1777,2
454,1566,1
454,1265,2
454,411,2
454,3544,3
454,3515,3
454,2987,4
454,3301,1
454,3852,1
454,2100,2
454,2915,2
454,1923,2
454,3114,3
454,3623,2
454,2571,2
454,1951,4
454,1303,1
454,296,2
454,3578,3
454,1641,2
454,2455,3
454,2606,1
454,2761,3
454,480,1
454,1282,1
454,1029,3
454,2759,3
454,2718,3
454,231,1
454,3444,1
454,2827,3
454,2797,1
454,2706,1
454,1517,2
454,2683,1
454,1441,1
454,595,1
454,110,4
454,1220,1
454,344,3
454,1354,2
454,3410,3
454,247,3
454,1297,1
454,50,2
454,3683,1
454,3747,2
454,3328,1
454,3910,4
454,3253,2
454,778,4
454,2012,3
454,2641,2
454,1674,3
454,1200,2
454,1028,3
454,1376,2
454,1370,2
454,1339,2
454,2105,3
454,457,4
1164,1875,2
3688,3618,3
3688,3617,2
3688,3002,1
3688,3078,2
3688,2920,3
3688,2020,3
4478,1240,1
4478,3819,3
349,1242,1
285,3408,4
285,1527,2
285,1278,4
285,3948,2
285,1580,1
285,3421,1
285,1639,2
285,1094,3
285,3147,1
285,1219,1
285,1028,2
285,2762,1
285,1784,2
285,3510,1
285,1682,2
285,50,2
285,357,2
285,377,1
285,904,2
285,903,2
349,508,4
1425,18,2
2944,2069,2
2944,2077,3
2944,3145,3
2944,2605,1
2944,1377,1
2944,3863,2
2944,2193,2
2944,3489,3
2944,2012,3
2944,2394,2
2944,2617,1
2944,1569,1
2944,368,4
2944,329,1
2944,316,3
2944,2616,2
5654,380,3
5654,2912,2
5654,21,4
5654,3266,1
5654,1912,4
5654,3114,1
5654,3481,2
5654,3317,2
5654,3911,2
5654,3897,1
5654,3751,4
5654,671,3
5654,1372,2
5654,2236,3
424,1081,4
424,1929,3
1912,1207,3
1912,1096,2
1912,1914,4
1912,3252,1
1912,2166,2
1912,1041,2
1912,1226,4
1912,2114,3
1912,1124,1
1912,1959,3
1912,292,4
1912,1734,4
1912,17,1
1912,982,4
1912,3035,4
1912,1130,1
1912,436,2
1912,2005,4
1912,2132,1
1912,3670,1
1912,3062,1
1912,1925,1
1912,151,1
1912,1933,1
1912,1204,1
1912,1953,3
1912,3145,1
1912,1354,3
1912,150,4
1117,1287,2
678,3950,4
678,3720,2
678,1954,1
678,2096,4
678,1294,4
678,3037,3
678,2143,3
678,2639,4
678,3159,3
678,1282,4
678,1974,1
678,1221,3
678,1206,1
678,2413,1
678,585,4
678,3214,2
678,3251,1
678,3363,1
678,2018,4
678,2141,3
678,2846,4
678,588,4
5458,125,4
2376,586,2
2376,3798,4
2376,3039,2
2376,736,4
2376,3052,2
2376,1266,4
2376,1088,2
2376,589,2
2376,2291,3
2376,367,1
2376,1035,3
2376,1784,1
2376,1380,2
2376,1307,4
2376,2694,1
2376,231,1
2376,2804,1
2376,223,3
5956,3116,4
5458,1711,4
4126,1258,4
4126,1035,3
4126,47,4
4126,2001,1
4126,1073,2
4126,1517,4
4126,590,3
4126,3361,4
4126,150,2
4126,595,3
4126,3481,2
4126,2087,3
4126,3253,2
4126,2985,1
2362,1393,3
2362,50,4
3985,1961,2
3985,3295,2
1088,2702,2
1088,3033,2
3158,3755,4
3158,1690,4
3158,1200,1
5054,913,1
5054,1377,1
5054,2616,1
5054,253,4
5054,1690,4
5054,2001,3
5054,648,4
5054,736,1
5054,1513,2
5054,1250,4
5054,2,3
3363,1028,3
3363,1371,1
3363,1923,1
3363,1206,1
3363,3386,4
3363,3578,1
3363,3671,3
3363,1136,2
3363,1199,3
3363,1408,3
3363,1610,1
3363,592,1
3363,1291,1
5621,185,2
5621,2035,4
5621,2403,4
5621,2340,1
1101,2580,3
1101,3948,2
1101,3005,3
1101,1266,2
1101,3000,3
1101,3868,2
1101,1276,3
1101,1242,4
1101,3534,2
1101,1246,3
1101,1394,2
1101,2003,2
1101,2002,2
1101,1380,1
1101,500,3
1101,1777,2
1101,2541,1
1101,2369,2
1101,1500,1
1101,1101,3
1101,2683,1
1101,1485,2
1101,919,4
1101,913,4
1101,1285,4
4640,1923,2
4640,1393,2
4640,1258,4
4640,1641,2
3113,586,2
3113,1059,4
3113,1372,1
3113,592,3
3113,2706,4
3113,3552,1
3113,2273,1
3113,1370,1
3113,3408,2
3113,1339,3
5394,162,4
1421,616,3
1421,356,3
195,3245,1
195,3429,4
3971,3882,1
1425,3786,1
1425,45,2
4042,1833,2
5312,3752,4
2489,1227,2
3051,3286,1
4647,3037,4
624,2542,4
624,2579,4
349,3361,1
5621,3068,2
5841,3512,3
424,2706,3
424,73,2
424,2359,1
424,1921,3
4867,3300,1
4867,3568,4
3940,2259,1
3940,3893,4
2544,1963,3
2544,1073,3
2544,2710,3
2544,3018,3
2544,2746,3
2544,1345,4
2544,1350,3
2544,1321,1
2544,3081,1
2544,799,4
2544,3676,4
2544,224,4
2544,342,2
2544,3684,1
2544,1639,1
2544,2108,4
2544,3108,2
2544,2291,3
2544,509,2
2071,3317,1
2071,1196,1
2071,3911,3
2272,3949,4
1912,1234,1
1912,904,2
1912,1219,2
953,2276,1
953,3361,1
953,2130,2
1912,535,1
4277,3514,4
4277,3327,4
343,541,2
343,3160,2
2190,616,3
2190,3039,3
2190,500,3
2190,3705,3
2190,2822,4
2190,296,1
2190,253,1
2190,1285,3
2190,3534,4
2190,1610,1
2190,1972,4
2190,2918,2
2190,1658,1
2190,1500,4
2190,595,2
2190,1754,2
2190,849,3
2190,1466,4
2190,3006,3
2190,2565,1
2190,2291,4
2190,1411,1
2190,26,1
2190,2316,1
2190,3476,4
2190,2340,3
2190,1721,2
2190,587,1
2190,2735,2
2190,597,2
2190,2331,4
2190,1136,1
2190,3271,2
1306,1704,4
1306,2369,1
1306,1091,3
1306,3868,2
1306,2469,1
1306,988,1
1306,2583,3
1306,272,1
1306,252,1
1306,2359,2
1306,2558,1
1306,1863,3
1306,1188,4
1125,3148,4
1125,2548,1
1125,597,1
1125,1513,2
1125,3617,1
1125,1617,1
1125,356,3
1125,3052,3
1125,2294,2
678,3830,2
1088,414,1
1088,2942,2
1088,494,1
1088,2157,2
1780,1490,3
1780,3392,3
1780,2408,1
1780,1073,4
1780,1474,2
1780,3175,1
1733,3626,3
3562,830,4
3410,932,1
1421,2686,2
1421,300,2
1425,1711,1
1717,2594,3
1717,2939,2
1717,2463,4
1717,2403,1
1717,783,1
1717,1275,3
1717,1297,4
1717,2130,1
1717,1287,4
1717,85,1
3054,2920,2
3963,1188,1
1399,3275,3
1733,3724,3
4294,3273,2
1912,1269,1
2918,2628,3
2918,1210,4
2918,1196,1
2918,260,1
1101,1393,2
2544,1527,1
2544,3745,3
2544,3527,3
2544,1909,4
2544,1334,3
2544,2009,2
2544,968,3
2544,3701,2
2544,2346,1
2544,741,3
2544,2407,1
2544,1019,2
2544,1396,3
2544,1374,4
2544,2287,3
2544,2454,3
2544,2662,3
2544,1653,2
2544,29,2
2544,680,1
2544,3679,1
2544,2594,1
424,151,1
2489,2279,3
2489,45,1
4638,1954,4
4638,1200,3
4638,3863,2
4638,1625,4
4638,1393,1
4638,2355,2
4638,589,4
4638,924,3
4638,3499,3
4638,587,2
4638,2959,4
4638,1240,3
4638,3948,2
4638,733,1
4638,2683,4
4638,1080,2
4638,1544,3
4638,1090,2
4638,3175,4
4638,1777,4
4638,3578,4
4638,364,3
4638,592,1
4638,3421,4
4638,2194,1
4638,2054,2
4126,327,2
5100,3826,3
5100,678,1
2544,2616,2
2544,2409,2
2544,1320,3
2544,1391,2
2544,3717,2
2544,3519,1
2544,2617,1
2544,786,4
2544,736,1
2544,552,4
2544,3769,3
2544,2956,2
2544,3623,3
2544,1552,2
2544,288,4
2544,3555,2
2544,3197,1
2544,2013,3
2544,2094,1
2544,368,2
2544,996,4
2544,1378,2
2544,112,1
2544,2991,2
2544,3740,1
2544,165,1
2544,1356,4
2544,1676,4
2544,507,2
2544,1480,3
2544,380,4
2544,648,4
2544,3771,1
2544,2273,3
2544,2641,2
2544,3704,1
2544,2001,2
2544,493,2
2544,1275,4
2544,2763,1
2544,2406,4
2544,1573,3
2544,2985,2
2544,377,2
2544,2527,4
2544,3836,1
2544,1127,4
2544,3406,2
2544,2640,4
2544,2006,4
2544,2353,3
2544,2167,1
2544,1220,2
2544,592,4
2544,555,1
4117,235,3
4117,2501,4
4117,2396,3
4117,541,1
4117,1198,4
5281,3703,1
5302,3623,3
678,912,2
424,3527,2
424,3300,3
1912,918,4
1912,970,2
4647,2342,2
5394,709,3
169,783,3
169,372,1
169,1320,1
1733,3581,2
4842,3706,2
1587,118,3
1587,3794,3
1425,800,3
3462,2730,2
424,1587,4
424,1220,1
424,3167,1
424,1673,3
4126,786,1
424,932,2
424,112,2
2376,3826,2
2376,2794,1
2376,3155,1
2376,1580,3
2376,1678,4
2376,3361,3
2376,3468,1
1780,839,4
1780,353,3
1780,3563,4
5090,3787,4
5090,3000,1
5090,1277,4
5090,1354,2
5090,150,1
5090,3260,2
5090,3246,1
5090,2442,4
5090,3794,1
5090,2439,3
1748,32,3
1748,1199,4
1748,1301,2
1748,2660,1
1748,1270,2
1748,1097,2
1748,2664,2
5090,1265,2
5090,2692,4
1748,832,1
1748,2344,1
1748,628,1
1748,280,1
1748,1069,3
1748,3372,4
1748,3441,1
4823,1449,1
1748,2106,2
1748,3339,2
1912,1136,1
3410,3786,1
3410,1901,2
3504,1211,2
3504,29,4
3504,2174,3
3504,2005,3
3504,3793,2
3504,3320,3
3504,3911,1
3504,3755,4
3504,3901,3
3504,3914,4
3504,3578,1
3504,3357,3
3504,3949,4
3504,3317,1
3504,1073,4
3504,1188,3
3504,3817,1
3504,2145,2
3504,2692,4
3504,2467,4
3504,3893,1
3504,1617,2
3504,2713,4
3504,1625,1
3504,1673,2
3504,34,2
2489,2672,3
2489,3865,4
2489,3186,3
2489,3897,4
953,3467,2
953,1283,2
953,1304,3
953,3871,2
953,1201,2
953,383,2
953,1379,2
953,553,2
953,2012,2
953,1215,3
424,1948,3
1425,3944,1
4867,3905,1
1088,381,2
1088,1287,1
1748,1693,2
1748,420,2
1748,3405,3
1748,6,1
1748,3068,4
1748,2130,1
1748,3468,1
5636,3744,4
5636,3935,4
5636,193,1
5872,417,3
5872,1081,3
5872,3361,4
5872,1393,3
5872,50,4
5872,1639,2
5956,315,3
2395,246,3
4950,3783,2
4950,3911,4
4042,910,1
424,898,1
424,3414,2
2376,924,1
1733,180,1
1733,3263,1
1733,2128,2
1912,1701,2
911,2180,2
911,368,4
338,3948,3
338,2445,3
2272,1513,2
2176,1304,2
1088,272,4
1088,2025,3
2071,3753,4
2071,678,1
1524,3752,3
1733,2596,3
2239,2311,2
2239,3386,2
2239,1291,2
2239,2115,1
2239,2840,1
2239,2686,2
2239,2599,2
2239,3752,4
2239,2827,3
2239,223,1
2239,3863,3
2239,2722,1
2239,3889,4
2239,2918,2
2239,353,4
2239,3053,1
2353,144,3
1211,3468,2
1733,1051,4
3693,1449,4
1125,2996,4
2114,423,4
1717,851,1
1717,417,4
1958,3952,2
343,2797,2
2688,293,4
3051,1129,1
1306,1855,3
1306,3281,1
1306,2580,4
1306,2681,1
1306,2918,1
1912,281,3
5011,1274,2
1733,1622,2
1941,32,2
1941,47,4
1246,337,3
1246,3920,4
4169,1548,4
4169,1804,3
4169,494,1
4169,1413,1
4169,3754,3
4169,3413,4
1425,1603,1
1425,44,2
1425,1629,3
1425,1960,1
1425,1393,2
1425,1387,1
1425,253,1
1425,466,3
1425,471,3
4169,3207,3
1425,3095,2
1425,2589,3
1425,2959,4
1425,1097,2
1425,235,1
1425,633,1
1425,724,3
1425,1916,2
1425,3863,3
1425,1354,2
1425,902,2
1425,1673,2
1425,541,3
4169,2691,1
1425,595,1
1425,2011,4
1425,851,2
1425,900,4
1425,1608,2
1425,1032,1
1561,1554,4
1425,3914,4
1561,339,1
1561,2590,2
1561,3787,2
1561,468,3
1561,2011,1
1561,1821,2
1561,2012,4
1561,1645,2
1561,3943,1
1561,2539,1
1561,261,1
1561,3186,1
1561,3194,3
1561,805,4
1561,362,2
1561,492,4
1561,617,2
1561,539,2
1561,1362,3
1561,2058,3
1561,3948,2
1561,573,3
1561,2671,3
1561,590,2
1561,62,1
1561,1641,2
1561,2078,4
1561,1057,2
1561,364,1
1561,272,3
1561,1682,3
1561,2312,1
1561,1081,3
1561,345,4
1561,3471,2
1561,2571,3
1561,1923,1
1561,2750,4
1561,3812,3
1561,1244,4
1561,215,3
1561,213,3
1561,1653,4
1561,3897,2
1561,3819,3
1561,1635,2
1561,1673,4
1561,2997,3
1561,296,2
1561,1617,3
5302,708,2
5302,17,4
183,1081,1
183,1393,2
183,2076,4
183,1678,3
183,3068,2
183,3468,1
183,908,4
183,2130,4
5539,1701,4
1421,912,2
1647,2779,1
1647,1883,2
1647,2231,4
1647,1025,3
1647,2683,4
1647,1608,3
1647,1641,1
1647,1049,2
1647,538,4
1647,104,4
1647,145,3
1647,1799,1
1647,1747,3
1647,2190,4
1647,349,3
1647,2058,4
1647,141,1
1647,514,3
1647,2353,2
1647,3318,4
1647,409,2
1647,391,2
1647,2125,3
1647,440,3
1647,2648,1
1647,2890,2
1647,994,1
1647,917,4
1647,3147,2
1211,3470,3
1912,2401,1
1812,3852,3
1019,3952,1
4639,223,4
4639,2147,2
4639,3004,3
4639,2770,1
4639,1580,2
4639,3101,2
4639,2463,2
4639,3724,1
4639,1393,3
4639,1639,3
4639,3068,4
4639,2130,3
195,1859,1
5831,2974,4
5831,3690,3
5831,3391,1
5831,3710,2
5831,3697,1
5831,3669,3
5831,694,1
4186,2108,2
5831,216,3
4186,414,3
5831,2255,4
4186,1220,1
4186,2554,4
4186,62,2
4186,1614,2
5831,1438,1
4186,2391,3
5831,3708,2
4186,1962,4
5831,2777,1
5831,719,4
5831,365,2
5831,2121,1
5831,3707,4
5831,3173,3
5831,879,1
5831,2803,1
5831,2884,2
5831,2822,3
5831,1609,1
5831,653,3
5831,3698,2
5831,3791,1
5831,3798,1
5831,1049,2
5831,3638,2
5831,3005,2
5831,2341,1
5831,532,4
5831,3700,2
5831,3153,2
5831,3704,2
5831,3686,1
5831,3743,2
5831,2877,1
5831,3189,4
5831,1732,4
5831,2371,4
5831,1569,2
5831,3028,2
5831,3702,4
5831,3684,2
5831,2467,2
5831,3252,4
5831,2502,3
5831,1057,1
5831,1442,1
5831,3916,3
5831,2401,3
4831,3255,1
4831,3259,1
4831,1271,3
4831,412,4
4831,1611,1
4831,1246,2
4831,1961,1
4831,3174,4
4831,920,4
4831,1187,1
4831,2336,3
4831,1958,4
4831,1957,1
4831,3684,2
4831,3169,3
5831,3181,2
4831,1964,1
4831,477,2
4831,3111,3
4831,1682,2
4831,3685,4
4831,2312,3
4831,232,4
4831,1302,3
4831,2268,1
4831,806,4
4831,194,3
4831,924,1
4831,515,1
4831,3334,1
4831,3260,1
4831,923,3
4831,3418,1
4831,3296,2
4831,2243,3
4831,2248,1
5831,2794,4
5831,2052,1
4831,3629,3
4831,949,2
4831,3148,3
4831,750,2
4831,1097,4
4831,3253,3
4831,3317,1
4831,1231,2
5831,2138,3
5831,2403,4
4831,3361,3
1425,247,4
1425,3617,4
3452,2028,4
5100,232,2
1912,3364,4
1943,1269,4
3648,65,4
3648,2816,3
3648,2473,3
3648,411,2
3648,609,2
3648,2794,4
3648,2143,3
1812,327,1
4640,1089,1
4640,2352,4
4640,903,1
4640,2396,4
4640,2987,1
4640,2324,4
4640,420,2
4640,2694,2
4640,1275,2
4640,3210,1
4640,1028,4
4640,1148,4
4640,364,1
4640,1252,4
4640,2617,1
4640,3785,4
4640,1394,4
4640,2724,2
4640,1391,3
4640,1396,4
4640,3793,2
4640,3481,3
4950,2580,2
4950,3338,4
4950,1218,2
4950,1952,1
4950,3265,4
4950,1296,2
4950,2677,1
4950,3154,2
4950,1848,3
4950,3613,3
4950,2435,3
4950,2640,1
4950,2208,1
3562,3579,3
4647,1743,2
3562,3512,1
3562,2329,2
3562,3911,2
3562,3791,1
3562,39,2
3562,1135,3
3562,1892,3
3562,1290,4
3562,2692,4
3562,2166,2
3562,1089,2
3562,1104,2
3562,45,1
3562,1,1
3562,2424,3
3562,3909,2
3562,2188,4
3562,1784,2
3562,541,3
3562,3264,2
3562,2712,3
3562,1573,1
3562,1183,3
3562,2456,1
3562,440,4
3562,586,1
3562,253,2
3562,3623,1
3562,3948,2
2504,930,4
2504,3618,4
2504,2232,3
3562,3742,2
3562,2919,1
3562,2641,2
2504,1204,3
1425,2775,1
2504,3262,1
3562,3453,4
3562,18,2
3562,21,2
2504,1252,3
3562,3316,2
3562,3317,2
3562,3821,3
3562,1120,1
3562,946,3
2077,1221,2
2077,3793,4
2077,2002,1
2077,1918,4
2077,260,2
2077,2628,4
2077,1210,4
2077,248,1
2077,104,3
2077,3565,2
2077,3225,1
2077,2816,4
2077,2402,3
2077,2052,4
2077,1021,1
2077,185,4
2077,1676,3
2077,780,4
2077,3500,2
2077,1017,2
2077,783,2
2077,2916,4
1088,2794,3
2077,2769,4
2077,111,1
2077,3081,4
2077,3949,3
2077,2300,2
2077,3893,1
1088,54,2
2077,1982,2
1088,1456,3
2077,3812,4
1088,1702,1
2077,3741,1
2077,1208,1
1088,3784,3
1088,1249,2
1088,922,3
1088,1752,1
1733,3181,3
1426,1717,3
1426,1407,2
5302,3079,1
4258,1373,2
4258,2467,4
4258,2749,4
4258,3706,4
195,2624,2
424,2315,1
3224,2702,2
3224,2598,3
3224,3617,3
3224,3175,3
3224,3786,2
3224,3516,2
3224,3824,4
1329,3882,3
678,2501,2
2489,3553,1
2489,3175,3
3963,236,2
3013,3911,3
3013,808,4
5394,352,1
4640,2161,1
4640,353,1
4640,1207,4
4640,1214,1
4640,2273,2
4640,10,2
4640,1101,2
4640,3527,3
4640,919,1
4640,924,2
4640,1059,2
4640,1517,2
4640,1291,3
4640,2081,3
4640,592,1
4640,2355,3
4640,2455,1
4640,2000,3
4640,1136,4
4640,3671,4
4640,1200,3
4640,2640,4
5841,2111,4
624,2212,3
424,1227,3
424,2847,3
424,3089,2
424,938,2
1912,2847,2
1451,3267,4
1451,2966,1
3562,2249,3
3963,1172,3
1561,1280,3
1561,1956,2
1561,3260,1
1561,3404,2
1561,1296,3
1561,2028,2
1561,919,1
1561,1354,4
1561,527,1
1561,3095,2
1561,1225,4
1561,608,1
1561,1247,3
1421,3556,2
4823,1251,1
343,1367,4
343,2085,2
343,1269,4
343,2520,1
343,2792,1
343,2791,1
1101,1894,2
1101,594,2
5250,1456,3
1306,3882,3
1088,710,3
1088,761,3
1982,1840,1
1982,1036,3
1982,2353,3
1982,1673,1
1982,543,1
1982,3253,1
1982,1049,4
1982,1517,3
1982,836,2
1982,3946,1
1982,1882,3
1982,1895,4
1982,849,2
1982,2002,3
1982,3471,2
1982,1445,2
1982,1356,1
1982,3243,1
1982,165,2
4126,1805,3
4126,2701,3
1425,3752,2
1733,65,1
1733,2794,3
1733,1639,1
1605,2893,4
1605,3851,4
2376,1203,2
1088,3334,4
1088,3097,1
1088,11,3
1088,1244,1
1088,848,3
1088,2829,3
1088,3499,4
1912,3210,4
1912,1285,2
1912,2791,1
624,760,1
3462,2729,1
173,2238,3
173,2028,4
173,1939,1
173,970,3
173,2182,2
173,669,3
173,3559,1
173,1946,4
173,971,3
173,1103,2
173,3035,1
173,668,1
173,3038,3
173,1250,1
173,3475,3
752,3155,1
1425,3571,3
2489,3618,2
4232,3793,3
4232,2987,4
4232,3114,1
4232,3157,1
4232,3176,3
4232,2763,4
4232,3745,1
4232,2762,4
4232,2396,4
4232,2692,1
4232,314,4
4232,2686,1
4232,2490,4
4232,2013,2
4232,3753,1
4232,2502,3
4232,2581,4
4232,2690,4
4232,3510,1
4232,2580,3
4232,2716,1
4232,3578,3
4232,2333,3
4232,223,2
4232,2355,4
4232,3751,3
4232,2710,3
4232,2997,2
4232,2706,2
4232,2826,4
4232,1393,2
4232,1639,4
4232,1678,4
4232,1059,1
4232,678,4
4232,2143,4
4232,1676,3
4232,2916,1
4232,1580,1
4232,1081,3
4232,1188,3
5948,2184,2
5948,2390,3
4647,864,3
4647,1169,2
5097,1222,3
5097,2329,2
5097,382,2
5097,3478,4
5097,1288,4
5097,1103,2
5097,2012,4
5097,3169,3
5097,1036,4
1113,2791,2
1113,2871,2
5097,999,4
5097,1019,1
1113,1274,1
3158,2167,1
2489,3735,4
2489,2132,2
2489,1230,3
2489,3362,4
2489,1304,2
2489,3504,1
2489,1248,1
2489,955,2
2489,1945,3
2489,3307,4
2489,1250,2
2489,1276,4
2489,1247,1
2489,912,1
2489,1207,2
2489,904,4
2489,750,3
2489,858,3
2489,3355,1
2489,3949,2
1125,1240,1
1912,1211,4
424,3068,1
1980,2545,3
1980,1926,3
1980,1293,3
4517,2269,4
424,2352,4
4802,1401,1
1912,3068,4
2847,2018,2
2847,588,4
349,18,2
349,2300,2
1812,2155,1
624,1302,2
624,2872,3
624,2313,4
624,1185,2
624,1035,1
2918,3578,1
2918,1214,1
1425,3618,1
1425,3454,3
2910,1969,3
2910,2548,4
2910,1992,1
2910,3665,2
2910,3939,4
2910,606,4
2910,1976,1
2910,3839,2
2910,2428,4
2910,1991,4
2910,3892,3
1142,1193,2
3106,3756,2
2376,2467,4
5359,3298,1
1088,542,2
1088,1883,2
1088,2840,1
1306,2386,3
1912,2770,4
1912,2731,4
1912,2311,3
1912,3508,4
1912,1214,3
424,2369,3
4950,1393,1
5948,293,1
1556,1090,4
1556,2019,4
1556,2723,4
424,1103,3
3219,3743,1
424,2009,2
424,3649,3
424,916,4
424,915,1
1088,1252,2
1912,494,1
1912,349,3
127,2871,1
127,1674,4
127,1214,1
127,111,1
127,1252,3
3158,2437,2
343,1909,1
1912,3196,4
1912,2671,1
1912,2003,4
1912,222,2
5359,1845,4
1912,1183,4
1912,1387,4
1748,2463,1
1748,3093,1
1748,1393,4
710,2628,2
1551,1889,4
3963,58,3
1421,1225,4
1125,3557,1
4089,3251,3
1912,2068,2
5011,1498,3
5011,3949,2
5011,1183,4
5242,3481,4
1421,2371,2
1943,1992,1
1943,592,3
3423,1275,1
3423,1393,1
1425,2690,4
1425,3300,3
5787,2396,4
5787,1136,3
5787,3629,3
5787,898,1
5787,3362,4
5787,3429,4
5787,2804,3
5787,34,2
5787,3307,2
5787,905,1
5787,2289,3
5787,3030,2
5787,1148,3
5787,745,2
496,520,2
496,3869,3
496,370,2
5621,2987,1
846,1221,1
146,2862,1
146,1320,4
146,50,3
146,290,3
146,1635,1
1121,1888,2
1121,266,3
1121,2340,4
1121,1357,3
1121,1639,2
1121,2062,2
1121,509,1
1121,105,1
1121,534,3
1121,2570,1
1121,1094,2
1121,3103,1
1121,1183,4
1121,215,3
1121,3426,4
1121,1643,3
1121,1912,2
1912,3814,3
1121,3554,3
1121,2236,3
1121,1873,4
1121,3260,2
1121,3252,2
1121,508,2
1121,3148,4
1121,1678,3
1121,1271,2
1121,1897,2
1121,1721,3
1121,1393,4
1121,73,4
1121,515,1
1121,3723,1
1121,2585,1
1121,1594,3
1121,3160,4
1121,381,1
1121,1719,1
1121,25,1
1121,1704,4
1121,2501,4
1121,36,3
1121,529,1
1121,3100,1
1121,3713,4
1121,1354,4
1121,2627,3
1121,318,2
5394,3795,4
1121,3185,3
1121,3916,3
1121,3408,4
1121,2385,1
1121,276,3
1121,1707,3
1121,516,3
1121,2805,2
1121,1816,2
1121,1894,4
1121,3,3
1121,1593,3
1121,2598,1
1121,2836,1
1121,1457,4
1121,2002,2
1121,1918,2
1121,2891,1
1121,586,2
1121,7,3
1121,3614,3
1121,3263,2
1121,2447,2
1121,368,2
1121,2567,1
1121,3869,1
1121,500,4
1121,339,3
1121,2706,4
1121,1513,2
1121,3450,3
1121,2424,4
1121,1569,1
1121,224,4
1121,2759,2
1121,1614,1
1121,2671,3
1121,1821,3
1121,852,1
1121,345,1
1121,1923,1
1121,144,4
1121,2770,2
1121,597,4
1121,1449,4
1121,2171,4
1121,2618,2
1121,1042,2
1121,3178,2
1121,2502,4
1121,1446,2
1121,2883,4
1121,141,4
1121,1747,3
1121,1188,4
1121,539,1
1121,356,4
1121,1784,4
1121,1537,2
1121,2302,4
1121,1883,1
1121,3821,3
1121,3865,3
1121,3948,2
1121,3831,4
1121,3317,3
1121,3893,2
1121,3481,2
195,1258,3
1088,719,1
1088,3129,1
3592,1225,1
3592,1216,1
1451,196,3
1451,2986,1
1912,994,3
3963,2701,3
3963,303,2
3963,2012,3
3963,1266,3
3963,266,2
624,1292,2
2020,1210,3
4117,3797,4
4117,3826,3
4117,3946,1
4117,3513,1
4117,3863,3
4117,3555,1
4117,3535,4
4117,3896,3
4117,3755,2
1266,1889,3
1088,307,3
1088,952,4
1088,3155,1
1088,2433,1
1088,1280,4
1088,1272,2
1088,897,3
1088,2771,3
424,482,1
3106,2594,4
3051,3949,1
1579,2165,1
767,3102,3
767,628,2
767,3176,4
767,832,1
767,454,1
767,3527,1
767,1370,3
767,494,1
767,2841,3
767,1407,4
767,1994,4
767,349,1
767,2353,2
767,3256,4
767,2916,3
767,474,4
767,1653,4
767,2391,1
767,2764,2
767,733,3
767,161,2
767,3147,1
767,1610,4
767,3505,4
767,2871,3
767,2178,3
767,2819,4
767,2203,4
767,457,4
767,2176,2
767,1219,4
767,1625,3
767,2208,2
767,593,4
767,2762,2
767,3826,2
767,3273,1
767,3484,1
767,3623,3
767,3948,4
767,3409,4
767,3784,2
767,3916,2
2859,2611,1
3971,1685,4
4640,3743,2
1524,3896,4
4089,1021,3
4089,61,3
5049,3578,1
5049,1589,2
5049,3952,2
5049,101,1
5049,1302,2
5049,1073,3
5049,2355,2
5049,1784,2
5049,3108,4
5049,474,1
5049,1094,4
5049,3176,2
5049,300,1
5049,2248,1
5049,2359,3
5049,1704,3
5049,1466,3
5049,1673,2
5049,1449,4
5049,3733,4
5049,1965,1
5049,2890,3
5049,2761,4
5049,1186,2
5049,2352,3
5049,1446,4
5049,529,2
5049,678,4
5049,1188,3
5049,1858,3
5049,3836,3
5049,1289,1
5049,3911,2
5049,3310,4
5049,73,3
5049,2611,2
5049,2859,4
5049,265,3
5049,3006,2
5049,1256,3
5049,1147,4
5049,2300,4
5049,1292,2
424,420,1
424,3262,1
195,80,2
5636,2458,1
5636,1113,3
5636,508,3
5636,65,1
5636,3178,2
5636,3197,2
5636,2446,1
1291,1127,2
1291,1395,3
1291,2463,3
1579,3718,1
4829,2311,2
4829,2407,4
1306,3718,3
1425,2337,2
1051,3912,3
1051,2167,2
1851,678,4
5841,2937,3
5458,2983,3
5636,2983,2
5636,929,3
1982,3908,4
1982,3597,4
1982,3114,2
1982,2692,1
1982,3753,3
1982,3826,1
1982,3453,1
1982,3863,1
1982,2979,4
1982,2492,1
5539,3167,4
3471,1855,3
3471,3735,4
3471,65,1
3471,2269,3
3471,3646,4
2841,3911,4
4058,2628,1
2489,322,4
2489,3317,1
2489,3827,1
2489,1635,1
195,908,4
5394,3424,3
4950,1203,4
424,3260,4
424,1962,4
424,2560,2
424,2782,2
5331,3862,2
3312,3669,4
3312,818,1
3312,3053,1
3312,516,3
3312,1027,1
3312,1191,2
3312,2012,4
3312,231,3
3312,2961,4
3312,3156,3
3312,339,1
3312,848,2
3312,2106,4
3312,705,3
3312,1268,3
3312,1249,1
5621,1459,3
1125,110,4
65,1210,4
65,2628,1
65,260,4
349,3363,4
5557,1395,2
5557,3101,3
5331,1183,3
5331,1304,3
3550,2973,1
3368,2795,4
3368,2794,4
3368,3699,2
3368,593,3
3368,185,1
3368,2028,2
3368,1617,1
3368,1393,2
3368,1387,4
3368,1888,3
3368,3175,4
3368,1036,2
3368,3408,2
3368,3471,2
3368,353,3
3368,2423,1
3368,110,4
3368,3418,1
3368,457,3
3368,1610,3
3368,1197,1
3368,2000,4
3368,47,4
3368,2391,1
3368,480,2
3368,1206,2
3368,1240,2
3368,1097,3
3368,1270,3
3368,589,1
3368,1214,2
1421,2729,1
1958,2628,1
2063,3827,3
4277,3178,3
5011,3484,3
3471,1517,4
3471,2539,4
3471,344,4
3410,185,4
3410,3949,2
131,930,3
195,349,2
1317,2399,1
1317,2147,1
1317,2942,4
1317,2410,1
1317,3529,2
1317,1347,2
1317,1395,4
1317,2115,2
1317,2420,1
1317,3036,4
1317,3101,3
1317,1663,4
1317,3098,2
1317,3039,2
1317,1096,3
1317,1961,4
1317,1293,4
1317,1305,4
1317,1956,4
1317,2077,2
1317,1299,3
1317,2537,1
1317,3782,2
1317,2032,1
1317,1388,2
1317,3672,1
1317,2014,2
1317,1031,3
1317,2346,4
1317,3812,1
1317,2090,4
1317,3198,2
1165,594,3
624,1251,1
2076,1230,3
2076,3814,3
3462,1185,4
1982,1590,4
4294,26,1
1982,852,1
1982,379,1
1982,231,1
1982,733,3
1982,1494,1
1982,1438,4
1982,1396,4
1982,2329,1
1982,648,3
1982,1407,3
1982,802,2
1982,2500,4
1982,3052,4
1982,1835,2
1982,2505,1
1982,2082,1
5011,307,3
5539,2729,4
1421,1821,4
1421,1947,4
1812,3578,3
4934,898,2
424,1909,4
1451,1419,4
1451,800,3
1425,6,3
1733,2594,2
5650,3157,1
5650,653,1
5650,1009,3
5650,788,1
5650,2528,4
3693,1635,3
5650,2763,2
5650,1586,4
5650,1527,4
5650,3578,1
5650,2571,2
5650,1197,4
1733,3338,3
5787,2101,4
5787,3153,4
5787,3771,4
5787,3492,2
5787,185,4
5787,2269,3
5787,3262,4
5787,3155,3
5787,521,2
5787,1059,3
5787,2463,3
5787,3101,3
5787,2437,3
5787,1639,3
5787,3361,2
5787,2248,4
5787,123,3
5787,50,2
1088,3565,3
1088,508,2
4277,2693,4
1088,3448,4
329,953,1
329,2303,3
195,2966,1
3550,2706,4
1912,2178,2
1647,2616,2
1647,1021,4
678,3794,4
4842,50,4
1425,3903,3
1425,3512,2
1733,3424,2
1733,2500,2
5281,1210,2
1149,1104,3
1149,1225,1
1149,2028,1
1149,745,3
1149,1148,1
1149,318,3
5054,2940,4
5054,1068,1
134,3783,3
5621,173,1
2841,82,1
2841,1132,2
2841,1207,3
2841,2336,2
2841,1263,2
2841,1200,4
2841,2542,3
2841,2819,3
2841,2184,4
2841,1230,4
2841,3949,4
2820,2460,3
2820,2976,1
2820,866,2
2820,3911,2
2859,3733,2
3410,2671,2
5054,2692,3
5054,2959,2
5054,110,2
1912,1077,1
1125,1833,1
1912,1438,2
1912,668,2
3054,1059,2
3054,417,2
3054,3365,4
3054,1953,3
355,1639,4
1912,3873,1
4940,592,3
4940,2729,4
4940,2524,3
4940,2611,3
4940,750,3
4940,3707,1
4940,1674,3
4940,1150,3
4940,2406,4
4940,2067,2
4940,2454,4
4940,3167,3
4940,3071,2
4940,1682,1
4940,2376,1
4940,2616,4
4940,3039,1
4940,1281,3
4940,907,2
4940,7,2
4940,1212,2
4940,357,4
4940,924,1
4940,2639,2
4940,971,1
4940,1278,4
4940,1947,3
4940,3926,4
4940,1288,1
4940,3763,3
4940,1095,2
4940,1276,2
4940,1230,3
4940,1784,1
4940,1234,2
4940,3628,2
4940,3096,2
4940,1292,1
4940,3210,2
4940,1934,3
4940,1135,4
4940,2724,1
4940,2259,1
4940,2347,2
4940,920,1
4940,296,1
4940,1950,2
4940,3361,1
4940,1663,4
4940,373,1
4940,1199,3
4940,1952,2
4940,2137,1
4940,597,4
4940,858,2
4940,1665,3
4940,1449,3
4940,1101,3
4940,3613,3
4940,1964,1
4940,1025,2
4940,3668,4
4940,1084,3
4940,3543,2
4940,2247,4
4940,2349,1
4940,2076,3
4940,3678,1
4940,2793,1
4940,1940,4
4940,879,2
4940,1228,4
4940,708,1
4940,1394,1
4940,3028,2
4940,1931,2
4940,348,1
4940,1287,1
4940,3550,4
4940,19,2
4940,1339,3
4940,1258,3
4940,2268,4
4940,788,2
4940,931,2
4940,3467,2
4940,1343,2
4940,3330,4
4940,927,4
4940,2424,3
4940,3733,3
4940,2082,3
4940,3146,2
4940,2081,2
4940,1017,2
4940,1219,4
4940,2413,3
4940,945,2
4940,2859,1
4940,3388,2
4940,1225,2
4940,954,1
4940,3379,1
4940,1961,4
4940,1198,3
4940,3549,1
4940,935,3
4940,3742,4
4940,355,2
4940,1270,3
4940,2300,1
4940,1096,2
4940,1226,1
4940,3086,4
4940,2633,2
4940,3602,1
4940,3194,3
4940,3157,2
4940,724,1
4940,1294,2
4940,3633,1
4940,1304,1
4940,673,4
4940,1968,3
4940,500,4
4940,965,3
4940,160,1
4940,3552,2
4940,3704,2
4940,2664,2
4940,12,4
4940,2993,3
4940,2132,2
4940,1500,3
4940,3451,1
4940,952,1
4940,3221,4
4940,3606,2
4940,969,2
4940,2043,3
4940,1958,4
4940,337,1
4940,3738,1
4940,2361,4
4940,3171,1
4940,3201,1
4940,2094,1
4940,3350,2
4940,2926,2
4940,959,1
4940,3068,2
4940,3099,3
4940,1367,3
4940,2366,3
4940,1029,1
4940,2819,1
4940,1359,3
4940,3930,2
4940,2340,1
4940,1244,2
4940,2078,2
4940,2529,2
4940,3653,4
4940,2108,2
4940,3097,3
4940,492,3
4940,2090,2
4940,2069,3
4940,1008,2
4940,501,3
4940,1939,3
4940,911,4
4940,2968,3
4940,2371,4
4940,2398,4
4940,934,2
4940,905,1
4940,2087,3
4940,3235,2
4940,162,2
4940,2109,3
4940,2146,4
4940,3507,4
4940,11,4
4940,994,4
4940,2111,2
4940,2160,3
4940,1127,3
4940,2352,4
4940,1429,1
4940,2654,4
4940,3921,4
4940,950,2
4940,956,3
4940,2174,1
4940,2000,4
4940,1128,4
4940,2677,4
4940,454,3
4940,898,2
4940,1013,2
4940,3546,2
4940,1211,4
4940,2874,4
4940,3358,1
4940,2088,2
4940,3217,2
4940,3551,1
4940,948,3
4940,3638,2
4940,2973,2
4940,1374,4
4940,2967,1
4940,3622,2
4940,2020,2
4940,3469,3
4940,594,4
4940,3548,1
4940,3255,2
4940,3729,4
4940,932,3
4940,852,1
4940,3604,4
4940,1200,1
4940,1194,4
4940,2100,1
4940,1086,1
4940,2797,3
4940,1280,3
4940,2644,3
4940,1238,4
4940,1946,4
4940,3204,4
4940,2779,4
4940,2437,1
4940,2709,4
4940,437,3
4940,1391,3
4940,3450,4
4940,1028,1
4940,341,2
4940,2208,2
4940,968,2
4940,549,4
4940,674,4
4940,1088,2
4940,413,4
4940,13,4
4940,1220,3
4940,176,2
4940,900,2
4940,3398,3
4940,2522,1
4940,2405,2
4940,152,1
1256,1358,4
1256,933,4
1256,1269,1
1256,1267,1
1256,965,1
1256,1953,1
1256,678,3
1256,924,4
1256,1249,2
1256,2208,1
1256,908,2
1256,1089,2
1256,3728,3
1256,928,1
1256,1252,1
1256,1248,2
1256,50,2
1256,608,3
1256,1617,2
1256,904,1
1256,2186,3
1256,111,1
1256,1210,1
1256,1131,3
1256,1968,1
1256,3526,3
146,1597,3
146,468,2
146,461,1
146,1722,3
146,597,3
146,224,1
146,339,4
146,2424,4
146,1821,2
146,1959,3
146,3699,1
146,2801,3
146,356,2
146,2406,4
146,1721,1
146,509,3
146,539,4
146,342,3
146,2006,3
146,1059,2
146,911,2
146,1912,4
1912,3739,3
146,3097,4
146,17,2
146,3512,3
146,1228,2
146,1962,4
146,780,2
146,85,3
146,1639,3
146,232,1
678,831,4
4823,2333,4
4600,2313,2
4600,356,3
4600,799,2
1500,3578,1
1500,3016,3
1500,3751,3
1912,2204,4
1500,3911,3
1500,1554,3
1500,3354,2
624,1228,1
1912,3812,4
4312,2901,2
4312,2412,2
4312,20,2
4312,1953,2
4312,3273,4
4312,3484,2
4312,3906,3
4312,3744,1
4312,3328,3
1348,2628,4
1348,2805,2
1348,2671,3
5621,2581,1
1912,2290,2
1019,2976,2
1019,3252,2
1019,1653,3
1019,3163,2
195,1464,2
624,1262,1
2969,2416,1
2969,1210,3
2969,1196,3
2969,2023,4
1451,307,3
1912,2187,1
3691,2025,4
1733,1985,1
1088,3516,4
1088,3121,2
1088,1931,1
1246,3593,1
1246,3355,3
1246,3354,2
1246,3717,2
1246,3618,1
1246,3457,2
1246,3744,3
1246,3452,3
1246,3300,1
1246,3916,1
1246,3510,2
1246,3317,4
1246,1269,2
1246,3949,3
1246,2359,1
1246,1307,2
1246,912,2
1246,1921,2
1246,902,2
1246,2616,2
1246,3155,1
1395,2628,2
5387,2907,4
5394,1035,1
343,486,2
343,590,2
343,2142,3
343,2779,3
1941,2093,3
1912,3929,3
349,1639,4
2878,3114,3
2878,3948,1
5539,4,1
1088,174,3
1088,1033,3
1088,1013,2
1088,2628,1
1088,2908,2
1088,25,2
2168,1234,3
2168,2507,2
2168,2142,3
2168,2701,2
2168,2959,3
2168,2976,4
2168,2881,1
2168,2706,2
2168,2478,4
2168,1419,2
2168,725,2
2168,2616,3
2168,1059,1
1425,2671,2
1425,3401,1
1912,2982,4
1912,1747,3
1912,3623,3
1912,358,4
1912,1930,2
4867,3616,2
4867,107,3
1912,2936,3
1943,1562,2
496,1391,4
1943,3268,4
1943,196,4
1733,527,2
1164,3505,2
1164,1290,2
1164,2973,1
1164,2797,1
1164,1394,2
1164,3361,2
1164,1240,4
1164,1124,3
1164,1036,4
1164,2331,2
1164,1246,2
1164,2725,3
1164,627,3
1164,785,4
1164,1396,2
1164,3145,4
1164,2295,4
1164,2996,2
1164,715,1
1164,1268,4
1164,851,1
1164,45,3
1164,3118,2
1164,538,2
1164,988,4
1164,381,3
1164,2302,2
1164,480,3
1164,3079,2
1164,647,1
1164,141,4
1164,3466,3
1164,887,3
1164,1584,3
1164,523,3
1164,82,4
1164,1836,3
1164,1500,4
1164,1923,3
1164,728,4
1164,1060,3
1164,1730,1
1164,1120,2
1164,2442,3
1164,3055,1
1164,508,3
1164,351,2
1164,335,3
1164,457,2
1164,2268,3
1164,535,3
1164,1794,2
1164,16,4
1164,2237,2
1164,194,2
1164,1759,4
1164,1177,1
1164,1406,3
1164,3163,3
1164,1504,1
1164,1747,1
1164,1729,1
1164,1056,1
1164,2580,3
1164,1749,2
1164,589,1
1164,21,2
1164,1914,4
1164,3129,3
1164,1625,1
1164,125,1
1164,32,3
1164,235,3
1164,101,4
1164,1673,2
1164,1846,2
1164,501,3
1164,1358,1
1101,2473,3
1101,85,3
1101,3262,2
1101,521,3
1101,783,2
1101,232,3
1101,1059,4
3462,2750,2
4126,1391,1
4126,291,3
4126,3256,1
5359,2628,2
3055,912,1
3055,2338,4
3055,2792,3
3055,2413,2
3055,735,4
3055,1380,2
3055,2657,1
3055,597,1
3055,3526,1
3055,1028,4
3055,3210,3
3055,1968,1
3055,1307,1
3055,2791,2
3055,2918,3
1164,3125,3
1164,1872,2
1164,319,3
1164,348,1
1164,1641,3
1164,1466,2
1164,778,2
1164,2359,4
1164,3105,4
1164,1678,1
1164,6,2
1164,2908,2
1164,1889,4
1164,1834,2
1164,1633,4
1164,475,3
1164,1694,1
3055,1259,2
1164,2571,3
1164,1271,1
1164,2391,4
1164,1187,3
1164,1449,2
1164,1719,2
1164,232,2
1164,2324,1
3055,1438,3
1164,3317,1
3055,2826,2
3055,2617,2
3055,1876,2
3055,10,3
3055,3527,2
3055,3709,2
3055,1987,2
3055,1655,4
3055,532,4
3055,1327,1
3055,724,4
3055,2428,4
3055,1331,3
3055,1128,4
3055,1974,3
3055,3660,2
3055,2003,2
3055,2606,2
3055,2550,1
3055,1347,3
3055,2455,2
3055,3476,3
3055,1982,3
3055,1345,2
3055,2716,4
3055,1333,3
5011,3406,1
1088,1483,2
3055,1219,3
1425,442,1
1425,1866,3
791,420,3
791,2269,4
791,2794,4
3051,724,4
1851,3101,3
1851,3862,1
5689,2700,2
4478,3897,4
4478,1572,1
1088,28,2
5689,1466,2
5689,3950,4
1425,181,1
1425,1426,1
1425,1016,4
1425,3062,1
1425,778,2
4867,3743,4
2969,708,4
2969,1221,1
2969,858,4
4861,1089,1
4861,3503,4
4861,3160,2
4861,1200,3
4861,1214,4
4680,1464,3
1982,1089,1
1088,236,4
1425,1995,3
1425,1994,1
1425,494,1
1425,3909,3
5488,2193,2
5488,86,1
5488,1682,3
5488,1188,3
5488,3176,2
5488,3100,2
5488,2058,3
5488,1617,2
5488,252,3
5488,3914,2
5488,1199,4
5488,2908,4
5488,141,3
5488,1046,4
5488,1225,3
5488,1127,2
5488,2858,2
5488,3095,3
5488,1213,3
2380,2881,4
3011,2105,1
3011,198,1
3011,2021,4
3011,480,2
3011,3699,4
3011,1127,3
3011,3793,2
3011,2640,4
3011,3175,2
3011,1199,4
3011,3471,1
3011,1921,3
3011,2140,1
3011,589,1
3011,32,2
3011,1584,1
3011,29,3
3011,2594,1
3011,2010,4
3011,2571,3
3011,1175,2
3011,541,1
3011,750,4
3011,260,4
3011,1196,1
3011,1214,4
3011,1206,1
3011,3300,4
3011,2968,2
3011,1961,3
3011,2330,3
3011,1464,2
3011,2736,2
3011,1378,2
3011,3448,4
3011,50,2
3011,1101,3
3011,904,3
3011,2916,4
3011,3100,1
3011,597,4
3011,2372,4
3011,104,1
3011,1183,4
3011,3198,4
3011,924,2
1125,555,4
5956,551,1
1451,266,1
1954,3851,4
1954,3548,4
1954,3785,4
1954,1046,1
1954,3903,1
1912,2871,3
1912,3755,2
1912,3174,4
1912,1439,2
1912,2122,2
1912,597,4
1912,1876,1
1912,3089,1
1912,3634,4
1912,1078,4
195,3456,4
3017,3909,3
1088,1711,1
1088,3051,3
1088,3300,1
1088,3604,2
1088,1653,3
4647,2330,1
1958,1703,3
1912,1625,2
1912,3813,4
1142,1678,2
1019,2671,4
1425,2162,4
424,531,4
424,2094,3
1425,3915,4
1597,1393,4
1306,356,2
1202,2858,2
5636,110,1
5458,110,1
5458,318,3
3462,256,2
3462,3361,4
349,3033,2
5621,2671,1
5621,1388,4
5689,3328,2
1181,522,4
1181,3949,1
1181,2110,2
1181,1631,3
1181,1748,1
5156,1923,1
1181,159,1
1181,1274,2
1181,233,1
1181,2810,2
1181,1060,3
1181,3327,3
727,3361,4
343,2763,4
343,1212,2
1733,3044,3
1579,3330,1
1265,1235,2
1733,1214,3
1733,1320,3
1733,2791,1
4867,3862,3
4867,3864,1
4867,1848,4
4829,3241,3
3824,1051,2
1778,3071,2
1778,597,1
1778,539,2
1778,2125,2
1778,1799,2
1778,3948,4
1778,2692,4
1748,2671,1
1912,805,1
1912,2852,3
1912,3111,1
1912,2205,2
1912,1955,1
1912,2990,4
1451,314,4
1733,3176,4
1733,2858,2
1733,1983,1
1733,1977,1
1733,1978,3
1733,2459,1
1733,589,4
1733,1454,3
1733,1196,1
1733,2144,4
1733,112,2
1733,3008,1
1733,480,3
1733,3476,2
1733,3917,2
1733,2716,1
1733,3408,3
1733,166,3
1733,1466,3
1733,3203,4
1733,1092,4
1733,152,4
1733,1127,1
1733,1266,4
1733,3384,4
1733,2288,4
1733,1077,4
1733,1537,1
1733,2395,1
1733,47,1
1733,1089,2
1733,522,3
1733,1090,1
1733,1836,4
1733,1387,1
1733,1285,3
1733,3481,3
1733,2952,1
1733,1982,3
1733,2318,3
1733,1079,4
1733,2959,2
1733,1997,3
1733,1261,1
1733,2599,4
1733,1701,3
1733,353,3
1733,441,1
1733,162,4
1733,1206,4
1733,745,1
1733,2804,2
1733,223,4
1733,29,3
1733,1252,3
1733,735,4
1733,3167,1
1733,1673,1
1733,1354,3
1733,1241,3
1733,101,3
1733,3788,3
1733,2076,4
1733,851,2
1733,1255,4
1733,3726,3
1733,1270,3
1733,1215,4
1733,1200,2
1733,3363,4
1733,1274,1
1733,3007,4
195,670,1
5539,3317,1
5539,218,3
1733,659,4
2114,2628,1
937,2473,4
937,2794,4
937,1395,4
937,3101,1
937,1059,4
937,1393,3
937,2240,1
937,1639,4
937,968,4
937,2248,3
1982,3160,1
1982,50,4
1425,911,3
1425,2398,3
1425,2381,2
1425,2380,3
1425,3387,2
1425,3688,2
1425,1091,4
1425,1135,1
1425,2915,1
1425,206,3
1088,2334,1
1088,996,3
3410,529,1
3410,2758,3
1202,2232,1
1551,2420,3
424,318,2
424,2412,3
424,2411,3
424,2410,3
424,2373,1
424,2264,2
424,1244,3
1274,2819,3
1274,947,2
5458,2628,1
5458,1210,4
5458,260,1
1425,3908,2
1425,3190,4
1425,3793,4
424,2336,2
149,2248,2
424,1230,4
1912,1711,3
1912,2561,1
1912,2335,3
1912,1391,1
1912,3152,2
1912,3742,2
1912,1245,3
1733,2624,2
438,2596,3
438,934,4
752,490,2
752,2686,3
2918,1748,2
195,1300,1
195,2010,2
1019,2932,2
4823,2551,3
2451,920,3
2451,2474,3
2451,3005,3
1912,2526,1
1912,2985,3
1912,2207,3
1912,2227,2
1912,2009,2
1912,2210,4
1912,1450,2
1912,976,4
1912,3681,1
1912,1302,4
1912,1282,4
1088,742,3
1088,1713,4
1912,707,2
1912,3091,2
5277,2455,2
5277,3108,2
5277,2712,1
5277,1079,4
5277,2599,4
5277,2291,2
5277,2313,2
5277,2944,1
5277,1094,1
5277,441,3
5277,3552,2
5277,1220,3
5277,3671,3
5277,2770,3
5277,1084,3
5277,592,2
5277,1377,1
5277,595,2
5277,1292,1
5277,34,1
5277,1208,4
5277,150,4
5011,3086,1
5539,803,1
5539,36,4
424,902,4
424,2868,2
424,1320,3
424,1690,2
1980,1549,3
1980,215,4
1980,1244,3
1980,2290,3
1980,1230,1
1980,902,4
3312,1730,2
3312,3908,1
3312,3565,3
3312,3483,3
3312,3882,1
3312,3751,1
3312,3897,4
1733,1769,3
1733,2159,3
1733,1218,3
1733,2727,2
1912,946,2
1912,1256,2
4867,198,4
4867,316,1
4867,1243,2
4867,597,2
4867,497,1
4867,2746,1
4867,3471,1
4867,2797,1
4867,2174,4
4186,2453,4
4186,1125,1
4186,2366,4
4186,505,2
4186,3831,1
4186,2043,1
2489,3146,2
2489,3189,4
424,1267,1
424,481,2
4802,1732,1
1912,474,4
1912,3082,3
2907,924,1
2907,1136,3
2907,3317,1
2907,3911,3
2907,3827,3
2907,577,4
2907,1393,3
1019,1772,1
1019,1845,4
1019,1204,1
3824,3852,3
1912,199,1
3562,319,4
4089,420,3
4089,185,4
4089,1769,2
4089,1275,2
4089,2240,4
4089,678,3
4085,350,3
4085,725,3
4085,420,1
4085,678,2
5394,2986,3
5394,886,2
5394,3919,4
5394,3715,2
5394,3441,4
5394,3770,3
5394,1385,3
5394,2898,3
5394,1031,2
5394,2353,2
5394,2099,1
5394,1374,1
5394,2018,3
5394,1023,1
5394,117,2
5394,3034,2
5394,596,3
5394,2366,1
5394,1212,2
1202,1615,2
1202,349,2
1202,986,3
4277,3185,4
4277,1762,3
1352,659,2
1352,3785,2
1125,92,3
343,3210,3
343,2186,4
4823,2320,1
1306,3554,4
1088,419,3
1088,2977,2
1088,2711,4
2247,3317,2
5011,3548,4
1425,1811,3
1425,1366,1
1425,337,3
1425,2357,3
1425,1719,2
1425,3355,2
1425,3794,2
1980,3852,2
1980,2775,2
1306,3825,1
1733,1302,2
4680,2656,2
5636,1094,4
5458,1094,4
648,1247,4
648,2395,4
648,1171,3
648,927,3
648,926,1
2353,2401,4
2353,2921,1
2353,2922,1
2353,474,3
2353,2245,1
2353,349,2
2353,3194,4
2353,3098,4
2353,3068,2
2353,454,1
2353,509,4
2353,3111,3
2353,2424,2
2353,539,4
2353,3255,4
2353,1042,1
2353,2739,4
2353,2474,2
2353,288,4
2353,230,1
2353,3259,4
2353,648,3
2353,1393,1
2353,3844,1
2353,1955,4
2353,1096,4
2353,1250,4
2353,376,4
2353,3109,4
2353,3100,3
2353,2996,4
2353,1035,3
2353,105,1
2353,2875,1
2353,628,4
2353,3250,3
2353,3178,4
2353,3186,4
2353,1597,4
2353,3738,4
2353,2524,2
2353,1271,4
2353,551,4
2353,2423,3
2353,1784,1
2353,1704,1
2353,3448,3
2353,2268,4
2353,1028,1
2353,1923,1
2353,2160,2
2353,273,2
2353,1097,1
2353,318,2
2353,3798,2
2353,3951,1
2353,2186,4
2353,1267,1
2353,2871,2
2353,223,3
1912,2937,4
2353,110,3
5470,1073,4
5470,1210,3
5470,592,3
5470,3788,4
5470,1569,2
5394,1254,4
1266,2084,4
1266,2876,2
1266,420,3
1266,840,4
1266,2269,2
1266,2794,4
1266,185,2
1266,13,1
1266,659,3
1266,780,3
1266,2138,3
1266,1292,3
5281,3185,3
2353,858,2
2353,1266,1
2353,3949,4
2353,2321,2
2353,3897,4
2353,953,3
2353,111,1
2353,1263,3
195,1217,1
195,750,2
195,1216,2
2353,1345,4
2353,2392,2
2353,2761,3
2353,3203,3
2353,2699,1
2353,508,3
2353,597,1
2353,1207,1
2353,3330,3
2353,2070,4
2353,3114,3
2353,3185,3
2353,3081,3
2353,1513,1
2353,2013,3
2353,3219,4
2353,2734,1
2353,3174,2
2353,2333,3
2353,2688,1
2353,2716,1
2353,2757,2
2353,2599,3
2353,3543,1
2353,2369,1
2353,3952,3
2353,2541,4
2353,2546,1
2353,2355,2
2353,2433,1
2353,2710,2
2353,2997,2
2353,2683,1
2353,2707,2
2353,3179,3
2353,2966,2
1780,2728,3
1780,455,2
1780,442,2
1780,2429,2
1780,3555,4
408,417,2
4834,2596,4
4834,2293,3
408,1188,4
408,232,4
408,522,2
408,81,4
408,922,2
408,2115,2
408,483,1
408,2351,3
408,3418,2
408,471,2
408,2000,4
408,3551,2
408,2384,3
408,1291,4
408,3203,3
408,457,3
408,3386,3
408,3752,1
408,1051,4
408,1265,4
408,300,2
408,231,2
408,903,4
408,2335,3
408,1921,4
408,1129,3
408,1450,4
408,3271,1
408,2528,4
408,555,4
408,2171,3
408,3037,3
408,1371,2
408,1206,4
408,2859,4
408,500,3
408,1253,1
408,2628,3
408,1965,4
408,2916,3
1912,1378,1
1912,1091,1
1912,1379,2
1912,231,1
1912,3809,2
1912,3024,4
1912,273,1
1912,2908,4
1912,2641,4
1912,589,1
5302,852,4
5302,3424,1
2015,3328,2
2015,3448,1
2015,2890,1
2015,1633,2
2015,1208,1
2015,529,3
2015,1730,3
2015,1247,2
2015,1213,1
2015,1826,3
2015,3945,4
2015,3166,3
2015,2143,1
2015,1204,4
2015,899,3
2015,720,3
2015,3799,3
2015,3054,2
2015,455,2
2015,250,3
2015,2761,1
2015,383,1
2015,3682,4
2015,3508,4
2015,2093,3
2015,2900,3
2015,1199,4
2015,1206,4
2015,750,4
1422,3708,4
1422,2851,3
1422,3044,3
1422,1252,3
195,2688,3
1980,1956,1
4277,2891,4
4277,3947,4
4277,1431,1
1912,259,4
1912,3272,4
1912,3791,2
1912,175,4
1912,2145,1
1912,233,2
195,3022,4
1912,280,3
1912,1399,2
1912,1733,3
1912,3684,2
1912,425,2
1912,14,1
1912,2988,2
1912,272,1
1912,1396,2
1912,3447,1
1912,2130,2
1912,448,4
1912,902,1
1912,2439,4
1912,2329,4
1912,1942,3
1912,3467,1
1912,2612,2
3054,1652,1
1912,1104,1
3054,1288,2
1912,1237,1
1912,2351,2
1912,2732,2
1912,1934,1
1912,1248,2
1912,2203,1
1912,1954,3
1912,969,2
1912,1222,3
1733,2505,2
2119,3646,4
2119,3821,3
2119,3717,4
1088,2919,3
1088,1416,2
1088,52,3
4823,1233,4
4600,3617,4
1125,593,1
3410,1401,2
2451,2406,2
2451,2115,3
2451,1291,1
2451,2375,3
2451,1193,4
2451,2053,2
2451,3654,3
624,1393,4
624,678,3
1422,1513,4
1422,3161,1
1120,2617,3
1120,3556,2
3866,2683,1
3866,2827,3
3866,2858,1
3866,1127,4
3866,3836,1
3866,1203,4
3866,1233,4
3866,1280,4
3866,919,1
3866,912,2
3866,3871,3
3866,527,2
3866,1230,1
3866,2997,3
3866,296,3
3866,3201,2
3866,1084,1
3866,2917,2
3866,1732,3
4186,3457,2
4186,1092,1
4186,3169,3
4186,433,4
4186,1647,1
4186,2891,3
1125,1396,2
3359,1276,3
4294,637,4
4294,2005,3
4294,1588,3
911,2432,3
911,224,2
911,3723,2
911,62,4
911,381,1
911,3252,4
911,832,1
911,1271,1
911,1680,2
911,3100,1
1980,1937,1
3371,2640,1
3371,1968,4
3371,1230,1
3371,1827,2
3371,1969,3
5996,2422,2
5996,3835,1
5996,3564,3
5996,2748,2
5996,3716,3
5996,3130,4
5996,2471,1
5996,2701,3
5996,781,3
5996,542,1
5996,3707,2
5996,2616,4
5996,466,3
5996,2375,1
5996,2605,3
5996,5,3
5996,719,3
5996,3715,1
5996,1665,2
5996,2504,1
5996,3826,3
5996,2279,2
5996,2376,2
5996,786,1
5996,1091,2
5996,2989,1
5996,3247,3
5996,2109,2
5996,2245,1
5996,3301,2
5996,31,1
5996,3274,4
5996,1688,3
5996,1030,4
5996,2134,1
5996,1350,1
5996,1713,2
5996,3791,4
5996,799,1
5996,2470,3
5996,203,1
5996,2672,1
5996,783,2
5996,3809,4
5996,3253,1
5996,552,3
5996,2247,2
5996,3197,2
5996,616,4
5996,2581,3
5996,368,2
5996,3263,2
5996,3210,2
5996,3039,2
5996,2949,4
5996,10,3
5996,3635,2
5996,1258,2
5996,3526,2
5996,3086,2
5996,1201,1
5996,899,1
5996,3068,2
5996,1929,4
5996,953,1
5996,1136,4
3371,2470,3
3371,2378,4
3371,3791,2
3371,2290,4
3371,2469,1
3371,2003,2
3371,2968,1
3371,3101,2
3371,2115,3
3371,2144,4
3371,3552,3
3371,1246,1
3371,2371,4
3371,2140,2
3371,1374,4
3371,2312,4
3371,1302,2
3371,2739,2
3371,3072,4
3371,1291,1
3371,3699,4
3371,2750,1
3371,3098,4
3371,2114,4
3371,1173,3
3371,2352,1
3371,2795,2
3371,1961,4
3371,3071,3
3371,1124,4
3371,1962,4
3371,2022,4
3371,2970,3
3371,2073,4
3371,3476,4
3371,2747,3
3371,1997,4
3371,1258,2
3371,2057,4
3371,2947,3
3371,2987,2
3371,2395,2
3371,299,3
3371,2013,1
3371,2723,2
3371,2526,1
3371,2718,3
3371,2959,4
3371,2853,1
3371,3863,1
3371,1254,3
424,1240,3
424,2459,2
1851,3328,2
1851,3510,2
1851,3949,2
5312,595,4
424,316,3
424,329,3
1851,2473,1
1851,65,3
1851,2816,2
1851,234,2
1851,521,2
1851,1769,4
1851,1275,4
1851,1393,2
1851,691,1
1851,1639,2
424,3036,4
1425,3747,3
5996,3712,4
5996,2141,4
5996,2301,3
5996,2709,1
5996,1020,2
5996,2694,1
5996,3087,1
5996,2190,4
5996,3699,3
5996,2539,4
5996,3672,1
5996,2407,3
5996,1378,3
5996,141,1
5996,500,2
5996,3608,2
5996,1614,2
5996,1777,4
5996,3844,2
5996,3753,3
5996,1297,1
5996,3145,1
5996,1035,3
5996,2915,4
5996,3552,1
5996,3723,4
5996,3175,3
5996,3071,4
5996,1923,2
5996,2599,3
5996,3421,2
5996,2918,2
5996,2687,3
5996,2302,3
5996,2359,1
5996,1147,3
5996,3549,3
5996,3499,1
5996,3072,2
5996,2791,3
5996,1079,3
5996,595,2
5996,3681,4
5996,3361,3
5996,1249,2
5996,3671,4
5996,1784,1
5996,1086,1
5996,1276,4
5996,3097,3
5996,2565,1
5996,1104,2
5996,3897,4
5996,916,4
424,3897,2
195,1212,1
3454,3146,2
5394,101,4
5394,1092,2
5394,1291,4
5394,1457,2
5394,3052,4
5394,2169,1
5394,971,1
5394,902,4
5394,2064,4
5394,180,1
5394,3671,4
5394,1594,4
5394,3435,2
5302,1302,3
1733,72,4
3054,3949,4
3412,2353,4
3412,3713,2
3412,508,1
3412,480,2
3412,1476,1
3412,1639,1
3412,384,1
3412,2858,3
4823,3198,4
1088,585,2
1088,2078,4
1088,2265,3
1088,256,4
5063,2762,1
1088,2096,2
5172,1265,2
5172,3361,2
5172,232,1
1425,899,1
3140,158,4
3140,2455,2
3140,3785,1
3140,2555,4
3140,506,4
3140,3552,1
3140,2739,3
3140,2621,2
3140,208,3
3140,2333,4
3140,3060,3
3140,1010,4
3140,282,3
3140,805,3
3140,3484,4
3140,2470,1
3140,592,3
3140,1079,2
3140,1496,2
3140,1270,3
3140,1280,4
3140,3950,1
3140,2047,3
3140,3638,2
3140,837,4
3140,1641,4
3140,1894,4
3140,1951,1
3140,532,2
3140,2359,4
3140,1286,3
3140,1588,4
3140,1779,3
3140,260,4
3140,518,1
5557,1639,1
3140,2402,1
3140,3924,2
3140,648,3
3140,2827,3
3140,653,4
3140,3863,1
3140,574,2
3140,1982,4
3140,2146,2
3140,694,4
3140,2915,3
3140,2334,3
3140,1711,4
3140,508,1
3140,2858,1
3140,1816,2
3140,1282,2
3140,952,4
3140,2115,3
3140,491,1
3140,1955,3
3140,2,2
3140,2067,3
3140,2875,4
343,2398,4
343,196,2
343,339,1
1421,1104,1
3285,384,2
3285,1036,2
3285,86,1
3285,2598,2
3285,2713,3
3285,2720,2
3285,3115,3
3285,1911,4
3285,3298,3
3285,2979,3
5001,3404,4
5001,3844,4
5001,3270,1
5001,1660,3
5001,2291,3
5001,538,1
5001,3255,4
5001,3405,4
5001,531,4
5001,3418,4
5001,272,2
5001,412,3
5001,1968,4
5001,946,4
5001,2333,1
5001,1680,4
5001,917,2
5001,2125,4
5001,509,2
5001,32,2
5001,2967,4
5001,1177,2
5001,515,3
5001,2739,3
5001,3469,1
5001,2243,4
5001,3271,4
5001,381,2
5001,1935,4
5001,3083,4
5001,961,1
5001,1411,1
5001,3359,3
5001,3067,3
5001,3548,1
5001,1945,4
5001,2398,2
5001,923,1
5001,1126,4
5001,3877,1
5001,2453,1
5001,2093,2
5001,1967,1
5001,2622,2
5001,2628,3
5001,2,3
5001,2161,2
5001,1073,3
5001,367,3
5001,2174,1
5001,1654,1
5001,2797,3
5001,1097,1
5001,3600,4
5001,1760,3
5001,2088,3
5001,2017,2
5001,1030,3
5001,1031,1
5001,1220,3
5001,2746,1
5001,901,2
5001,3605,4
5001,551,2
5001,2946,3
5001,2857,4
5001,588,4
5001,2657,3
5001,1032,4
5001,1029,4
5001,364,1
5001,2941,3
5001,2087,2
5001,914,4
5001,3545,1
5001,1288,2
5001,3675,1
5001,2078,3
5001,2081,1
5001,2096,4
5001,2080,4
5001,900,4
5001,3061,1
5001,938,2
5001,1282,3
5001,1035,3
5001,1688,2
5001,1022,1
5001,594,3
5001,918,4
5001,2863,4
5001,2565,4
5001,1028,4
5001,1381,1
5001,2950,2
5001,2385,3
5001,2558,4
5001,2468,2
5001,1100,1
5001,2497,1
5001,1801,1
5001,2369,2
5001,1541,2
5001,2297,2
5001,2485,2
5001,1479,3
5001,1043,2
5001,691,3
5001,2572,3
5001,2491,2
5001,469,3
5001,804,2
5001,2062,2
5001,2143,2
5001,353,3
5001,2469,1
5001,1835,4
5001,2316,4
5001,7,2
5001,3524,4
5001,266,3
5001,236,2
5001,2146,3
5001,1888,4
5001,543,3
5001,956,1
5001,339,3
5001,1059,1
5001,11,3
5001,2496,3
5001,2875,4
5001,1339,3
5001,1088,2
5001,555,1
5001,3512,1
5001,2145,3
5001,1380,2
5001,351,2
5001,1735,4
5001,249,2
5001,1094,2
5001,377,3
5001,2675,3
5001,1684,1
5001,2581,3
5001,3081,1
5001,25,1
5001,3044,4
5001,1674,1
5001,497,1
5001,151,1
5001,265,4
5001,302,2
5001,2406,3
5001,357,4
5001,920,1
5001,2020,3
5001,1197,3
5001,356,2
5001,1265,1
5001,915,3
5001,916,3
5001,911,4
5001,2502,3
5001,1307,1
5001,902,1
5001,3094,2
5001,1913,2
5001,3624,1
5001,2273,2
5001,539,1
5001,17,2
5001,1569,3
5001,2424,1
5001,2834,1
5001,2612,3
5001,29,2
5001,2671,1
5001,767,3
3963,1923,1
3963,1730,4
3963,1693,2
3963,272,4
3963,2236,2
1733,1913,2
3963,2391,4
3462,2064,4
3963,2106,2
349,1573,4
4867,1629,2
4867,2356,4
1421,1206,2
1265,29,2
1265,1755,1
1265,101,3
1265,2579,2
3203,2240,4
3203,2463,4
3203,2762,3
3203,3101,3
3203,1265,3
3203,1292,2
3203,50,1
3410,1393,4
5359,3363,2
1776,50,4
1776,3717,4
183,2616,4
183,2105,3
183,780,3
183,1395,1
183,3527,3
183,2463,4
183,3101,2
183,647,4
183,968,4
183,3361,4
183,3724,4
183,2757,1
183,1292,3
183,1265,2
183,50,1
183,1964,2
183,3359,3
183,2248,2
4823,363,2
4823,2728,4
5011,2612,3
343,514,4
1317,3862,4
349,2433,3
1088,1974,1
1088,2618,2
1551,928,3
884,1784,3
884,34,4
884,1719,4
884,150,4
884,110,4
884,2028,3
884,296,2
884,858,4
884,1997,3
884,2428,2
884,1339,3
884,3785,3
884,2959,1
884,3300,3
884,3408,3
884,1221,2
856,3515,4
856,3911,4
3313,949,4
3313,2847,2
195,1931,1
1579,3949,4
1980,1936,4
3106,2571,3
4823,1950,2
4823,2857,4
1317,525,3
195,2905,4
195,3030,1
1451,3366,2
1451,1307,4
1451,594,3
1451,2096,1
1451,2628,2
1451,2273,2
1451,1537,3
1451,914,1
1451,3035,1
1451,2006,1
1451,367,1
1451,3386,1
1451,3175,1
1451,1953,1
1451,2137,2
1451,1517,1
1451,50,2
1451,2790,3
1451,3691,2
1451,2379,2
1451,3577,1
1451,2471,4
1451,3637,2
1451,2421,4
1451,2241,2
1451,3525,3
1451,2410,4
1451,2378,3
1451,3846,3
1451,2376,1
1451,2470,3
1451,3591,3
1451,2110,3
1451,1135,2
1451,3214,1
1451,2736,2
1451,2001,3
1451,1295,3
1451,2114,2
424,1722,1
1451,3480,2
1451,3110,2
1451,1300,3
1451,3090,2
1451,3547,1
1451,1228,2
1451,1225,1
424,293,3
424,2178,2
424,3937,4
1451,1464,1
2451,2683,3
3106,3317,2
5458,3916,2
5458,2020,3
1733,2072,1
1733,1483,2
1425,1373,4
1425,2140,4
1425,1244,3
1051,3646,1
4823,3296,4
1390,1541,1
1943,3101,2
1943,206,3
1943,2593,4
1943,2640,4
5394,2094,3
1088,102,4
1088,618,2
169,673,3
169,1924,3
169,2502,2
169,66,3
169,413,2
2594,32,1
5450,2132,4
5450,2139,4
3260,1610,1
3260,3505,3
3260,2944,2
3260,920,4
3260,1272,4
3260,3114,3
3260,2193,3
3260,3153,3
3260,653,2
3260,2140,1
3260,1009,2
3260,2100,4
3260,2087,4
3260,2628,3
3260,1500,1
3260,2268,2
3260,457,2
3260,1248,1
3260,50,3
3260,608,1
3260,416,2
3260,1379,2
3260,303,4
3260,383,1
3260,1378,2
3260,2922,2
3260,2401,4
3260,1266,2
3260,3256,3
3260,1960,2
3260,3255,2
3260,3753,2
3260,2890,1
3260,3916,3
3260,3751,1
3260,524,3
3260,2324,4
3260,2889,3
3260,2714,2
3260,3536,3
3260,2080,3
3260,151,2
3260,353,4
3260,1955,4
3260,357,1
3260,1672,4
3260,1060,2
3260,34,2
3260,3685,2
3260,3366,1
3260,3408,3
3260,364,3
3260,480,2
3260,1408,2
3260,553,4
3260,475,3
3260,2078,1
3260,1282,2
3260,628,1
3260,440,2
3260,2096,2
3260,3499,2
3260,3107,1
3260,1094,1
3260,2425,1
3260,1393,2
3260,594,2
3260,300,4
3260,1956,3
3260,1101,4
3260,2871,2
3260,562,2
3260,2439,2
3260,3148,2
3260,1012,4
3260,2302,4
3260,589,4
3260,1293,2
3260,2620,4
3260,293,1
3260,3160,1
3260,161,4
3260,356,1
3260,474,3
3260,1263,3
3260,223,3
3260,17,4
3260,2018,3
3260,1953,1
3260,1208,3
3260,2336,1
3260,590,2
3260,25,1
3260,1265,3
3260,1136,1
3260,1226,3
3260,1303,3
3260,1704,4
3260,1307,2
3260,919,2
3260,1240,1
3260,2571,3
3260,3681,3
3260,2951,1
3260,778,3
3260,923,3
3260,2959,2
3260,3514,4
3260,1358,4
3260,1225,3
3260,110,3
3260,910,3
3260,3554,2
3260,2028,3
3260,2318,1
3260,1230,3
3260,750,3
3260,924,3
3260,593,2
3260,3950,2
3260,2997,3
3260,1201,2
3260,1213,1
3260,858,4
3260,1927,4
3260,1207,2
3260,318,2
3260,1221,3
3260,1267,2
3260,1985,2
3260,340,4
2395,804,4
1019,1783,2
4186,3901,1
4186,3826,2
4186,2146,3
4186,485,2
4186,2006,3
4186,1059,3
4186,3145,4
4186,3926,2
4186,3752,3
1125,2432,3
1912,2553,2
3550,3949,3
1306,14,4
1306,379,2
752,2108,3
1597,3361,2
1597,50,3
930,555,1
930,522,4
930,2912,3
930,1845,1
930,16,2
930,1222,4
930,1910,4
930,2194,1
930,1834,2
930,2952,1
930,3147,1
930,1291,3
930,474,1
930,2762,3
930,3518,3
930,608,2
930,1198,2
930,190,3
930,3181,3
930,750,3
930,1196,2
641,265,2
641,1265,4
641,1307,1
641,2996,4
641,1300,1
641,953,4
641,3897,2
641,1,4
641,1235,1
641,1966,1
641,2064,2
641,919,1
641,1242,2
641,1197,4
641,2028,1
641,1221,3
641,1196,1
641,3114,4
641,2003,1
641,2571,2
641,3100,4
641,2300,1
641,2985,4
641,3510,3
641,2997,1
641,1222,3
641,1962,4
641,1693,4
641,1097,4
641,3269,3
641,1936,3
641,3091,1
641,1275,3
641,1295,1
641,2791,1
641,2463,4
641,1200,2
641,539,1
641,1552,2
641,2424,4
641,605,4
641,2145,1
641,2779,3
641,3156,2
641,110,3
641,1356,4
641,1041,1
641,2872,1
641,2266,3
641,1234,2
641,316,4
1088,1248,3
4600,3717,3
1395,2450,3
1395,737,2
1395,519,4
1395,1373,2
1395,173,4
1395,405,4
1395,327,4
1395,1862,2
1395,172,1
1395,2808,2
1395,1831,3
1395,546,3
1395,2672,4
1395,1676,1
1395,2986,4
1395,442,4
1395,2038,3
1395,1690,1
1395,674,1
1395,329,2
1395,196,1
1395,1205,1
1395,2012,3
1395,2393,4
1395,1924,4
1395,1320,2
1395,2094,4
1395,338,1
1395,3638,2
1395,2699,4
1395,1391,2
1395,2275,2
1395,3070,2
1395,610,3
1395,1375,2
1395,3704,4
1395,3702,4
1395,1356,1
1395,3033,2
1395,198,4
1395,780,3
1395,1376,4
1395,2011,2
1395,3175,2
1395,3701,1
1395,2985,3
1395,1573,3
1395,2140,1
1395,1748,3
1395,3703,4
1395,3699,1
1395,2407,3
1395,741,4
1395,1374,1
1395,1210,4
1395,1270,3
1395,1200,3
1395,260,3
1395,1214,4
1395,1196,3
1395,1253,3
1395,1199,3
1447,3317,2
1447,2501,2
1447,2729,3
1447,909,4
1447,1233,4
1447,2448,3
1447,2851,3
1447,3826,4
1447,1921,4
1447,2968,1
1447,2660,2
349,160,2
349,2694,1
349,1997,2
349,1200,3
349,1753,4
349,2713,4
349,2706,3
349,3243,4
3589,2269,2
3589,2794,3
3589,3101,4
3589,3361,4
3589,2762,4
937,3327,4
937,3943,2
3589,1073,2
3589,3082,1
3589,1925,3
3589,383,1
3589,2987,3
3589,2134,4
3589,1091,3
3589,1747,1
3589,2376,3
3589,2335,4
3589,2808,1
3589,2105,2
3589,1792,3
3589,380,4
3589,1207,3
3589,946,4
3589,805,1
3589,1958,2
3589,1240,4
3589,3699,3
3589,1372,2
3589,3196,2
3589,3247,4
3589,2457,3
3589,2273,2
3589,112,4
3589,2985,4
3589,1125,2
3589,1226,1
3589,3197,1
3589,3685,2
3589,1197,4
3589,3036,3
3589,1135,2
3589,2669,1
3589,3690,3
3589,2321,2
343,733,2
3589,3256,2
3589,2490,3
3589,3198,4
343,520,3
3589,3507,4
3589,908,4
3589,968,1
3589,1804,4
3589,2613,2
3589,2741,3
3589,3868,2
3589,3869,2
3589,2303,3
3589,2240,2
3589,2302,2
3589,370,2
3589,73,4
3589,2375,3
3589,2526,2
3589,2111,3
3589,3639,3
3589,1191,2
3589,2991,4
3589,2143,2
3589,3389,4
3589,2002,4
3589,2000,4
3589,2001,1
3589,1918,1
3589,266,2
3589,1204,4
3589,2366,1
3589,1967,3
3589,785,3
3589,1620,2
3589,173,2
3589,3836,1
3589,2115,4
3589,2306,3
3589,2050,2
3589,6,3
3589,1283,2
3589,1011,2
3589,2476,2
3589,10,3
3589,459,1
3589,1293,4
3589,1641,4
3589,3519,1
3589,3802,2
3589,1626,3
3589,1754,2
3589,3020,2
3589,3113,2
3589,2336,2
3589,227,3
3589,135,4
3589,3367,2
3589,2616,2
3589,1876,1
3589,2043,3
3589,161,4
3589,2407,1
3589,2423,1
3589,350,1
3589,3406,1
3589,3545,2
3589,3715,3
3589,2266,3
3589,1250,2
3589,3372,3
3589,541,3
3589,1732,1
3589,1377,2
3589,2012,3
3589,2967,2
3589,592,2
3589,2683,4
3589,2384,2
3589,1917,2
3589,1208,1
3589,964,3
3589,2521,2
3589,3070,2
3589,2520,3
3589,3153,4
3589,19,4
3589,344,4
1125,2072,3
1125,2976,4
4823,1228,2
1088,543,1
1088,785,1
1579,508,1
1579,2042,3
1579,1005,4
1579,1359,2
1579,1605,4
1579,2082,2
1579,1711,2
1579,1658,3
1579,1562,3
1579,5,1
1579,2574,4
349,2490,4
183,1230,1
183,150,4
183,3706,1
183,1208,2
183,3421,3
183,3155,3
183,909,4
183,11,4
183,3801,1
183,1323,3
183,2525,1
183,3363,2
183,2971,3
183,3083,2
183,2791,1
183,926,2
183,2520,2
183,1214,2
183,588,1
183,1608,1
183,2439,2
183,2133,4
183,1459,1
183,2475,1
183,344,3
183,924,2
183,1367,1
183,3420,4
183,2085,1
1941,429,4
1941,489,2
1941,2387,3
1941,3882,2
1941,348,2
1941,3317,3
1941,3301,4
1941,2546,2
1941,3449,4
1941,277,1
496,2167,2
1941,21,4
1941,3270,1
1941,3521,4
1941,2790,1
1941,799,4
1941,2589,4
1941,3796,1
1941,1835,3
1941,1046,4
1941,3658,2
1941,3850,1
1941,2113,4
1941,3830,2
1941,132,1
1941,3535,3
1941,3082,1
1941,1480,3
1941,1343,4
1941,3555,4
1941,3755,3
1941,3627,4
1941,929,1
1941,473,4
1941,2818,4
3824,2912,4
4802,2944,3
1941,3399,4
1941,2240,4
1733,1279,3
1088,2936,2
4384,1711,3
1941,43,2
1941,3325,3
1941,2607,4
1941,3564,2
1941,3115,4
1941,2759,3
1941,3952,4
1941,3593,2
1941,2706,2
1941,2858,3
1941,3483,1
1941,2758,4
1941,3752,1
1941,2676,3
1941,3543,3
1941,3203,1
1941,2881,1
1941,2770,4
1941,3004,4
1812,2831,3
1812,1875,1
1812,912,1
1812,3156,1
1812,3740,3
1812,3754,2
1812,3535,4
1812,2072,3
1812,1733,3
3693,382,2
3970,3882,3
3970,3948,4
3970,3952,2
3970,3911,4
4802,3943,4
3970,1079,2
3970,3213,2
3970,2194,3
3970,1301,4
3970,2366,3
3970,1261,4
3970,1307,1
3970,1333,2
3970,529,4
3970,3671,1
3970,1968,2
3970,2664,1
3970,1962,2
3970,1291,3
3970,3421,2
3970,1210,4
3970,1270,2
3970,2529,3
3970,3360,2
3970,1258,1
3970,1,1
3970,3949,3
3970,1952,4
3970,3361,1
3970,3897,2
3970,1036,3
3970,1387,1
3970,1097,2
3970,1214,1
3970,1198,4
3970,1219,4
3970,904,3
3970,1206,3
3970,923,1
1912,1244,4
4823,1263,1
1088,599,3
4186,3052,1
4186,1290,2
3652,2195,1
3693,3723,2
195,1348,2
1912,2745,1
1912,2726,4
1980,2683,4
1980,952,4
1980,2016,4
1980,2539,2
1980,1200,4
1980,2031,2
1980,2504,2
1980,848,3
1980,3720,3
1980,3194,4
1980,456,4
1980,2250,2
1980,1086,4
1980,3871,4
1980,3730,2
1980,1254,4
1980,101,3
1980,910,2
2176,3210,4
3359,1284,3
5956,1094,1
1941,3646,4
1941,3948,3
1941,86,2
3963,3737,4
3652,1527,2
3652,1197,4
3652,2301,3
1912,2524,3
1912,3682,2
1912,2529,1
1912,3095,2
1912,3788,1
1912,2034,1
1912,1225,3
4823,954,1
195,669,4
3359,1964,2
424,2395,3
3152,2678,4
3152,2431,3
3152,3176,1
3152,3852,2
3152,3793,3
3152,3148,3
3152,3186,4
3152,2005,2
3152,1073,2
3152,3753,3
3152,3752,4
3152,3717,3
3152,3273,2
3152,3177,3
3152,3147,4
3152,1965,3
3152,2087,3
3152,1198,1
3152,2161,3
3152,3146,1
3152,3863,4
3152,2174,1
3152,2797,3
3152,2018,3
1980,926,2
5621,2011,1
5621,3701,3
5621,1511,4
5621,1019,1
5621,2473,1
424,2048,3
1748,590,2
5382,3893,4
5382,3316,1
5382,3452,2
5382,3623,2
5382,3744,3
5382,3793,2
5382,3863,3
1733,1186,4
65,3147,2
4277,3784,4
4277,3553,1
1912,2935,3
4950,1395,3
1390,919,4
1390,1350,2
1390,1345,4
1390,2455,1
1390,1278,2
1390,1994,1
1390,1258,4
1390,1333,2
1390,2687,2
1390,3114,1
1390,2763,4
1390,1,2
1390,260,2
1390,2396,4
1390,1096,1
1390,648,4
1390,1498,3
1390,2571,1
1390,481,4
4607,2313,3
4607,2020,3
4607,3949,4
1390,1653,1
4607,3521,1
4607,954,2
4607,1090,3
3146,1673,2
3146,1246,3
1390,1196,4
4607,2859,2
4607,1694,4
3146,3105,1
3146,1220,3
4607,1231,1
4607,3006,4
4607,1203,3
4607,2303,1
4607,3683,4
4607,3019,2
4607,1250,4
4607,1228,2
4607,1251,4
4607,1237,2
4607,3095,4
1390,2505,2
1390,1784,1
4607,2728,4
4607,3742,4
4607,1193,4
4607,1247,4
4607,1225,4
4607,1207,2
4607,919,2
4607,1148,1
4607,923,3
1390,3897,4
1390,2391,4
4607,955,3
4607,1244,2
4607,2915,4
4607,1257,2
4607,2110,1
4607,1307,2
4607,3361,3
4607,1197,4
4607,1080,3
4607,3421,2
4607,1968,3
4607,2243,2
4607,2064,2
4607,3040,1
4607,1965,3
4607,3911,4
4607,1292,4
4607,3836,2
4607,3685,3
4607,3608,2
4607,1288,2
4607,1188,1
4607,3897,3
4607,1211,3
4607,2248,4
4607,3396,4
4607,2804,2
4607,3504,3
4607,1230,2
4607,3424,1
4607,3088,4
4607,1276,4
4607,1235,3
4607,1079,3
4607,1172,4
4607,1304,4
4607,1394,2
4607,1136,2
1980,1542,2
1958,2587,4
1958,1686,2
1958,208,1
3080,1639,1
3080,3386,1
3080,2501,4
3080,247,2
3080,2329,4
3693,41,2
4042,741,1
1019,3176,4
3940,3951,3
4277,1449,4
4277,2760,3
4277,3882,4
911,2906,2
1780,3098,3
5458,2791,2
5458,3730,2
1912,412,3
1733,3521,2
5458,2073,3
5458,3329,4
4823,2097,3
1015,659,3
5539,312,4
1943,3327,1
1352,1251,1
343,2782,2
4802,2502,3
3203,1680,1
3203,1912,4
1451,3852,4
1733,501,3
1912,935,4
195,3145,3
1733,3796,4
3080,3915,2
3080,1310,3
192,1777,4
169,3101,4
169,2240,4
169,1395,2
169,1275,2
169,2087,1
169,2952,1
1912,3503,4
710,3081,3
5636,3491,1
5636,1620,4
5636,2073,2
1579,1804,2
1579,2325,1
3963,2664,3
1579,450,2
1579,2561,2
3963,2353,1
3963,2949,3
3963,1222,4
3963,1036,1
3963,3405,2
3963,3418,3
3963,2662,3
3963,1610,4
3963,1954,4
3963,3062,4
753,2572,2
3963,2948,4
3963,2944,1
753,2959,2
3963,3754,4
3963,1024,4
3963,48,3
3963,1025,3
3963,2857,3
3963,2139,3
3963,364,1
3963,2090,4
3963,2085,1
3963,2099,3
3963,2078,1
3963,2081,1
3963,2355,3
3963,1907,2
3963,588,3
3963,1032,3
3963,2096,3
3963,1029,1
3963,1022,4
3963,1023,3
3963,595,3
3963,1282,3
3963,673,4
3963,2822,2
3963,208,4
3963,2617,2
3963,3926,3
3963,2046,4
3963,2005,4
3963,107,4
3963,434,1
3963,736,4
3963,3139,2
3963,2370,3
1579,3556,1
3963,2430,4
3963,1375,2
3963,3412,3
3963,2641,2
3963,60,3
3963,3036,3
3963,648,2
3963,1017,4
3963,380,3
3963,2528,2
3963,2115,4
3963,2133,1
3963,1031,1
3963,2470,2
3963,2406,2
3963,3494,3
3963,1374,3
3963,3927,1
3963,2094,1
3963,1127,3
3963,3168,1
3963,2640,3
3963,592,3
3963,2006,4
3963,1291,3
3963,952,1
3963,2871,4
3963,590,2
3963,2987,2
3963,2313,3
3963,1272,2
3963,3246,2
3963,3654,3
3963,1955,1
3963,1287,1
3963,296,4
3963,2739,4
3963,1132,1
3963,1302,2
3963,1208,3
3963,1124,1
3963,3152,1
3963,3100,3
3963,36,3
3963,3471,4
3963,3489,1
3963,2021,4
3963,1702,1
3963,2017,2
3963,3153,4
3963,2086,2
3963,2105,1
3963,653,2
3963,2054,2
3963,1009,3
3963,2015,4
3963,1019,2
3963,2699,3
3963,1584,2
3963,1580,1
3963,2916,4
3963,480,3
3963,589,3
3963,339,4
3963,1094,1
3963,2130,3
1019,3724,3
1019,3317,4
4823,3671,3
1088,1344,3
5090,160,4
5090,327,3
5090,435,2
5090,780,4
5090,24,3
5090,3826,3
5090,3326,3
3125,691,2
3125,420,2
3125,1395,1
624,2670,2
3512,1204,3
3512,3114,2
1120,2395,3
4186,3249,4
4186,3685,1
4186,2633,1
4186,2249,3
1120,926,1
4186,3877,3
4186,196,3
4186,256,2
4186,2420,3
4186,141,1
4186,3740,3
4186,2133,2
4186,2247,4
4186,2145,2
4186,3048,3
4186,3072,1
4186,2033,1
4186,2055,3
4186,2447,2
4186,1974,1
4186,322,2
4186,16,2
4186,1779,1
4186,2717,4
4186,1380,2
424,1023,3
424,162,1
2063,379,3
5333,2406,3
2063,3565,2
3054,3743,1
3054,1554,2
4823,3067,4
752,180,3
4477,1879,3
424,1917,2
3693,3701,4
3693,2294,3
3693,2473,1
3693,2437,2
3693,910,1
1125,784,1
1748,3361,3
195,2369,4
3626,1266,4
3626,3949,4
3626,1206,2
3626,908,1
3626,923,4
3626,1079,3
624,1017,3
3626,2922,1
3626,912,1
3626,1204,3
3626,2019,3
624,3451,1
235,1834,3
235,1966,4
235,2573,1
235,988,1
235,1236,1
235,3679,1
235,1365,4
235,1354,4
235,1948,1
235,1120,3
235,2700,1
235,2716,3
235,475,1
235,1633,1
235,2349,1
235,3000,1
235,562,1
235,300,1
235,1094,2
235,2336,2
235,3160,1
235,1041,4
235,190,3
235,2442,1
235,25,1
235,1086,3
235,2395,2
235,1673,3
235,1300,2
235,2186,3
235,1944,2
235,1952,1
235,1719,2
235,3245,3
235,3462,1
235,556,4
235,1508,3
235,2176,1
235,780,3
235,2473,1
235,1769,2
235,2087,1
235,1265,2
235,3359,1
2153,1288,3
2153,2959,4
2153,1199,4
2153,2997,2
2153,3897,4
2153,2706,4
2153,3754,1
1088,3354,3
1088,274,1
1088,552,1
1088,784,3
1088,1909,1
1088,231,4
1088,339,1
1088,2424,4
1088,1923,4
1088,1396,2
1088,1894,1
1088,3744,4
1088,3729,3
1088,2724,1
1088,1717,1
1088,2803,2
1088,372,2
1088,1821,2
1088,180,4
1088,3704,1
1088,3717,2
1088,2644,4
1088,95,1
1088,3114,1
1088,597,4
1088,555,4
2841,3201,4
2841,523,2
528,1090,3
528,1222,3
2810,3271,3
2810,923,2
195,668,4
1733,2600,3
624,3521,3
1051,2891,1
1671,2077,1
1671,2362,1
1671,2164,4
752,1097,2
1671,2188,2
1671,2374,4
1671,2942,2
1671,3791,4
1671,3844,4
1671,2417,2
1671,461,1
1671,2520,1
1671,2967,4
1671,2524,4
1671,1013,4
1671,537,4
1671,3252,3
1671,3333,1
1671,2639,3
1671,506,2
1671,1711,4
1671,2112,2
1671,1728,4
1671,3308,3
1980,1927,2
1671,1419,4
1671,3296,1
1671,1305,3
1671,11,3
1671,1293,1
1671,1885,3
1671,1784,1
1671,2071,2
1671,3111,3
1671,796,2
1671,3668,4
1671,3870,4
5011,3825,4
5011,2657,3
5011,2628,1
5011,1373,3
5011,2640,1
5011,2643,1
5011,2641,3
5011,2642,2
5011,1721,3
5011,1393,2
5011,47,1
3150,1097,3
424,2022,3
424,2737,4
424,3268,2
424,227,4
424,3767,1
424,1438,1
424,494,1
424,2656,3
424,2328,4
424,328,4
424,1762,4
424,2785,3
424,3095,1
424,1635,4
1733,2964,3
1671,2738,1
1671,2290,2
1671,3724,2
1671,1302,4
1671,3418,1
1671,3498,4
1671,3221,3
1671,1957,1
1671,2069,3
1671,2729,4
1671,3167,2
1671,1949,2
1671,1263,3
1671,3089,3
1671,2730,4
1671,2501,1
1671,2627,2
1671,3872,1
1671,2927,2
1671,2728,2
1671,953,2
1671,2573,3
1671,3095,1
1671,2131,1
1671,2970,3
1671,944,4
1671,3152,1
1671,2132,4
1671,1193,1
1671,2612,3
1671,1203,2
1671,3897,3
1671,971,2
1671,3736,4
1671,923,2
2105,2606,1
5333,3597,3
3471,420,4
3471,3394,4
3471,93,3
3471,1769,3
3471,2794,2
5580,2906,2
3518,3949,3
2810,107,3
2810,1619,2
2810,3052,2
624,1204,1
4647,2692,4
4647,678,4
1671,728,2
1671,2321,1
1671,2599,1
1671,1180,1
1671,705,1
1671,2701,4
1671,2665,2
1671,674,2
1671,2407,1
1671,3793,2
1671,260,3
1671,2628,2
1671,2794,2
5011,3623,3
195,1419,2
1203,1769,1
1203,2616,1
1203,2138,1
1203,1127,3
4169,3377,3
4169,3884,4
4169,3916,3
343,2378,4
343,2469,4
343,959,2
1733,306,4
1733,3056,3
5956,1620,3
911,3916,4
5539,3683,2
4418,2177,1
4418,2923,2
4418,2511,1
4418,3194,4
4418,3702,4
4418,2779,4
4418,3421,4
4418,3244,1
4418,3724,2
4418,3074,3
4418,3588,3
4418,1954,3
4418,1125,1
4418,3037,4
4418,3813,4
4418,3733,1
4418,3671,1
4418,3471,1
4418,3363,2
4418,2730,1
4418,2131,1
4418,3152,3
4418,1953,1
4418,3093,1
4418,1234,3
4418,2239,3
4418,1078,4
4418,1345,3
4418,1362,2
4418,3814,4
4418,1955,4
4418,3099,4
4418,3135,4
4418,3167,1
4418,1278,1
4418,1077,3
4418,2303,2
4418,1387,4
4418,2819,4
4418,1193,1
4418,1136,1
4418,260,2
4418,1208,4
4418,2238,2
4418,3201,2
4418,1206,4
4418,3362,1
4418,3735,1
4418,2932,3
4418,3504,3
4418,292,1
4418,1399,2
4418,1721,4
4418,613,2
4418,3620,2
4418,537,1
4418,492,3
4418,597,1
4418,852,4
4418,2433,3
4418,3219,3
4418,141,3
4418,3712,2
4418,3255,1
4418,3118,4
4418,2108,2
4418,3263,3
4418,3079,4
4418,3614,1
4418,1733,3
4418,1112,4
4418,2690,3
4418,2058,1
4418,187,3
4418,21,1
4418,1680,1
4418,538,1
4418,1177,2
4418,2759,2
4418,346,2
4418,3713,1
4418,1393,3
4418,2770,4
4418,1171,2
4418,3145,2
4418,85,2
4418,728,2
4418,164,4
4418,3358,2
4418,440,1
4418,11,1
4418,838,3
4418,45,1
4418,1923,3
4418,205,2
4418,1784,3
4418,1897,2
4418,1050,2
4418,2171,3
4418,1683,2
4418,39,3
4418,373,2
4418,1614,4
4418,2336,1
4418,223,3
4418,1484,4
4418,986,3
4418,348,1
4418,1704,4
4418,281,4
4418,3125,1
4418,2396,1
4418,1641,4
4418,322,3
4418,3060,1
4418,1682,1
4418,994,4
4418,1794,1
4418,3163,1
4418,2677,4
4418,1834,3
4418,2571,4
4418,1885,4
4418,2291,3
4418,194,2
4418,3418,1
4418,2237,1
4418,475,3
4418,412,1
4418,477,4
4418,357,4
4418,3260,2
4418,509,2
4418,515,4
4418,334,4
4418,17,2
4418,1060,1
4418,2908,2
4418,265,3
4418,262,3
4418,3176,2
4418,2395,4
4418,1635,4
4418,1729,3
4418,1860,3
4418,2697,3
4418,36,1
4418,300,4
4418,1673,1
4418,235,2
4418,1179,3
4418,800,3
4418,593,4
4418,3728,2
4418,2289,1
4418,2599,3
4418,3006,4
4418,318,3
4418,1735,3
4418,781,1
4418,2616,3
4418,2463,4
4418,1395,3
4418,417,1
4418,1639,2
4418,3361,4
4418,1292,2
4418,2762,4
4418,1964,3
4418,232,3
4418,1188,2
4418,1265,1
4418,615,2
4418,154,1
4418,3536,1
4418,3719,1
4418,3827,1
4418,3893,3
4418,3538,4
4418,3408,2
4418,3852,2
4418,3317,4
4418,3276,4
4418,3598,1
4418,3481,1
4418,3897,4
4418,3911,4
4418,3783,4
4418,3880,3
349,1616,1
1980,1946,1
349,2268,2
4477,3566,3
4477,3783,4
4477,2126,1
4477,2517,1
4477,2402,3
4477,1883,2
4477,367,3
4477,16,4
4477,1727,1
4477,3063,1
1733,2427,2
3824,2986,4
3824,1918,2
3824,3247,2
3824,2616,3
3824,2275,3
195,2819,1
3038,2396,1
3038,1230,2
3038,1079,1
3038,1416,3
3038,2135,2
3038,1380,2
3038,1031,4
3038,1298,2
3038,2877,3
3038,901,1
3038,2657,2
3038,661,2
3038,551,3
3038,3061,4
3038,2565,2
3038,2746,3
3038,364,1
3038,1087,1
3038,2628,3
3038,2365,2
3038,2985,2
3038,968,1
3038,2916,2
3038,1199,2
3038,2529,2
3038,3932,3
3038,2664,3
3038,1253,4
3038,610,2
3038,3826,2
5539,2598,3
5539,1959,2
5539,2805,3
5539,3826,3
5539,233,4
5539,2881,2
338,3703,1
5723,1265,3
5723,1188,3
5723,2687,4
5723,2628,3
5723,1258,3
5723,2139,1
5723,2094,2
5723,3755,4
5723,1967,2
5723,3175,2
5723,1416,3
5723,1088,1
5723,1031,2
5723,588,4
5723,1218,2
1980,1267,3
1980,1931,4
1980,2019,1
1980,190,3
1980,1938,4
1980,909,4
338,3169,3
3452,780,3
3452,1127,3
3452,1639,3
3452,2762,1
5825,1244,4
5825,3005,4
5825,3538,1
5825,3911,4
424,3031,4
424,3838,1
424,2571,2
424,2333,2
424,1217,1
1142,3100,4
2063,3174,4
424,551,2
1551,3538,1
424,1254,1
5100,316,3
1733,1846,2
1733,175,1
4823,1252,1
2641,3394,3
2641,2794,2
2641,2616,3
2641,780,3
2641,2240,4
2641,1127,2
2641,417,3
1776,3190,4
1776,3623,4
1776,3316,1
1776,2,2
1776,413,3
1776,3710,4
4186,3451,2
4186,648,2
4186,502,1
4186,2734,1
4186,1680,1
4186,3835,1
4186,3453,4
4186,3824,1
4186,3733,1
4186,216,2
4186,2436,3
4186,1103,1
4186,491,2
4186,2111,3
4186,253,4
4186,590,1
4186,2710,2
4186,1009,4
4186,208,3
4186,3254,3
4186,3598,4
4186,1411,1
4186,3108,4
4186,70,4
4186,597,4
4186,1777,2
4186,144,3
4186,1414,3
4186,3809,1
4186,2110,3
4186,2416,4
4186,235,1
4186,1017,2
4186,2772,4
4186,2654,3
4186,3020,3
4186,471,4
4186,1586,3
4186,2506,2
4186,300,4
4186,3104,2
4186,429,3
4186,2316,4
4186,528,4
4186,902,3
4186,552,1
4186,3937,2
4186,2433,4
4186,355,2
4186,2027,2
4186,2387,3
4186,1049,4
4186,2044,2
4186,2471,1
4186,3087,1
4186,562,1
4186,2736,4
4186,39,1
4186,153,1
4186,1682,2
4186,186,1
4186,2014,2
4186,2723,2
4186,1513,4
4186,1028,3
4186,486,2
4186,2031,2
4186,1461,3
4186,536,2
4186,724,3
4186,1285,3
4186,1101,4
4186,1961,1
4186,2335,3
4186,2037,4
4186,2829,3
4186,2167,2
4186,1425,1
4186,2403,4
4186,3219,2
4186,1906,4
4186,539,3
4186,203,4
4186,765,1
4186,1393,4
4186,802,1
4186,3481,3
4186,2589,4
4186,1279,1
4186,1982,2
4186,3897,1
4186,3040,1
4186,2693,1
4186,3260,2
4186,60,3
1579,2053,4
1579,333,3
349,555,3
442,3897,3
1088,1683,3
1088,2690,3
1088,3566,1
442,1192,1
1958,2312,3
424,3939,4
424,1326,1
424,1973,3
424,126,3
424,3577,4
424,1983,2
424,1978,4
424,1969,1
424,1971,3
424,1363,1
424,2269,3
424,2815,1
424,282,4
424,423,3
424,3428,1
424,1987,3
424,725,4
424,2374,2
424,1194,2
424,2688,1
424,3478,2
424,1027,1
424,3355,3
424,1135,1
424,2520,1
424,2112,1
424,500,4
424,3760,3
424,3087,4
424,3729,4
424,1177,4
424,3066,2
424,2080,3
424,1295,4
4186,2265,2
4186,2796,3
4186,508,3
4186,2405,3
4186,1895,2
4186,135,1
4186,3448,4
4186,2502,4
4186,3578,4
4186,357,3
4186,3041,1
4186,2352,2
4186,3037,3
4186,1283,3
4186,2186,3
4186,1219,1
4186,3932,1
4186,1653,3
4186,1212,4
4186,1967,3
4186,2005,4
4186,2015,3
4186,317,1
4186,2100,2
4186,2174,3
4186,2797,1
4186,3334,2
4186,1089,2
4186,1945,1
4186,1234,2
4186,296,3
4186,1073,1
4186,551,3
424,3271,4
4186,1291,2
4186,110,2
4186,1222,3
4186,1304,4
4186,1287,2
4186,367,1
4186,2135,3
4186,1611,1
4186,237,2
4186,3105,3
4186,3709,3
4186,292,1
4186,2752,4
4186,2616,4
4186,3536,3
4186,2109,1
4186,3181,1
4186,2380,4
4186,2421,4
4186,3671,4
4186,2712,2
4186,2902,4
4186,3489,3
4186,2770,2
4186,2949,2
4186,2302,1
4186,3763,4
4186,3502,4
4186,542,4
4186,3101,3
4186,420,4
4186,2531,3
4186,2268,3
4186,3331,4
4186,3497,2
4186,1954,2
4186,3614,4
4186,2363,2
4186,2122,1
4186,2169,1
4186,413,4
4186,2,3
4186,3717,3
4186,1081,3
4186,515,3
4186,1884,2
4186,2184,2
4186,3153,4
4186,580,3
4186,3869,2
4186,1185,3
4186,1994,2
4186,2040,4
4186,2098,3
4186,3501,2
4186,2694,4
4186,2264,1
4186,1635,3
4186,555,4
4186,3439,3
4186,2822,2
4186,104,2
2380,2502,1
424,2854,2
4126,1407,3
4126,3273,3
4126,1717,2
462,3409,1
1088,1608,2
1088,1866,1
1088,743,1
1088,3225,4
1088,351,1
1088,2052,4
1088,801,4
1088,2485,3
442,1217,2
5948,2677,4
4186,3159,3
4186,2355,1
4186,3751,3
4186,3114,1
4186,3827,1
4186,2916,3
4186,1374,2
4186,2406,3
4186,356,2
4186,2917,1
4186,1020,2
4186,3243,3
4186,3564,3
4186,2250,3
4186,2118,4
4186,380,2
4186,1885,4
4186,742,4
4186,2793,2
4186,2671,2
4186,1186,4
4186,1663,1
4186,2478,4
4186,1973,4
4186,468,2
4186,3622,4
4186,2245,2
4186,3479,1
424,2965,3
424,3444,1
424,1608,1
424,2476,1
424,3836,2
424,2950,1
424,788,4
424,1422,3
424,2752,4
442,1225,1
442,1267,1
442,3910,3
195,1058,2
4186,946,1
4186,360,1
4186,2188,2
4186,1641,3
4186,2120,2
4186,2124,4
4186,1377,1
4186,2989,3
4186,3461,3
4186,3520,1
4186,733,2
4186,1187,4
4186,1587,2
4186,26,2
4186,1088,2
4186,1713,2
4186,2828,2
4186,1955,3
4186,432,3
4186,587,4
4186,2296,4
4186,2661,1
4186,2375,4
4186,3923,3
4186,1826,1
4186,466,4
4186,107,1
4186,3264,4
4186,3358,2
4186,1495,2
4186,2469,2
4186,225,4
4186,2050,3
5598,3646,4
5598,3785,4
5598,3821,1
5598,3825,4
5598,3826,1
5598,3285,1
5598,3755,3
5598,3483,1
5598,3555,3
5598,3882,2
5598,3554,2
5598,3911,1
5598,1779,3
424,1191,3
1088,942,4
4823,1288,2
528,1769,3
3693,2572,3
3423,1639,1
3423,2762,4
5580,3536,1
1164,94,4
1164,288,1
1164,587,2
1164,1767,1
1164,597,4
1164,3103,3
1164,1458,1
1164,2620,4
1164,2671,3
1164,1574,1
1164,2885,1
1164,440,4
1164,2175,2
1164,1188,4
1051,3830,2
349,2539,3
1051,3239,1
5413,2579,3
1812,1658,2
424,2702,4
424,3738,1
424,225,4
424,3430,3
424,2524,1
424,3791,1
424,2400,4
424,2245,4
424,2749,3
424,2420,1
424,1013,4
424,105,1
424,62,4
424,372,1
424,40,2
424,1366,1
424,1173,2
424,524,3
424,1836,2
424,1958,4
424,948,1
424,2236,3
1897,3028,1
1897,1035,2
1897,2870,3
1897,3296,2
1897,3873,2
1897,2285,3
1897,2946,3
1897,3546,3
1897,3668,1
1897,3451,1
1897,2951,1
424,3252,4
424,2312,4
1897,3168,1
1897,902,4
1897,3011,4
1897,1333,4
1897,914,4
1897,2863,2
1897,2160,1
1897,3330,1
1897,1948,3
1897,2969,2
1897,2300,1
1897,1304,1
424,3480,2
424,1840,4
424,2114,4
1897,3350,4
1897,1947,4
1897,3075,1
1897,2132,4
1897,3468,1
1897,750,2
1897,3467,2
1897,1949,4
1897,1952,1
1897,1267,3
1897,1262,4
1897,2732,3
1897,3469,4
1897,1276,2
1897,154,4
1897,1247,3
1897,1204,2
1897,1084,1
1897,1207,4
1897,1219,2
424,1672,3
1897,1380,1
1897,3283,2
1897,3738,3
1897,3194,4
1897,1125,1
1897,3037,4
1897,3473,4
1897,3671,1
1897,3135,4
1897,3612,3
1897,3396,2
1897,2788,3
1897,615,4
1897,1263,2
1897,3201,1
1897,3735,2
1897,3504,4
1897,3470,1
424,1124,2
424,2739,1
424,412,3
424,1246,1
424,1120,2
424,3711,3
424,3105,1
424,1682,3
424,1393,3
424,2848,2
424,1099,4
424,3246,4
424,300,4
424,1466,3
424,678,2
424,2068,4
424,3741,4
424,2877,1
424,3467,4
424,2118,3
424,2021,3
424,2460,4
424,2790,3
424,1998,1
424,2655,4
424,2122,1
424,3709,2
424,1984,4
424,2514,4
424,1336,3
424,1975,2
424,1972,3
424,2119,2
424,2982,4
424,1999,4
424,3021,2
424,1977,3
424,1992,4
424,3837,2
424,2451,3
424,1976,4
424,3919,1
424,1327,2
424,1970,4
424,2878,4
424,3017,2
424,2855,2
424,3708,1
424,842,4
424,3840,1
424,3933,1
424,2513,2
424,1346,4
424,879,3
424,2517,1
424,1991,3
424,1342,2
424,382,4
424,2787,4
424,273,4
424,1350,2
424,724,1
424,2651,1
424,253,1
424,3676,4
424,1345,2
424,3935,1
424,3499,3
424,152,4
424,2654,2
424,2450,4
424,173,1
424,3401,2
424,2428,2
424,2668,2
424,3758,4
424,196,4
424,2364,4
424,332,1
424,2377,2
424,3024,4
424,1334,3
5580,524,1
349,1221,3
349,589,3
349,1240,3
349,47,3
349,1961,2
349,3689,2
1421,235,4
1551,1251,3
1019,29,4
1019,3794,4
3824,2686,4
349,1954,3
4763,3003,4
3693,852,1
3693,2561,4
1579,575,1
1579,2549,3
1579,3705,4
1579,454,3
1579,1603,1
1579,1667,4
1579,3255,3
1579,338,3
1579,122,1
1579,216,3
1579,1597,3
1579,2949,4
1579,1526,2
1579,1342,2
1579,3219,2
1579,1760,4
1579,1969,1
1301,3175,1
1301,3556,4
1301,3949,2
1301,866,1
1579,3435,4
2910,1831,1
2910,1371,2
2910,1376,3
2910,1200,3
2910,2571,4
3590,2329,2
3590,3317,2
3590,3481,3
3590,3893,4
3590,3897,3
192,2572,2
195,1466,4
2376,2745,2
2015,3593,2
1421,117,3
2015,1544,3
2015,288,1
2015,1201,4
2015,2028,2
2015,2799,4
2015,829,2
2015,437,2
2015,870,2
2015,575,4
2015,3248,2
2015,1445,4
2015,1863,2
2015,2468,4
2015,840,2
2015,3774,2
2015,830,3
2015,2296,2
2015,818,4
2015,833,2
2015,470,2
2015,1679,2
2015,414,1
2015,486,2
2015,2473,1
2015,1311,3
2015,2809,4
2015,516,4
2015,2374,3
2015,2709,4
2015,7,3
2015,3263,2
2015,2282,3
2015,468,2
2015,2889,2
2015,2478,3
2015,1441,4
2015,3536,4
2015,2355,2
2015,2109,2
2015,2671,2
2015,3893,4
2015,3911,3
2015,3052,3
2015,597,2
2015,1394,2
2015,1171,1
2015,562,3
2015,2396,2
343,289,3
343,936,4
2489,834,2
2489,1616,2
4647,3327,3
1306,3317,1
710,2891,2
1980,1234,4
3519,1498,1
4126,2688,2
3693,2541,2
1524,260,2
1524,2628,3
2242,2105,3
2242,1280,4
2242,1391,4
2242,924,4
3652,3864,4
3652,2167,2
624,904,4
5539,55,3
4085,3786,4
4085,2774,2
4085,748,4
4085,2240,2
4085,968,4
4085,2087,1
5580,1777,1
5580,1676,4
5580,1390,1
5580,1457,3
5580,3751,2
5580,3270,3
1421,910,1
4384,2502,3
5580,3911,2
5580,2386,2
5580,2354,3
5580,174,1
5580,415,3
5580,3489,2
5580,1552,2
5580,2729,3
5580,2732,4
5580,3691,1
5580,2794,3
5580,592,3
5580,1376,2
5580,1968,4
5580,2797,4
2092,553,1
5580,3498,4
5580,1913,2
5580,3470,3
5872,1265,4
5872,2248,4
5872,553,4
1113,2731,4
5621,3753,4
5621,3256,4
1958,544,1
2544,2081,2
2544,2529,3
2544,2150,4
2544,1078,4
2544,2739,3
2544,2852,2
2544,1210,4
2544,1896,2
2544,3813,4
2544,3699,4
2544,2077,3
2544,2100,4
2544,1846,4
2544,194,1
2544,1301,1
2544,2068,1
2544,3916,2
2544,1954,1
2544,1962,3
2544,2921,1
2544,2065,1
2544,3175,3
2544,590,3
2544,3148,3
2544,2919,1
2544,1914,2
2544,1124,4
2544,1834,1
2544,300,1
2544,2797,4
2544,3071,3
2544,2971,2
2544,2611,3
2544,1271,1
2544,952,3
2544,30,2
2544,2866,3
2544,3094,1
2544,3418,4
2544,2687,3
2544,1719,2
2544,2949,3
2544,3427,3
2544,1955,4
2544,3330,4
2544,1354,4
2544,715,4
2544,3296,3
2544,2067,4
2544,897,3
2544,272,2
2544,3074,4
2544,3911,4
2544,1022,4
2544,85,1
2544,2644,4
2544,1362,2
2544,1287,3
2544,943,3
2544,1858,1
2544,3814,3
2544,3554,1
2544,3654,3
2544,1850,3
2544,944,1
2544,3147,2
2544,3213,1
2544,1233,4
2544,714,4
1088,1069,2
1088,2861,1
1088,2439,2
1088,412,2
4640,519,2
4640,736,4
4640,587,1
4640,593,2
4640,1625,4
4640,2701,4
4640,185,2
4640,172,1
4640,1584,4
4640,1653,2
4640,2598,3
4640,3869,2
4640,3247,4
4640,2335,4
4640,2012,2
4640,1911,3
4640,370,3
4640,3263,4
4640,1020,4
4640,1777,1
4640,2706,3
2188,184,4
4640,551,2
4640,1265,4
4640,586,3
4640,2046,1
4640,2294,3
4640,2700,4
4640,1,4
4640,2089,3
4640,3175,2
4640,2822,3
4640,2807,4
4640,1556,2
4640,1562,1
4640,2808,2
4640,1037,2
4640,1608,2
4640,112,3
4640,1370,1
4640,1580,4
4640,733,4
4640,3948,1
4640,3753,3
4640,3751,3
4640,3916,2
5580,3454,4
5580,3616,2
5580,3617,4
5580,3594,1
5580,2572,2
5580,3743,1
5956,1994,4
5956,1198,4
5956,1734,1
5956,1885,4
5956,1897,2
5956,3083,1
5956,2706,1
5956,2774,1
5956,223,1
5956,1509,1
5956,2696,1
624,3435,2
5458,3421,3
3693,2702,2
2594,3173,3
2594,3593,1
2594,3316,2
2594,3717,4
2594,3744,2
2594,3827,4
2594,3624,1
3017,3616,2
3017,3911,2
3017,916,1
424,2286,1
424,1731,1
424,3691,1
424,3043,3
424,1839,4
424,3689,2
424,2379,4
424,3715,3
424,12,2
424,3286,1
424,413,2
424,2458,2
424,429,1
424,518,4
424,3243,3
424,3773,4
424,3688,3
424,355,4
424,3394,3
424,485,3
424,2473,2
424,1330,4
424,2052,4
424,2471,1
424,2794,2
424,520,3
424,2372,4
424,2142,2
424,370,4
424,2335,2
424,3258,3
424,180,2
424,1359,3
424,3846,2
424,2252,4
424,2241,1
424,2038,1
424,2717,2
424,231,4
424,784,4
424,2378,4
424,2792,4
424,2796,4
424,344,4
424,2416,4
424,2044,1
424,3869,3
424,2082,4
424,743,4
424,532,4
424,2148,1
424,2567,1
424,237,2
424,3524,4
424,1020,3
424,586,4
424,3928,3
424,368,2
424,2111,1
424,2470,1
424,104,3
424,3450,1
424,1476,2
424,1641,3
424,2240,4
1451,1193,4
2779,3948,1
2779,3598,1
2779,2769,2
2779,3408,2
2779,3911,1
2779,3481,2
3158,2116,4
403,1028,1
403,1097,1
403,595,4
531,2702,4
531,3826,4
531,3857,1
531,3457,2
531,3827,3
531,3882,3
531,3615,2
531,910,3
531,1912,1
531,613,4
531,1213,3
531,3540,3
531,538,1
531,1127,3
531,553,1
442,2693,1
442,3751,1
2841,849,4
2841,1373,2
2841,748,2
2841,1320,2
2841,2594,4
1421,1097,3
1125,338,2
1551,2579,1
4356,1089,3
4356,608,3
4356,1276,1
4356,296,2
4356,3897,4
4356,950,2
4356,3469,2
4356,923,4
4829,2105,1
4829,1301,3
4829,2664,3
4829,1274,2
2188,1051,4
624,3362,4
624,2692,2
1551,3188,1
1551,1097,3
2489,2966,3
2489,3481,1
2489,2959,4
1733,3272,1
5333,3178,1
4126,1371,1
3824,2167,1
3824,541,1
3824,3571,3
4384,3566,1
1088,2390,4
1088,1805,2
5458,1355,2
2023,3852,1
2023,1827,1
4384,2411,4
4384,1954,4
4384,2410,4
4384,2409,3
4384,2978,1
4384,3535,3
4384,3578,1
4384,3617,1
2969,3052,3
2969,1639,3
343,242,2
343,3868,1
3995,3948,3
3995,2000,1
3995,1246,1
3995,2336,1
3995,344,3
3691,3557,2
3691,3565,1
5636,3317,3
5636,578,2
1306,1476,3
1306,1883,3
1306,2693,4
1306,569,2
1306,1042,1
1306,2316,2
1306,193,4
5636,1355,3
5539,1953,4
3519,3809,4
2195,3483,4
2195,3000,2
2195,1167,4
2195,1592,4
2195,1020,4
2195,2040,2
4277,1025,4
2621,2291,2
2621,364,1
2621,3481,3
2621,493,1
2621,3608,3
2621,899,1
2621,1220,1
2621,914,1
2621,1682,1
2621,1997,1
2621,2871,3
2621,1307,4
2621,1265,4
1019,1233,2
2621,1283,2
2621,2804,1
2621,1090,2
2621,2366,1
2621,3751,4
2621,1396,1
2621,1222,4
2621,3753,3
2621,3649,4
2621,2944,3
2621,924,4
2621,2716,1
2621,1287,2
2621,2194,3
2621,1136,4
2621,2268,1
2621,1258,1
2621,3396,3
2621,1207,4
2621,3551,2
2621,1097,4
2621,1270,1
2621,3671,2
2621,2000,1
2621,2692,1
2621,1293,3
2621,3095,3
2621,1099,3
2621,2394,4
2621,3549,3
2621,1200,4
2621,1221,1
2621,3114,1
2621,912,4
2621,1960,1
2621,2941,1
2621,541,2
2621,2028,4
2621,2728,2
2621,1240,4
2621,246,4
2621,1148,1
2621,3873,2
2621,1276,2
2621,3468,4
2621,3061,1
2621,2571,3
2621,858,3
2621,593,2
2621,260,4
2621,1198,1
2621,1196,4
1265,1466,1
3433,2167,4
3433,541,4
306,420,3
4680,2706,4
1421,1150,4
1421,2692,1
1113,3006,2
1113,1673,4
3423,3901,2
3423,3556,2
1113,3900,4
2594,3157,1
2594,2720,2
2594,2355,3
2594,2694,4
2594,2555,3
2594,2683,3
164,3408,2
164,3751,4
164,1254,4
164,911,4
164,2496,2
164,3675,2
164,899,2
164,2206,2
164,3330,2
164,1250,2
164,2947,2
164,2100,2
164,2067,2
164,943,2
3982,1307,1
3982,920,3
3982,919,3
3982,1204,1
3982,848,4
1274,3456,4
1274,2240,4
3371,300,1
3371,1704,4
3371,1784,3
3371,2871,2
3371,3814,1
3371,2068,2
3371,3246,3
3371,3911,4
3371,1673,2
3371,2728,3
3371,1694,2
3371,1095,3
3371,1635,2
3371,1362,1
3371,1131,3
3371,3910,1
3371,3114,3
3371,3730,4
3371,720,1
3371,1148,3
3371,3556,1
3371,3176,2
3371,2762,4
3371,1834,4
3371,47,4
3371,2321,1
3371,2204,4
3371,913,4
3371,180,2
3371,1594,4
3371,3265,1
3371,3654,2
3371,3783,1
3371,3751,2
3371,1916,4
3371,1639,3
3371,3340,2
3371,965,3
3371,3535,3
3371,1419,3
1306,2329,4
1306,852,3
3229,3746,1
1352,696,4
4823,3471,4
411,314,1
411,2574,3
411,2581,3
411,785,4
411,2861,3
411,2828,1
411,1911,3
411,2541,3
411,3004,1
411,2699,3
411,3754,4
411,3564,2
411,3354,1
411,3565,4
411,3784,3
411,3554,4
411,3893,4
411,3103,1
1605,2966,4
1067,780,3
1067,3262,1
1067,1127,3
1067,85,2
1067,1292,1
1067,232,3
1067,1265,2
1067,1188,3
1067,678,2
424,3591,2
424,3500,2
424,2249,2
424,2124,2
424,2539,4
424,2371,3
424,1485,3
424,2134,2
424,3263,1
424,2301,2
424,2141,2
424,2155,1
424,2447,3
424,1753,4
424,1569,3
424,2133,1
424,1042,4
424,2150,4
424,3868,2
424,441,2
424,671,3
424,3261,4
424,2463,2
424,3809,3
424,2423,4
424,2261,2
424,2144,4
424,1257,3
424,11,3
424,468,2
424,3526,3
424,3448,2
424,2407,1
424,3552,3
424,1125,4
424,345,2
424,3255,1
424,2795,4
424,3210,1
424,2915,2
424,1663,1
424,3358,4
424,1285,2
424,2302,2
424,235,4
424,1307,4
424,393,4
424,3432,4
424,2404,4
424,71,1
424,1389,4
424,3667,1
424,2170,1
424,1772,2
424,3431,2
424,2986,3
424,533,3
424,3438,2
424,1882,1
424,2260,2
424,3764,1
424,2402,4
424,1382,3
424,3766,1
424,434,4
424,3802,2
424,2616,4
424,517,2
424,1792,2
424,2535,1
424,3208,2
424,466,3
2896,780,1
424,1373,1
424,3441,2
424,442,2
424,2367,2
424,2376,1
424,1371,4
424,1385,3
424,2879,2
424,3807,4
424,2370,3
424,2956,3
424,2002,3
424,3769,1
424,2990,3
424,511,2
424,3740,2
424,2613,3
424,479,1
424,507,3
424,2393,4
424,2989,3
424,2414,2
424,2991,4
424,3639,4
424,1291,4
424,2016,3
424,2478,4
424,1378,2
424,3508,1
424,2401,2
424,3682,4
424,3675,1
424,2657,2
424,3142,1
424,2971,3
424,2087,4
424,945,3
424,2121,4
424,2004,4
424,3147,3
424,880,2
424,2992,4
424,2113,1
424,2903,2
424,2851,1
424,1591,1
424,1995,2
424,2107,4
424,3403,2
424,1037,2
424,132,4
424,185,4
424,1752,1
424,2902,1
424,2263,1
424,2279,1
424,1544,3
424,662,1
424,786,3
424,3015,4
424,736,3
424,229,1
424,1552,1
424,376,2
424,1717,2
424,3249,2
424,2551,1
424,2273,1
424,230,4
424,3686,2
424,454,1
424,733,1
424,1343,4
424,543,1
424,2183,1
424,3505,4
424,10,2
424,1644,1
424,160,2
424,1689,3
424,2413,4
424,1805,4
424,2898,3
424,3445,2
424,3386,4
424,1754,4
424,1092,4
424,2184,1
424,2136,4
424,2181,3
424,2550,4
424,1083,2
424,3633,4
424,2993,2
424,2948,1
424,3654,3
424,3075,1
424,2078,1
424,3062,2
424,2942,2
424,1381,4
424,1100,3
424,1468,1
424,2468,4
424,3257,2
424,1658,3
424,2633,1
424,2297,1
424,48,2
424,1286,1
424,587,4
424,2405,4
424,2469,4
424,2496,3
424,2145,3
424,1777,1
424,471,2
424,3259,3
424,1101,1
424,597,1
424,2502,4
424,357,3
424,539,4
424,3108,2
424,1721,3
424,39,1
424,440,1
424,3426,1
424,1183,2
424,1947,1
424,2065,2
424,1674,4
424,1959,1
424,1377,2
424,3911,1
424,1304,1
424,969,1
5841,3948,1
1579,3911,4
195,1223,3
195,745,2
195,1148,4
195,720,1
1969,877,4
5333,3646,4
3158,2028,2
1698,2116,4
1698,60,3
1698,602,3
1399,2322,1
1399,1247,1
1399,608,4
1399,223,4
1399,2572,4
1399,1189,3
1399,2846,1
1399,1485,3
1399,1639,4
1399,1883,4
1399,2394,3
1399,2141,3
1399,1297,3
1399,3502,2
1399,416,3
1399,1895,3
1399,1799,3
1399,553,4
1399,3797,2
1399,3190,3
1399,3285,2
1399,3825,4
1399,3861,3
1399,3534,1
1399,3786,1
1399,3717,2
1399,3189,1
1399,3556,2
1399,3481,4
1399,3317,2
1399,1866,3
1399,1265,3
1399,2186,1
1399,2905,3
1051,3564,4
3693,2952,2
1051,3615,1
1051,3624,4
1211,2932,4
4802,3911,2
4802,1619,3
1389,3893,3
1389,3598,2
1389,3317,3
1389,3911,4
1389,3510,4
2105,2889,1
164,2996,3
164,3148,3
164,1937,3
164,3196,2
1733,417,2
195,1178,4
349,494,3
349,2291,1
319,3066,3
319,74,3
319,3788,3
319,413,2
319,3198,4
319,2521,4
1352,2692,1
3519,2875,3
3519,1136,3
3519,2837,2
5413,2395,4
5948,1360,2
3693,3032,2
5394,2912,1
1088,163,1
1088,1932,2
1088,2996,4
1088,653,4
1088,440,3
1125,849,4
3842,2102,2
3842,1183,2
3842,36,2
3842,1964,1
3842,2291,3
3842,3148,1
3842,2565,1
3842,3451,1
3842,3507,3
3842,3932,2
3842,3330,1
3842,3813,4
3842,232,4
3842,2662,3
3842,3551,4
3842,2764,2
3842,971,3
3842,3142,2
3842,3703,3
3842,1954,1
3842,1097,3
3842,3296,3
3842,1282,3
3842,2212,2
3842,920,3
3842,594,4
3842,1090,3
3842,1196,4
3842,1077,2
3842,954,2
3842,1276,1
3842,2285,4
3842,1250,1
3842,953,1
3842,3504,3
3842,3435,3
3842,3929,2
624,1089,4
624,3811,4
1733,2621,1
5359,3328,1
1611,322,4
1390,2253,2
4823,3801,4
1390,185,2
1390,2269,4
1390,3082,2
1390,1353,4
1390,2012,2
1390,3259,1
1390,2490,4
1390,368,3
1390,350,2
1390,1407,1
1390,3686,2
2878,3159,2
2878,230,2
1390,802,2
1390,266,4
1390,3249,1
1390,3502,2
1390,1573,1
1390,367,3
1390,253,4
1390,317,1
1390,361,4
1390,587,1
1390,1722,2
1390,282,1
5458,3893,4
1390,3253,3
1390,1271,2
1390,349,1
1390,454,4
1390,3450,3
1390,2294,2
5458,3862,2
5493,2769,1
1390,6,1
1390,381,3
1390,339,3
1390,805,3
1390,1396,2
1390,2570,3
1390,16,2
1390,1517,4
1390,2236,3
1390,1682,2
1390,52,4
1390,364,4
1390,832,4
1390,2231,4
1390,357,2
1390,62,3
1390,377,2
1390,21,2
1390,1721,2
1390,1625,4
1390,2890,2
1390,1584,3
1390,3499,2
1390,1179,2
1390,1673,1
1390,534,3
1390,3160,1
1390,2289,2
1390,1213,3
1390,593,3
1390,296,2
1390,1617,4
1390,608,1
1390,527,4
1390,7,1
1390,2248,4
1390,1292,3
1390,3359,3
4169,2811,1
4169,1749,3
4169,824,4
4169,2242,4
4169,1018,2
4169,749,2
4169,3946,1
4169,3537,4
1019,3467,3
1019,1997,1
5458,3253,2
5458,3261,3
5458,2302,3
5458,1408,2
5458,1037,2
5458,3677,3
5458,2561,4
5458,2700,4
5458,2671,1
5458,3005,1
5458,2842,1
5458,2445,3
5458,2504,4
5458,1290,3
5458,3448,3
5458,3388,2
5458,3101,3
5458,3478,1
5458,540,1
5458,1092,1
5458,1676,4
2910,1777,1
2910,2978,3
2910,357,1
2910,1874,3
2910,1799,3
2910,1875,2
2910,3617,1
2910,3210,1
2910,2005,4
2910,2273,3
2910,1923,2
2910,1298,4
2910,671,1
2910,3052,3
2910,708,2
2910,1805,1
2910,2997,1
2910,1721,4
2910,223,3
2910,39,3
2910,1639,1
2910,1285,2
2910,1265,3
2910,2762,3
2910,2918,1
2910,1968,4
2910,2858,3
2910,3897,2
2910,593,4
2910,2902,4
2910,2148,4
2910,1655,1
2910,70,2
2910,1717,3
2910,3476,4
2910,2867,2
2910,968,4
2910,1241,3
2910,799,3
2859,39,2
2859,1968,1
2910,1985,4
2910,2461,4
2910,2462,2
2910,2903,3
2910,3908,4
2910,2460,3
2910,1984,3
2910,1986,3
2910,1977,1
2910,611,2
2910,1978,4
2910,891,2
2910,2389,3
2910,2995,2
2910,1972,1
2910,2338,1
2910,2719,4
2910,1971,3
2910,1973,2
2910,1987,3
2910,2107,2
2910,1974,1
2910,1623,2
2910,1327,4
2910,2868,2
2910,1983,1
2910,3838,2
2910,2789,4
2910,1644,1
2910,2655,3
2910,1970,4
2910,1324,4
2910,3837,1
2910,3919,2
2910,1330,4
2910,3785,4
2910,2279,4
2910,3273,2
2910,3016,2
2910,3660,3
2910,328,2
2910,1347,3
2910,3918,1
2910,1130,1
2910,2710,2
2910,1407,3
2910,2657,1
2910,1321,2
2910,2513,2
2910,2459,2
2910,3917,4
2910,3264,1
2910,3535,2
2910,366,4
2910,1215,4
2910,1350,1
2910,2159,2
2910,2160,2
2910,1219,1
2910,3018,1
2910,1982,3
2910,2648,4
2910,1997,4
2910,1214,2
2910,2901,2
2910,3840,4
2910,1464,2
2910,1261,4
2910,1979,2
2910,3173,4
2910,1993,1
2910,2447,4
1422,3360,3
5956,3181,3
4126,3624,4
3940,2959,4
5333,541,4
2105,2333,1
624,3746,1
343,2571,2
343,1629,1
195,1169,2
195,1222,1
5359,3915,1
1958,3784,1
1958,62,1
5413,3745,3
5413,1639,3
438,3754,1
1943,2111,2
438,3510,3
438,3566,1
438,3751,2
5458,193,3
752,3851,3
752,3565,4
5539,3911,2
1421,2863,3
1211,3578,2
1352,2920,3
160,3798,4
160,3185,2
160,3598,2
160,3916,3
160,3408,1
160,3510,4
1958,3825,2
1556,1610,1
5956,2712,4
5733,329,3
5733,3704,4
5733,2393,3
5733,3698,1
5733,2455,2
5733,780,3
5733,2863,2
5733,1527,1
349,157,1
349,3639,3
2105,3825,4
1556,380,4
1556,1188,2
1556,3097,3
3051,3617,2
3051,3911,2
1958,3882,1
3285,3557,2
3285,3862,2
1306,3174,2
4277,3148,4
1125,1994,4
1733,1884,2
1733,662,2
1579,2356,1
3475,3261,4
3475,3274,2
3475,2144,2
3475,2396,3
3475,1258,2
3475,2126,4
3475,2019,2
3475,2432,4
3475,2640,2
3475,3720,1
3475,2641,2
3475,3635,3
3475,1035,3
3475,1719,2
3475,111,2
3475,2206,3
3475,3039,3
3475,2693,4
3475,1395,3
3475,892,1
3475,736,4
3475,1101,2
3475,553,4
3475,380,1
3475,2132,2
3475,1805,4
3475,1674,2
3475,1747,4
4593,991,1
4126,3440,2
4126,3438,4
4126,558,1
4126,141,1
4126,1917,4
4126,3271,2
3454,2913,4
3454,2617,1
3454,2995,2
3454,1624,2
3454,2106,2
3454,1676,4
3454,2628,4
3454,2491,3
3454,2100,2
3454,7,1
3454,628,3
3454,2321,4
3454,3189,2
3454,288,2
3454,3266,1
3454,265,2
3454,2115,3
3454,257,2
3454,252,1
3454,2268,4
3454,724,2
3454,1006,2
36,2774,2
3454,2011,1
3454,3083,2
3454,3173,2
3454,3909,4
3454,2987,1
3454,3263,2
3454,3798,4
3454,380,3
3454,1799,2
3454,2411,4
3454,1210,1
3454,1268,3
3454,1476,3
3454,1120,1
3454,2418,1
3454,3948,1
3454,3255,1
4126,840,1
3454,491,3
3454,3752,2
3454,3267,2
3454,1689,4
3454,3246,4
3454,2420,1
3454,2421,3
3454,1485,4
3454,2000,1
3454,253,2
3454,3147,2
3454,2005,4
3454,2716,3
3454,70,4
3454,3408,2
3454,2918,3
3454,2046,3
3454,3424,3
3454,1911,1
3454,3120,2
3454,1598,4
3454,3241,1
3454,2470,1
3454,3566,3
3454,2975,1
3454,215,1
3454,216,3
3454,1866,2
3454,588,1
3454,1517,4
3454,2683,3
3454,1127,2
3454,112,1
3454,3452,2
3454,457,3
3454,2291,4
3454,446,1
3454,2355,4
3454,1020,1
3454,440,2
3454,1200,4
3454,1257,3
3454,1688,1
3454,145,1
3454,3946,4
3454,3826,3
5923,3147,2
3454,3753,4
3454,3301,1
3454,3534,3
3454,3483,1
3454,3793,4
3454,3751,4
1390,3308,4
1390,1230,2
1390,1214,1
1390,2174,2
1088,161,3
1088,3145,2
1088,1958,4
2796,2125,1
2796,2454,3
2796,2918,2
2796,1573,1
2796,3751,4
2796,3471,1
2796,2369,3
2796,2137,1
2796,2413,2
2796,1345,3
2796,3342,2
2796,2167,1
2796,1333,3
2796,3264,2
2796,1046,3
2796,595,4
2796,1690,1
2796,2311,4
2796,2791,3
2796,1059,4
1274,2248,2
5812,3901,3
5812,3719,4
5812,3911,3
5812,3408,1
5539,2639,4
173,1265,4
173,456,4
173,3359,3
2106,38,1
2106,1816,3
2106,3568,4
1451,1644,2
1451,2121,1
1451,1342,4
1451,3016,4
1451,3917,1
1451,3550,2
1451,3499,2
1851,93,2
1851,1059,3
1851,154,2
1851,3359,4
1851,1265,4
4126,2502,4
3410,3863,4
5333,1770,4
1063,2605,4
3041,3527,3
3041,1265,3
3717,3911,1
3717,1449,4
104,2490,2
104,2600,2
104,998,1
104,2285,4
104,2038,1
104,3786,1
104,3298,2
104,3005,4
104,2976,1
104,2771,3
104,2997,4
104,2555,4
104,3593,1
104,2707,3
104,3155,3
104,2858,1
2756,2762,4
2756,3852,3
2756,1008,3
2756,553,2
2756,1220,2
2756,1288,2
3080,290,2
1260,999,3
1260,1221,2
1260,2243,3
840,2762,2
1088,1993,1
1088,2496,2
1088,185,1
1088,239,2
1088,3258,2
1088,2026,2
1088,3949,1
1088,2297,4
1088,3101,3
3652,1274,3
4126,2746,1
4126,3157,2
1698,155,3
1698,991,3
1698,1183,3
1698,3224,1
4823,3952,2
1698,3157,4
1698,3261,3
1698,2283,2
1698,2273,1
1698,2231,3
1698,1554,4
343,3740,3
343,3255,1
1597,1059,1
5281,2599,4
1597,2579,2
5281,2842,3
5281,231,1
36,3827,4
36,1283,1
5458,96,3
1698,3902,1
1698,3943,3
1698,3903,1
1698,3317,2
1698,3328,3
1698,3897,3
1698,3320,1
1698,3160,1
1698,3479,3
1698,3747,3
1698,3795,3
1698,1370,3
1211,900,4
1211,2300,2
1698,1094,3
1211,1282,4
1698,3863,1
1698,156,1
1698,851,2
1698,2788,4
1698,1688,2
1698,806,2
1698,410,1
2436,455,2
2436,3173,2
2436,2433,4
2436,3186,1
2436,2112,4
2436,1589,4
2436,2291,1
2436,1120,1
2436,524,3
2436,538,3
2436,21,1
2436,805,2
2436,3107,4
2436,448,1
2436,2959,4
2436,1682,4
2436,1268,4
2436,3148,2
2436,2236,2
2436,508,3
2436,1271,3
2436,1673,3
2436,529,2
2436,150,3
2436,3105,1
2436,2501,1
2436,1704,1
2436,593,4
2436,318,4
2436,3510,3
2436,3408,4
36,553,1
36,3359,4
36,1191,4
36,3142,1
36,556,4
36,581,3
36,1147,1
36,198,1
36,2527,3
36,2985,1
36,1912,1
36,2662,1
36,2951,4
36,2115,4
36,2167,1
36,1291,1
36,1387,3
36,1201,1
4823,2140,4
1164,1302,4
1164,1537,3
195,3793,2
195,628,1
195,717,4
195,407,4
195,2,4
195,577,1
3518,1041,2
3518,1732,4
3106,1639,3
3471,2772,4
3471,3052,1
4579,2701,4
4579,2170,2
4579,1597,3
4579,1552,1
1491,2355,4
1491,471,2
4579,1676,1
4579,1237,3
4579,520,4
4579,2502,4
4579,500,1
1125,2713,1
5458,583,4
1352,3823,4
2063,1352,1
5359,3000,3
3519,3565,3
4126,2686,2
4126,173,1
1611,1655,2
1733,2864,1
3475,2194,3
3475,2297,3
3475,1278,4
3475,903,2
3475,207,2
3475,1378,3
3475,3693,2
3475,2916,4
3475,2968,2
3475,2764,2
3475,3418,2
3475,1682,4
3475,1721,2
3475,708,3
3475,1288,2
3475,2427,4
3475,306,2
3475,3196,2
3475,3071,3
3475,3157,2
3475,2966,3
3475,1663,2
3475,2186,1
3475,124,1
3475,377,4
3475,931,4
3475,2263,3
3475,2852,1
3475,532,4
3475,543,3
3475,1619,3
3475,1041,4
3475,2686,3
3475,2278,2
3475,2409,3
3475,2273,2
3475,7,4
3475,1210,3
3475,1243,1
3475,2404,4
3475,2389,1
3475,2402,2
3475,904,2
3475,1135,2
3475,1198,1
3475,2145,2
3475,597,1
1306,2202,3
3475,185,2
3475,1012,2
3475,1347,1
3475,287,2
3475,605,1
3475,3072,2
3475,3638,2
3475,3398,3
3475,1966,1
3475,2805,2
3475,3704,2
3475,3461,1
3475,3160,3
3475,2747,2
3475,3703,3
3475,3267,2
3475,1544,4
3475,1244,2
3475,2247,1
3475,2212,2
3475,2081,2
3475,913,2
3475,271,2
3475,3386,1
3475,2421,4
3475,2002,2
3475,2420,1
3475,2001,1
3475,1729,3
3475,2000,4
3475,364,1
3475,480,2
3475,2761,4
3475,1982,2
3475,2115,3
3475,2664,1
3475,586,4
3475,3,4
3475,1291,3
3475,1666,4
3475,880,2
3475,3147,2
3475,2947,1
3475,3095,4
3475,1586,2
3475,1974,3
3475,2023,2
3475,587,3
3475,457,3
3475,18,3
3475,236,2
3475,3020,2
3475,3201,1
3475,3108,2
3475,2371,4
3475,2794,1
3475,2403,2
3475,2125,3
3475,2073,3
3475,786,4
3475,830,4
3475,1079,4
3475,2567,1
3475,2291,1
3475,3168,4
3475,1902,3
3475,1263,1
3475,1466,3
3475,1370,2
3475,1876,3
3475,1100,2
3475,230,2
3475,231,3
3475,3783,2
3475,2804,4
3475,3016,4
3475,2407,3
3475,2470,3
3475,1589,3
3475,1252,1
3475,1276,1
3475,1206,2
3475,352,1
3475,912,3
3475,1172,3
3475,223,2
3475,158,4
3475,2908,2
3475,3394,4
3475,3552,4
3475,2710,2
3475,2076,1
3475,1895,2
3475,885,1
3475,1233,1
3475,1250,2
3475,3213,1
3475,3285,1
3475,1270,1
3475,2694,2
3475,2018,1
3475,1377,1
3475,2011,2
3475,994,4
3475,417,2
3475,153,4
3475,592,4
3475,147,1
3475,2706,4
3475,3535,4
3475,2791,3
3475,3421,4
3475,1517,4
3475,1784,1
3475,2141,3
3475,1608,3
3475,900,2
3475,150,4
3475,1203,1
3475,1225,2
3475,588,3
3475,3359,1
3475,1354,1
2195,1136,1
4823,1248,3
195,2706,2
1211,1964,2
1088,765,4
1088,455,4
1088,2320,1
1088,832,3
1088,1487,3
1088,524,4
1088,3255,4
1088,1050,2
1211,3862,2
1088,1354,2
1088,553,1
1980,911,1
1733,1866,2
1980,2837,2
2872,1966,3
1421,2359,2
1306,3298,1
5011,3857,3
5539,232,2
1733,3733,4
3982,2763,3
3982,2686,2
3982,2013,3
3982,1959,3
3982,913,3
3982,3578,3
3982,3285,1
3982,2858,1
5458,1966,4
1265,3568,1
3652,2681,3
1733,3855,4
1306,3861,4
1306,3361,4
1274,751,1
1274,3096,1
1088,1892,1
1088,3213,2
1088,3153,1
1980,2844,4
1980,1464,3
1980,1644,2
1980,581,3
1980,3593,1
1980,3913,2
1980,3752,1
3652,2723,1
5539,2324,1
195,1713,3
2969,608,4
1958,2572,1
150,2313,3
150,1292,2
3982,11,1
4579,1224,2
1425,2995,4
1425,2844,4
2489,3825,2
2489,3081,1
2489,3752,1
2489,3893,4
1306,3146,1
1717,2827,2
1717,3911,1
1733,3075,2
1556,367,4
5492,2504,3
5492,2572,1
2594,3476,1
2594,3386,4
2594,1221,3
2594,858,1
2594,3623,1
2594,2568,1
2594,2761,1
2594,2716,4
2594,3578,1
2594,3564,4
2594,2712,2
2594,3113,4
2594,2828,4
2594,3615,1
2594,3751,3
2594,3793,4
2594,2701,1
2594,2987,3
2594,3114,2
2594,3745,4
2594,3176,1
2594,2762,1
2594,3483,4
2594,968,1
2594,2581,4
1425,3867,1
2041,468,4
2041,1902,3
2041,750,2
2041,3543,2
2041,590,4
2041,1597,4
2041,1199,1
2041,1284,4
2041,2123,1
2041,1367,4
1395,1321,3
1395,2793,1
1395,3510,1
1211,2248,4
3475,595,1
3475,3253,2
3475,2353,4
3475,1022,2
1579,1172,3
3475,957,3
3475,3052,3
3475,2087,2
3475,3633,3
3475,2096,3
3475,2750,2
3475,934,4
3475,1028,2
3475,2078,4
3475,594,3
3475,2080,4
3475,1125,3
3475,2899,3
3475,99,3
3475,596,4
3475,2944,3
3475,920,3
3475,1266,3
2018,2247,4
2018,1285,1
2018,3072,4
3475,1413,2
2018,2973,2
2018,3430,2
2018,2527,3
2018,3198,2
2018,1955,4
2018,3682,4
2018,3200,2
2018,2819,3
2018,2932,4
2018,1292,4
633,2318,3
633,373,1
2018,1244,4
3475,3913,1
633,2630,3
2018,3468,2
2018,2299,4
2018,916,2
2018,1152,1
2018,1938,4
2018,3232,4
2018,3739,3
1425,1767,1
1978,593,2
1425,2389,4
1425,3835,1
1425,1798,1
1425,540,3
1425,3249,4
1425,3055,1
1425,3008,1
5831,781,3
3746,2916,1
3746,1476,1
3746,3208,2
3746,3623,1
3746,480,1
3746,1580,4
3746,2420,3
3746,1136,4
3746,1408,2
3746,3,1
3746,3175,2
3746,2716,2
3746,3120,3
3746,442,2
3746,3786,3
3746,1270,1
3746,1200,3
3746,3147,4
3746,3798,4
3746,3755,4
3746,3578,1
3746,3751,4
3746,3793,3
3746,1206,2
3746,2569,1
3746,2146,3
3746,3155,1
3746,3081,2
3746,587,4
3746,11,4
3746,2858,1
1088,2696,3
1088,929,4
1088,803,2
1088,1674,1
3746,1339,2
2832,2706,1
2832,1484,2
1306,225,3
1306,590,2
1306,3006,4
3363,3623,1
4823,908,4
2376,1204,4
1425,3952,3
1425,3950,4
1425,1612,3
1425,413,1
1425,3712,2
1425,1794,3
1425,223,1
1425,1171,4
1425,3173,3
5394,3163,2
4600,2502,2
2451,2273,4
2451,2116,3
3312,3325,2
3312,3752,1
3312,3912,4
3312,3858,2
3312,3512,4
3312,3914,1
4802,2943,4
2060,1221,2
3518,2837,4
3518,3565,2
624,3795,2
624,111,2
1451,2313,4
195,3886,1
4823,2139,2
5458,3504,2
4823,3510,2
1551,668,4
343,2316,3
343,1064,4
4384,2699,4
692,3328,4
1306,1094,2
1579,1726,4
1579,2146,3
1451,3150,1
4647,3794,2
4647,1670,4
4647,3509,3
698,3629,2
698,3022,2
698,2797,3
698,1178,4
698,2542,1
698,608,2
698,1089,4
698,1590,2
698,2701,2
698,327,3
698,2053,1
698,3864,2
698,1831,3
698,3156,2
698,1917,2
698,435,3
698,1591,3
698,2986,3
698,3269,2
698,379,3
698,3660,4
698,2094,4
698,316,4
698,1676,1
698,3863,3
698,24,3
698,198,2
698,2232,3
698,1396,2
698,3702,4
698,1376,2
698,2140,2
698,671,1
698,3175,4
698,589,1
698,1077,1
1165,2706,3
698,471,4
698,1265,1
698,1393,2
698,3108,4
2023,1393,4
2023,1095,4
2023,1617,1
2023,1199,4
698,1639,1
698,914,1
5329,3071,1
698,3307,3
698,2459,4
1306,1208,3
1306,2671,3
698,1924,3
698,2710,4
698,2167,1
698,253,2
698,1407,1
698,407,4
698,2160,2
698,1387,2
1306,3830,4
698,2726,3
698,3672,1
698,736,3
698,674,1
698,1031,3
698,1371,3
698,2628,3
698,1375,3
698,1377,3
698,1552,2
698,2641,3
698,2115,1
698,2528,2
698,590,1
698,2005,4
698,2470,4
698,2617,4
698,10,2
698,112,1
698,1275,2
698,2193,3
698,1967,2
698,3000,3
698,474,1
698,3418,3
698,2000,1
698,1923,3
698,16,4
698,2728,3
698,1954,4
698,2321,4
698,2700,2
698,1210,3
698,354,4
698,493,2
698,2174,3
698,1036,3
698,3189,3
698,1729,1
698,3858,2
698,3098,4
698,594,4
698,3328,1
698,3379,1
698,1246,2
698,1258,4
698,2502,1
698,1610,3
5329,1339,2
5329,507,1
5329,1482,1
698,1270,1
5329,352,4
698,3556,3
698,293,2
698,1517,2
698,337,4
698,32,1
698,861,2
698,599,1
698,2739,1
698,3421,2
698,3060,2
698,2065,1
698,1949,4
698,1732,3
698,2391,1
698,1266,4
698,3668,3
698,1282,4
698,1704,1
698,1673,4
698,1285,2
698,3310,2
698,1947,2
698,3147,3
698,1,3
698,3306,1
698,3361,4
698,3271,2
698,3742,2
698,3949,2
698,1449,4
698,663,2
698,1213,2
698,25,3
698,2300,1
698,529,2
698,1197,1
698,2762,1
698,3539,1
698,3115,2
698,2010,1
698,1916,2
698,1235,2
698,2966,4
698,1201,2
698,1207,3
698,954,4
698,1952,3
698,1136,2
698,111,4
698,162,1
698,720,4
698,1193,3
698,3182,1
698,2810,1
698,3145,3
5470,1172,3
5470,1206,2
5470,924,1
5470,920,3
5470,1225,4
5470,1178,2
5470,919,2
5470,1617,3
5470,1084,1
5470,3201,4
5470,3871,4
5470,2801,1
1969,3113,3
1969,3165,2
2172,2767,1
2172,2616,4
2172,2436,2
2172,1372,1
2172,104,4
2172,2193,4
2172,2541,1
2172,3107,3
2172,996,2
2172,2048,1
2172,1377,4
2172,1093,2
2172,785,1
2172,1114,3
2172,231,1
2172,2133,4
2172,1405,3
2172,2846,4
2172,1701,2
2172,1457,3
2172,70,3
2172,2282,1
2172,553,2
2172,2124,3
2172,2718,2
2172,835,2
2172,2496,1
2172,3809,1
2172,1513,1
2172,2195,1
2172,616,2
2172,852,3
2172,269,3
2172,1042,2
2172,1799,3
2172,372,1
2172,2115,4
2172,3860,4
2172,2003,2
2172,2770,4
2172,1923,4
2172,783,1
2172,590,2
2172,2470,1
2172,346,1
2172,175,4
2172,3274,1
2172,2141,4
2172,2706,2
2172,2596,4
2172,2302,1
2172,2000,4
2172,333,3
2172,3247,1
2172,3254,2
2172,2081,1
2172,1302,3
2172,364,1
2172,3701,3
2172,1012,2
2172,3270,4
2172,766,2
2172,2114,3
2172,309,1
2172,1961,2
2172,1073,2
2172,1282,4
2172,1747,2
2172,1022,4
2172,2915,1
2172,3526,1
2172,2337,3
2172,953,2
2172,1099,1
2172,1785,4
795,2579,4
1141,2088,2
4277,93,3
4277,420,1
4277,2876,3
4277,2418,4
2111,154,1
2111,1292,1
2111,1251,3
2111,1964,3
2111,1265,3
2111,3897,1
2111,2762,1
2111,3359,2
2111,968,2
2111,920,2
2111,1670,3
442,2005,1
1306,1292,1
1306,2861,4
1306,3510,4
1306,3535,1
2060,858,2
2246,3897,2
2246,953,1
2246,1949,4
2246,150,4
2246,2248,2
2246,1097,3
2246,1293,1
2246,417,4
2246,296,1
2246,2918,1
2246,1704,4
2246,3811,4
2246,3135,3
2246,293,1
2246,1797,3
2246,1176,2
1451,2021,4
1451,1391,4
1451,3459,2
1451,2076,2
319,2054,1
319,175,2
1164,1234,3
1164,2766,3
1164,2577,4
1164,3874,3
1164,1249,2
1164,1079,3
1164,3247,1
1164,3809,4
1164,2474,2
1164,388,4
1164,2424,3
1164,3102,2
1164,1059,1
1164,2579,1
3080,1282,2
3080,818,3
3080,2405,3
3080,1457,2
3080,435,2
3080,305,4
3080,2796,4
3080,3235,1
3080,1855,1
3080,2014,2
3080,3388,2
3080,157,1
3080,1816,3
3080,2262,2
3080,3693,1
3080,2387,1
3080,166,3
3080,2054,1
3080,2416,1
3080,2469,4
3080,3070,2
3080,2369,2
3080,1503,4
3080,2424,3
3080,2245,4
3080,367,2
3080,1378,3
3080,3524,2
3080,2134,1
3080,2145,3
3080,3614,1
3080,2073,2
3080,2133,2
3080,1857,2
3080,550,1
3080,2247,1
3080,3264,1
3080,3087,2
3080,231,3
3080,2759,2
3080,3617,1
3080,2423,4
3080,3422,2
3080,144,1
3080,1380,4
3080,2001,2
3080,708,2
3080,345,1
3080,3040,1
3080,356,1
3080,440,1
3080,1968,4
3080,2155,4
3080,2502,3
3080,3104,4
3080,3072,1
1088,3371,2
1088,2341,3
1088,2506,1
3080,1958,3
1088,962,3
3080,3083,4
3080,3823,4
3080,3903,3
3080,1163,4
1211,1292,1
4126,3101,2
4126,2020,4
4126,2458,3
1912,2165,1
1912,1147,3
1912,1682,3
1912,1722,2
1912,968,4
1912,10,2
1912,2648,2
1912,2861,1
1912,235,2
1912,2644,2
195,3114,4
195,2724,4
195,2974,3
195,3354,3
5458,678,4
5458,3178,3
5458,2321,4
5458,661,2
5458,780,3
5458,1687,4
5458,3948,1
5458,1246,1
5458,161,4
5458,2145,1
5458,2126,4
5458,1920,1
5458,2446,3
5458,2406,3
5458,2370,3
5458,953,2
5458,3249,1
5458,1715,4
5458,1883,4
5458,465,1
195,1999,1
5458,3257,1
195,3150,2
195,1891,4
195,2579,3
195,1586,4
195,1827,4
195,2890,4
442,3285,2
442,1300,3
442,2128,1
442,750,2
442,1233,4
442,3007,1
442,2884,3
442,497,4
442,1272,3
442,1228,4
442,1250,4
1265,778,2
239,337,3
239,3897,2
2041,2011,4
2041,3686,3
2041,2059,1
2041,2116,4
2041,3081,4
2041,45,1
2041,1366,3
2041,3552,2
2041,1767,2
2041,43,3
2041,3125,1
2041,1732,2
2041,728,1
2041,1517,4
2041,3386,1
2041,1923,2
2041,2208,4
2041,2692,4
2041,2300,3
2041,1213,1
4126,2162,4
4126,2804,2
4126,45,4
1733,3892,4
528,3146,1
528,420,1
4802,2218,2
1851,2706,2
1851,447,2
1851,420,1
1851,275,2
1851,553,1
1851,2240,1
1851,7,2
2359,2701,3
2359,3081,1
2359,2395,2
2359,3753,2
4579,1246,2
4579,1968,4
4579,924,2
4328,3249,4
4328,2346,3
4328,1645,3
4328,1625,3
4328,1343,2
4328,589,2
4328,1200,3
4328,1089,3
4328,293,4
4328,586,3
4328,3868,2
4328,3948,1
4328,3448,4
4328,597,1
4328,3450,4
4328,2302,3
4328,2124,2
4328,3263,3
4328,11,3
4328,3535,1
4328,3506,4
4328,348,2
4328,2750,3
4328,3451,4
4328,2918,2
4328,52,4
4328,2407,4
4328,3108,4
4328,2321,4
4328,1125,3
4328,3685,4
4328,1747,1
4328,3099,3
4328,1958,4
4328,3421,3
4328,1079,4
4328,3507,2
4328,1136,2
4328,141,2
4328,2669,2
4328,913,3
4328,2719,2
4328,2333,1
4328,2688,1
4328,2881,1
4328,2908,1
4328,2355,1
4328,3298,2
4328,1267,1
4328,541,3
4328,2471,3
4328,969,2
4328,707,1
4328,2420,2
4328,1674,3
4328,3244,4
4328,780,1
4328,1097,2
4328,2997,1
4328,3635,3
4328,2059,4
4328,1233,1
4328,2021,4
4328,1008,4
4328,455,2
4328,150,2
4579,73,4
4579,922,3
4579,1797,3
1422,3654,2
1422,3806,2
1422,553,2
1451,3496,2
1451,2240,2
3054,1903,4
3054,647,3
5054,3735,4
1019,1875,1
1019,3712,1
2451,3011,2
4258,785,2
749,2185,4
749,914,1
749,25,4
749,3897,2
749,1189,2
749,3733,2
749,3198,2
749,970,3
749,3760,2
195,780,2
195,519,4
195,2514,4
710,3328,3
5458,2421,3
5458,2407,1
5458,2081,2
5458,2420,1
5458,2394,1
5458,3528,3
5458,316,1
5458,1088,2
5458,2021,2
5458,3868,1
5458,1186,3
5458,1912,2
5458,3093,4
5458,1653,1
5458,3783,4
5458,3148,4
5458,3911,3
1969,3896,3
2969,196,3
2969,1214,2
2969,1200,1
2969,1320,3
4169,618,1
4169,1551,4
4169,2826,4
4169,3117,2
4169,1909,1
4169,2273,1
4169,3520,2
4169,3337,1
4169,820,3
4169,3756,1
271,1953,2
271,47,3
271,293,1
271,1274,3
271,1036,3
271,111,2
271,3793,4
271,3911,1
271,2116,1
271,2133,3
5948,2396,1
5948,2599,3
5948,994,1
2859,25,1
3726,3254,1
3726,2687,2
4934,2247,1
4934,947,2
1551,3831,2
5948,3299,3
5948,254,2
5636,2952,1
4823,2764,1
5636,1687,1
5636,3802,1
5636,2264,1
5458,2133,3
5458,2539,3
4126,2423,3
4126,2083,4
5458,1273,4
1202,3150,1
1202,1303,3
5636,3556,1
5458,247,4
5458,3556,1
237,357,1
624,1859,4
937,2826,4
1551,2067,3
1352,1860,1
1352,1354,1
1352,2360,3
1352,2905,4
1352,111,4
1352,1148,4
1352,666,2
1421,2539,3
4842,1207,1
4842,3435,1
4842,858,2
4842,919,3
4842,2971,3
195,3000,4
195,2692,3
4647,534,4
4680,2797,2
4680,596,1
4680,3897,4
343,253,4
795,2712,2
3312,1294,1
3312,2976,3
3312,2560,2
3312,1645,3
3312,3798,1
3312,3510,3
3312,3563,3
3312,3535,2
3312,3273,4
3312,3864,1
3312,3879,2
3312,3827,4
3312,3755,1
1982,1393,3
1982,1748,1
1982,1625,3
2168,1199,4
2168,1225,4
2168,1274,4
2168,953,1
2168,1247,4
2168,2005,1
2168,2764,3
2168,538,4
2168,2583,4
2168,164,4
2168,3952,1
2168,2085,2
2168,145,2
1306,1784,1
1306,3565,1
2168,3947,2
1306,879,3
1306,2717,2
1306,1885,3
2168,1078,2
2168,63,2
2168,2686,2
2168,3447,4
2168,3072,3
2168,2231,2
2168,3668,1
2168,2797,2
2168,2947,1
2168,32,3
2168,1302,4
5956,1635,3
2168,1961,4
2168,1196,4
2168,260,4
2168,1207,1
2168,1193,2
2168,750,3
3017,562,3
6002,101,1
6002,1927,3
6002,1387,3
6002,2520,1
6002,2013,4
4305,2875,2
4305,2844,1
6002,3506,2
6002,3445,3
6002,2932,4
6002,1362,1
6002,3099,2
6002,2239,4
6002,3729,4
4305,3484,2
4305,3316,3
6002,3167,2
4305,3553,4
4305,3755,3
6002,3733,2
6002,1419,2
6002,3551,1
6002,3037,3
6002,1913,3
6002,1955,4
6002,1997,1
6002,2866,3
6002,2871,3
6002,2819,2
6002,3093,4
6002,3498,3
6002,1161,1
6002,3359,4
6002,3198,1
6002,1303,1
6002,3144,4
6002,2098,4
6002,2285,1
6002,909,3
6002,2946,4
6002,2764,2
6002,902,3
6002,2993,3
6002,3668,4
6002,2922,1
6002,2550,4
6002,3011,4
6002,3546,4
6002,2949,1
6002,3873,1
6002,3168,1
6002,2948,1
6002,3654,4
6002,3451,2
6002,2947,2
6002,1949,2
6002,3634,3
6002,1344,2
6002,2160,3
6002,3469,1
6002,3789,1
6002,1084,3
6002,1952,3
6002,1219,3
6002,1950,4
6002,1247,2
6002,1201,1
1958,3827,4
3519,1732,3
2106,778,4
2106,3549,2
2106,353,1
2627,2087,3
2627,2240,2
2168,3108,4
2168,1235,2
2390,3916,4
2063,3032,4
839,2287,4
839,1097,3
839,741,2
1352,3148,2
1352,760,2
1352,522,1
1352,1362,2
839,3744,2
1352,2542,1
1352,2324,4
839,3827,4
1352,3683,1
1352,718,2
1352,2544,3
1352,3317,2
1352,2775,3
1352,3503,3
1352,1360,2
1352,3910,3
1352,3862,3
2188,564,3
2188,2500,1
2188,2953,3
2188,3258,2
2188,830,2
2188,1091,3
2188,520,2
2188,2335,2
2188,719,2
2188,277,3
2188,1717,4
2188,2413,1
2188,1088,3
2188,2767,1
2188,2134,2
2188,1458,2
2188,5,4
2188,2314,3
2188,1031,1
2188,1485,2
2188,104,4
2271,2769,2
2188,1614,2
2188,2150,1
2188,2144,1
2188,1114,4
2188,339,4
2188,2167,4
2188,1035,2
2188,2115,1
2188,2137,1
2188,250,4
2188,2987,4
2188,2302,3
2188,440,2
2188,595,3
2188,223,2
2188,1923,2
2188,3060,1
2188,2918,3
2188,32,3
2188,1246,2
2188,2398,2
2188,541,4
2188,928,3
2188,1136,2
2188,953,2
343,1235,3
5413,1589,2
349,2993,4
1088,1068,3
1125,1475,1
1164,371,1
1164,2441,3
1164,50,3
1164,2384,3
1164,47,1
4829,1779,3
4829,2532,3
4829,737,1
4829,880,4
1912,3317,3
1551,922,4
4829,748,2
1912,2288,3
1912,1958,1
1912,1232,4
1912,1035,3
1912,574,1
1912,1357,1
1912,2395,1
1912,2409,4
4829,2197,3
1912,1228,1
1912,296,4
1912,3528,3
4842,2706,1
1912,1272,3
1912,942,1
1912,1408,3
1912,3386,3
1912,253,4
1912,1879,1
1912,1937,3
1912,948,2
1912,2605,2
1912,1036,2
1912,1748,4
1912,1094,1
1912,1928,4
1912,1900,2
1912,1926,2
1912,541,2
1912,3107,1
1912,900,1
3620,2706,2
1369,3310,1
1369,2158,3
1369,1285,2
1369,585,1
1369,14,1
1369,150,4
1369,1972,4
1369,1969,1
1369,2134,2
1369,2649,3
1369,2450,3
1369,508,4
1369,1225,2
1369,3733,4
1369,2706,4
1369,353,1
1369,2735,4
1369,1190,4
1369,1985,2
1369,802,1
1369,3108,2
1369,3049,4
1369,3064,4
1369,1518,1
1369,3690,1
1369,2262,4
1369,1835,4
1369,164,4
1369,2155,2
5333,2248,2
1369,2553,4
1369,2066,4
5636,247,4
403,3081,4
2172,555,1
2172,588,1
2172,3255,3
2172,2144,2
2172,1246,1
2172,1120,2
2172,14,3
2172,223,2
2172,1517,4
2172,2420,2
2172,2644,2
2172,117,3
2172,592,4
2172,2089,2
2172,3556,1
2172,1994,1
2172,3261,4
2172,1291,2
2172,441,4
2172,1682,1
2172,3098,1
2172,1500,2
2172,147,4
2172,2077,2
2172,3253,4
2172,1633,2
2172,1298,1
2172,1032,3
2172,2918,4
2172,2759,2
2172,2580,2
2172,3552,1
2172,2700,3
2172,3408,2
2172,1968,1
2172,3157,2
2172,3052,3
2172,2109,4
2172,3386,4
2172,1704,2
2172,542,3
2172,2096,3
2172,1484,1
2172,2085,2
2172,3868,3
2172,1594,1
2172,562,1
2172,2348,1
2172,2137,2
2172,1035,2
195,3258,1
2172,3246,4
2172,3598,2
2172,3421,1
2172,101,3
2172,2321,2
2172,3235,4
2172,1259,2
2172,235,3
2172,1199,4
2172,1948,1
2172,1885,2
2172,2285,2
2172,3210,2
2172,2329,3
2172,1209,4
2172,2150,1
2172,2863,2
2172,1673,1
2172,2324,1
2172,3481,3
2172,596,3
2172,3671,1
2172,1641,3
2172,1028,4
2172,3060,4
2172,3067,3
2172,2366,4
2172,1266,1
2172,39,1
2172,2729,1
2172,595,3
2172,594,1
2172,308,3
2172,1256,3
2172,2599,3
2172,3910,2
2172,3418,1
2172,318,3
2172,1136,2
2172,1348,4
2172,3095,4
2172,919,4
2172,923,4
2172,858,3
2172,3213,4
2188,3521,4
2188,2060,1
2172,2060,2
2172,29,4
2172,2692,2
2172,3949,3
2172,1296,2
2172,3168,3
3963,3585,3
3963,1206,1
3963,924,1
3963,3789,2
3963,3363,3
3963,1939,4
3963,3359,2
3963,3736,2
3963,1948,4
3963,1958,2
3963,2000,2
3963,3398,2
3963,2795,4
3963,2144,2
3963,3255,4
3963,3448,2
3963,3253,3
3963,2918,2
3963,1965,4
3963,3507,4
3963,2770,3
3963,3210,3
3963,3039,2
3963,3200,3
3963,539,3
3963,3566,2
3963,915,4
3963,1270,2
3963,1226,1
3963,1259,2
3963,2622,4
3963,3479,4
3963,2161,2
3963,2174,4
3963,317,2
3963,367,4
3963,1073,4
3963,3466,4
3963,2087,2
3963,2243,3
3963,930,3
3963,3396,4
3963,3911,3
3963,356,3
3963,562,2
3963,1968,2
3963,2352,1
3963,3104,1
3963,1292,4
3963,3671,2
3963,946,4
3963,1162,3
3963,1077,2
3963,921,1
3963,3037,3
3963,945,2
3963,3096,2
3963,3548,3
3963,2289,3
2847,3100,1
2847,3147,3
2847,1230,3
2847,1645,4
2847,1088,2
2847,1036,1
2847,165,3
2847,1552,3
2847,434,2
2847,1339,1
2847,3213,3
2847,595,1
2847,592,3
2847,2706,1
2847,1917,2
2847,700,1
2847,1021,4
2847,1690,1
2847,1509,1
2847,2791,1
2847,2572,4
2847,2188,1
2847,2085,3
2847,344,2
2847,19,3
1413,275,2
1413,1292,1
1165,3176,4
1165,2692,2
1165,1527,1
1165,2294,1
1165,2116,3
678,3893,3
4520,2122,1
4520,2456,1
4520,1995,2
4520,1973,4
4520,1974,4
4520,2279,4
4520,188,2
4520,2517,4
4520,2004,2
4520,724,3
4520,3838,4
4520,3660,3
4520,1334,3
4520,2003,2
4520,1321,4
4520,1350,4
4520,2366,1
1265,262,1
1265,2394,4
1265,353,4
752,2087,1
752,2271,1
3057,1593,2
3057,144,1
3057,230,2
1597,1653,3
1597,2762,2
4763,441,4
1733,2351,3
1395,3861,2
1395,3893,3
1395,3948,2
1395,3889,3
1395,3717,1
1395,3578,2
4823,3536,2
1912,2010,2
881,2797,1
881,1919,2
881,2243,2
881,2791,3
881,1288,4
881,3911,1
881,2300,3
881,1259,3
881,2918,3
881,3363,3
881,1079,1
881,1968,4
881,1269,2
881,1294,3
881,1197,1
881,513,2
881,3897,4
881,1276,4
881,1244,2
881,1256,4
881,1235,2
881,910,1
881,909,3
881,1307,3
881,1394,4
881,3504,1
881,3088,4
881,1234,1
881,1230,2
881,1136,3
881,3114,4
881,1205,1
881,3864,1
881,3024,2
881,2054,3
881,3070,2
881,2091,3
881,3937,3
881,3326,2
881,2311,3
881,1924,2
881,2021,4
881,788,3
881,1375,1
881,2105,1
881,3638,1
881,2364,2
881,3033,4
881,3701,4
881,1019,4
881,2528,4
881,3698,3
881,2657,2
881,1129,2
881,2641,1
881,2365,2
881,2287,2
881,3770,4
881,3927,4
881,3699,3
881,3827,4
881,1376,3
881,2009,4
881,3704,1
881,2553,3
881,1965,2
881,3527,2
881,1301,1
881,3032,4
881,2117,4
881,2455,1
881,2140,2
881,1374,2
881,3793,1
881,2640,3
881,1199,1
881,2116,3
881,2662,3
881,3703,3
881,2594,3
881,1253,4
881,2664,2
881,924,4
881,1240,2
881,1097,3
881,1214,3
881,1206,3
881,750,4
881,1274,3
881,1270,4
881,541,1
881,1200,4
881,1196,2
881,260,1
881,487,3
881,2016,4
881,1007,1
881,416,2
881,3368,2
881,2527,1
881,1378,3
881,2478,4
881,3873,1
881,3682,1
881,2922,1
881,3494,1
881,3074,2
881,599,4
881,714,1
881,2921,3
881,3508,3
881,3871,4
881,3365,4
881,3671,1
881,3037,1
881,3030,4
881,1283,2
881,3467,2
881,1266,1
881,1304,3
881,3681,4
881,1201,3
881,3157,4
881,3745,3
881,2841,3
881,2961,4
881,2762,4
881,2395,1
881,3483,1
881,3617,1
881,2686,4
881,2394,2
881,3300,1
881,2669,1
881,2901,4
881,2013,2
881,3753,1
881,968,2
881,3219,1
881,1959,3
881,2502,1
881,2568,1
881,2709,3
881,2734,3
881,3354,2
881,2526,3
881,2900,2
881,3752,4
881,2882,1
881,407,1
881,2713,1
881,2761,1
881,2720,3
881,2719,3
881,3826,4
881,3510,4
881,2716,2
881,3578,1
881,3717,2
881,2580,4
881,3409,4
881,2861,2
881,3408,4
881,2605,3
881,2772,3
881,2369,2
881,1911,1
881,2041,4
881,223,2
881,3016,2
881,3863,3
881,3298,1
881,2771,3
881,2710,4
881,3857,3
881,3593,4
881,3285,3
881,2707,3
881,2827,2
881,1127,1
1451,3720,1
2489,1518,1
1865,3540,2
1865,3719,2
1865,3579,4
1865,3299,4
1865,3239,4
1865,3453,4
1865,3743,3
1865,3457,2
1865,3895,1
1865,3909,2
1865,3858,4
1865,3565,4
1865,3824,3
1865,3285,1
1865,3553,2
1865,3784,3
1865,3901,2
1865,3912,1
1865,3879,4
1865,3301,2
1865,3535,2
1865,3827,4
1865,3534,3
1865,3756,2
1865,3794,1
1865,3747,1
1865,3906,2
1865,3571,3
1865,3943,2
343,3826,3
2210,3793,1
2210,3948,1
2210,3536,2
2210,3952,1
2210,3408,3
2210,3556,2
2210,3456,2
2210,3911,3
2210,3910,2
2210,3751,3
1943,2455,4
2210,3783,3
2210,3897,1
5458,2436,4
5458,718,2
5458,597,2
5458,2236,2
5458,1517,2
5458,319,1
5458,372,4
5458,1784,4
5458,3426,4
5458,2590,2
5458,2150,1
5458,1275,4
1142,1207,4
1142,2907,2
3471,2912,4
5948,3911,4
1897,2746,3
1897,2736,1
1897,1374,2
1897,2470,2
1897,2247,3
1897,1959,4
1897,2745,3
1897,3101,3
1897,3479,2
1897,2081,1
1897,2069,2
1897,2757,3
1897,2022,1
1897,2934,1
1897,2245,1
1897,2929,2
1897,2926,4
1897,1395,2
1897,2988,3
1897,2240,4
1897,2407,1
1897,1081,2
1897,3448,1
1897,3699,4
1897,3102,4
1897,1291,4
1897,3731,4
1897,3221,2
1897,1246,3
1897,2918,2
1897,2518,4
1897,2348,4
1897,2065,2
1897,2064,4
1897,3071,2
1897,3211,1
1897,2312,1
1897,2150,4
1897,2716,3
1897,3684,2
1897,1958,3
1897,1186,1
1897,1211,1
1897,1968,4
1897,1210,2
1897,2000,3
1897,2750,4
1897,3526,1
1897,3098,1
1897,3039,2
1897,1295,4
1897,3308,3
1897,3112,3
1897,2068,4
1897,1079,1
1897,2349,2
1897,1960,2
1897,1124,2
1897,2739,4
1897,2915,3
1897,1202,2
1897,2919,4
1897,1296,3
1897,3547,2
1897,3067,1
1897,3068,1
1897,3094,1
1897,1224,2
1897,2352,2
1897,1196,2
1897,3588,2
1897,3506,4
1897,2779,3
1897,3244,3
1897,2239,4
1897,2640,3
1897,3198,1
1897,3635,1
1897,3074,1
1897,1419,4
1897,2730,2
1897,3099,4
1897,1082,3
1897,2971,2
1897,3724,1
1897,1954,2
1897,2511,4
1897,2178,4
1897,3200,3
1897,1080,3
1897,1303,4
1897,2866,4
1897,2932,1
1897,3167,4
1897,3069,1
1897,1362,3
1897,3093,4
1897,2819,4
1897,2871,3
1897,1162,2
1897,3733,4
1897,1278,3
1897,3284,2
1897,1208,2
1897,1387,1
1897,3471,3
1897,3363,2
1897,3152,3
1897,1235,2
1897,2303,4
1897,1292,2
1897,1244,4
1897,3359,4
1897,111,1
1897,3545,1
1897,1193,3
1897,3741,1
1897,1294,2
1897,2925,2
1897,1234,1
1897,3362,1
1897,1230,2
1897,1221,4
1748,3685,4
1088,1928,3
624,1249,1
1748,882,3
1748,17,3
1748,963,2
1748,2745,2
1748,3814,3
1748,2371,3
1748,2372,2
1748,36,3
1748,1008,4
1748,1942,4
1748,1077,4
1748,194,3
1748,3098,4
1748,3090,1
1748,2682,3
5636,2641,4
5636,1918,1
5636,503,1
5636,3098,4
5636,2122,3
5636,940,3
5636,1429,1
5636,3634,4
3695,1393,1
3695,3158,4
3695,2136,4
3695,3252,3
3695,908,3
3695,1173,2
1579,1100,2
1579,4,3
1579,2012,3
1579,804,1
1579,3005,1
1579,424,2
1579,3268,3
195,2717,1
1593,2901,2
1593,253,2
1593,3081,3
1593,2644,4
1593,799,3
1593,610,3
1593,3932,3
1593,2716,1
1593,2366,4
1593,1348,3
1593,3016,1
1593,2710,4
1593,2976,4
1593,2357,1
1593,388,2
1593,1321,3
3695,2302,1
3695,3255,3
624,2858,2
3695,2602,4
3695,3037,3
1125,1821,4
3695,2463,4
3695,1095,4
3695,2111,1
3695,3714,4
3695,2264,3
3695,15,1
624,715,1
3695,1777,4
3695,3623,4
3695,3007,1
3695,410,2
3695,2124,1
3695,850,1
3695,180,1
3695,590,4
3695,2300,1
3695,3105,1
3695,1120,2
3695,3686,1
3695,339,1
3695,3702,4
3695,2468,4
3695,2472,2
3695,481,1
3695,2048,4
3695,253,3
3695,2133,3
3695,3000,4
2225,3306,4
2225,3133,4
5948,2692,2
1897,912,2
3219,1257,1
3219,1028,1
3219,886,1
3219,765,4
3219,3081,2
2395,866,2
195,3902,2
2376,3104,3
1015,447,2
1015,7,1
1015,2418,3
1015,2240,3
1912,1217,1
4600,1290,4
1733,1914,2
1733,1230,1
1733,3083,4
5333,3790,1
131,668,4
4543,2844,4
4543,2009,4
4042,3190,3
2878,2496,1
5333,3854,2
302,2155,4
302,3852,1
302,2770,3
302,367,1
302,3317,3
302,3397,1
302,1516,3
302,2300,1
302,1968,1
302,2000,4
302,1297,3
302,3072,3
302,2599,3
302,3911,4
302,1077,1
302,3275,1
302,2248,4
302,1307,2
302,3424,4
302,1148,4
302,1405,4
302,2138,2
302,2987,3
302,745,3
302,2450,1
302,3190,2
302,1373,2
302,435,2
302,338,3
302,327,2
302,2034,4
302,1603,4
302,3698,1
302,1371,1
302,3704,2
302,2722,4
302,3770,3
302,2012,3
302,2532,3
302,1375,4
302,1205,3
302,2011,3
302,2311,1
302,2105,2
302,1129,1
302,2641,1
302,3745,4
302,2985,2
302,3699,2
302,3827,4
302,2529,4
302,1909,1
302,3527,4
302,1376,1
302,3070,4
302,2140,2
302,3702,3
302,1200,1
302,3471,2
302,3703,2
302,1097,4
302,750,4
302,1240,3
302,541,2
302,1374,2
302,2119,1
302,1985,4
302,2122,2
302,1987,4
302,2902,3
302,2719,1
302,2513,4
302,3826,4
302,2026,4
302,2428,2
302,1320,4
302,2976,1
302,1974,1
302,2459,3
302,1994,2
302,2366,4
302,1387,3
302,1258,4
302,1214,4
349,1610,4
2478,911,4
1395,11,4
1088,2889,4
1088,2883,1
1203,2105,4
1203,1964,4
5100,553,1
5100,3911,4
4823,319,3
1551,2791,3
4126,295,3
4126,1475,4
4126,1010,4
4126,1173,3
1306,3722,4
5333,35,3
1317,3146,4
1317,92,2
1317,158,1
1317,2590,4
1317,455,3
1317,1043,1
1317,1801,4
1317,370,1
1317,2431,4
1317,586,4
1317,1438,3
1317,2316,3
1317,231,2
1317,2429,1
1317,1713,3
1317,3252,3
1317,349,4
1317,3809,1
1317,500,3
1317,2059,2
1317,230,4
1317,524,2
1317,1810,2
1317,539,1
1317,3249,3
1317,1401,2
1317,14,3
1317,10,2
1317,3178,3
1317,1120,4
1317,1649,2
1317,477,3
1317,261,4
1317,661,2
1317,3148,1
1317,1393,3
1317,440,3
1317,1050,2
1317,3100,3
1317,62,1
1317,2125,4
1317,2890,1
1317,3499,4
1317,1635,4
1317,1016,2
1317,2096,1
1317,1946,1
1447,2995,4
1317,1009,4
1317,1327,2
1317,2409,4
1317,1007,3
1317,2524,2
1317,3638,1
1317,2901,2
1317,3508,3
1317,2991,3
1317,3194,2
1317,2138,4
1317,2137,1
1317,1234,1
1317,3504,2
1317,2098,2
1447,2826,3
1317,1013,3
1317,1014,3
1317,1010,3
1317,1025,4
1317,2085,3
1317,3168,4
1317,3507,2
1447,2781,3
1317,2160,3
1317,3296,4
1317,1219,1
1317,1276,1
1317,1262,3
1447,1334,3
1317,923,4
1447,1347,2
1317,3682,1
1733,2137,3
1317,2240,3
1317,553,4
1317,337,1
1447,2455,2
1733,1981,2
1733,3692,2
1733,1992,2
1447,2159,3
1733,546,3
1733,1882,1
1733,160,4
1733,849,4
1733,1590,4
1733,880,1
1733,1779,3
1733,442,2
1733,1603,3
1733,1391,3
1733,788,3
1733,780,2
1733,2011,1
1733,2012,4
1447,1278,1
1733,784,1
1447,1344,1
343,3421,4
343,3614,4
343,938,4
1733,253,2
1560,2701,4
1560,2600,2
1560,2702,4
1560,2806,4
1560,2395,3
1560,2394,4
1560,2093,4
1560,3219,2
1560,2805,4
1560,2720,1
1560,2713,3
1560,785,1
1560,3564,3
1560,2828,1
1560,3408,2
1560,2041,1
1560,3863,1
1560,3004,3
1560,3593,4
1560,2555,1
1560,3824,3
1560,3155,1
1560,2827,4
1560,3179,1
1560,2707,2
1560,2706,1
1560,3754,1
1560,2572,1
1560,3911,3
1421,2731,3
1579,3893,3
349,590,3
4823,3081,4
624,1732,1
1395,3910,4
1395,1466,1
1395,3952,1
1395,3593,4
1395,3534,3
1395,588,4
1010,904,1
911,2993,1
911,1372,1
5333,3409,1
2903,1042,3
3014,508,2
3014,2431,4
3014,2502,3
3014,551,2
3014,282,4
3014,2324,4
3014,500,3
3014,3499,3
3014,2616,1
3014,1088,3
3014,3263,1
3014,1633,3
3014,1,3
3014,3114,4
3014,1060,2
3014,2966,4
3014,300,1
3014,186,4
3014,1079,2
3014,3108,1
3014,1271,2
3014,1266,2
3014,1747,1
3014,1923,2
3014,3386,3
3014,1124,2
3014,832,4
3014,2762,4
349,1090,3
5636,3105,2
5636,1694,3
5636,953,1
5636,1949,1
5636,448,3
5636,1952,1
5636,3811,2
5636,3504,3
5636,3037,3
5636,2987,2
5636,1218,4
5458,32,3
5458,2594,3
5458,1206,1
5636,3787,3
5636,123,4
3411,3175,1
3411,1584,1
3411,346,4
3411,1208,4
3411,904,4
3411,2594,1
349,2948,4
349,912,2
4829,1206,1
2944,2558,2
2944,480,4
3285,3177,2
3285,230,2
3285,1845,3
3285,175,3
4829,1240,4
4829,3671,4
1733,2770,2
1912,1511,2
3017,3186,1
3017,2884,4
937,420,3
937,1265,3
937,2966,2
4305,293,3
4305,866,3
4305,1945,2
1265,691,2
1265,378,4
1265,2087,1
5689,2572,2
349,1834,4
1088,2059,1
1088,367,1
1088,1515,1
1088,778,4
1088,715,4
1010,2396,2
1010,2906,4
1010,2723,2
1010,3752,2
1010,3717,2
1010,3175,1
1010,2688,3
1010,2580,1
1010,3510,3
1010,2392,4
1010,2888,1
1010,2861,1
1010,2718,3
1010,3408,2
1010,2959,4
1010,3786,2
1010,2147,3
1010,3298,3
1010,2770,1
1010,2997,4
1010,3534,4
1010,2572,3
1010,3593,2
1010,2827,1
1010,3285,4
1010,903,3
4829,2442,1
4829,1590,3
2395,1753,2
4829,2722,3
1551,1304,2
1551,1942,2
5948,2966,2
1306,520,3
1306,3260,3
1306,410,4
1306,1777,4
1306,3879,1
1306,1057,4
1306,3525,3
1306,2064,1
1306,1054,4
1306,300,1
1306,3448,3
1306,288,2
1306,3794,3
1306,1513,4
2210,1472,2
2210,1270,3
2210,2059,2
2210,342,4
2210,3391,1
2210,527,2
2210,246,1
2210,921,2
3038,3146,4
3038,1517,1
3038,2683,1
3038,3688,4
3038,3690,3
3038,3689,2
3038,1183,1
3038,1299,3
3038,920,3
3038,1035,4
3038,2863,3
3038,1288,1
3038,2087,3
3038,594,2
3038,900,4
3038,1282,1
3038,914,2
3038,1947,4
3038,1028,3
3038,919,3
3038,899,3
3038,2857,2
3038,3671,3
3038,1220,4
3038,240,2
3038,288,4
3038,1247,4
3038,969,1
3038,912,4
3038,1909,3
3038,2407,4
3038,480,2
3038,32,3
3038,1019,1
3038,2662,1
3038,2640,2
3038,3793,3
3038,1584,4
3038,1580,2
3038,3175,1
3038,1965,4
3038,1215,4
3038,2968,1
3038,1210,2
3038,2363,1
3038,671,2
3038,3702,4
3038,1653,3
3038,3471,4
3038,1097,1
3038,1206,4
3038,2571,3
3038,1270,4
3038,750,3
3038,260,3
3038,1196,3
3038,924,3
1733,2579,1
3038,3578,2
3038,541,3
3038,1261,1
3038,1266,2
3038,1542,3
3038,3685,1
3038,943,1
3038,327,4
3038,1678,1
3038,2989,1
3038,1193,1
3038,2000,4
3038,1387,4
3038,95,1
3038,3703,3
3038,539,3
3038,25,3
3038,2539,3
3038,2405,4
3038,3247,3
3038,1011,4
3038,527,4
3038,3041,3
3038,150,4
3038,3752,4
3038,356,4
3038,915,4
3038,1968,3
3038,1721,2
1352,3817,1
3832,2020,1
3832,2248,4
3832,920,2
3832,2692,3
3832,1197,1
3832,1247,3
5359,3702,2
1265,3476,1
4477,2528,4
4477,3269,3
4477,3033,2
4477,1676,3
4477,316,1
4477,2012,4
4477,2046,4
4477,1573,1
4477,1876,4
4477,2628,2
4477,2407,4
4477,3698,3
4477,3699,4
4477,1376,1
4477,2901,1
4477,2011,4
4477,1396,4
4477,3527,1
4477,1580,1
4477,3471,2
4477,2968,2
4477,1270,3
4477,541,1
5242,480,3
5242,1306,4
5242,2986,1
5242,2525,2
5242,1831,4
5242,1037,3
5242,1690,2
5242,1676,4
5242,2021,1
5242,1580,4
5242,2600,2
5242,2916,1
5242,1210,1
5242,2664,2
5242,1215,1
5242,2968,2
5242,1527,3
5242,3175,1
5242,1584,4
5242,2140,2
5242,2105,3
5242,29,3
5242,32,1
5242,1200,1
5242,1206,3
5242,1214,1
5242,1240,1
5242,1921,1
5242,1253,4
5242,1301,4
5242,741,4
5242,1653,2
5242,1175,4
5242,1196,4
5242,2571,4
5242,260,2
5242,924,2
5242,3471,3
5011,741,3
1164,3893,2
1164,3409,4
3125,3752,2
1551,2301,4
1551,1193,2
1551,1625,1
1551,3578,1
1551,39,1
1551,1206,4
1551,2321,3
1551,538,3
1551,509,1
1551,288,1
1551,3174,3
1551,2762,1
1088,590,1
1088,2442,3
1088,3073,3
1088,2577,2
1088,2132,4
1088,2087,4
2451,2147,4
2451,1006,4
2451,2035,3
2451,1431,2
2451,419,1
2451,3672,2
2451,1287,2
2451,1292,1
2451,2174,4
2451,1405,3
2451,3412,2
2451,748,2
355,2628,2
355,1321,4
355,2764,4
195,2341,4
195,1262,3
1748,3038,2
1748,1283,4
403,2403,3
5394,899,4
881,912,4
881,50,4
881,1254,1
881,146,2
881,2816,3
881,1297,2
881,2942,4
881,1498,4
881,1017,2
881,1702,1
881,3471,4
881,1689,3
881,2906,3
881,2472,3
881,2363,3
881,2470,3
881,2407,4
881,2529,1
881,522,1
881,1020,3
881,3388,3
881,2515,1
881,1035,1
881,2902,3
881,1967,3
881,814,2
881,1883,3
881,728,1
881,332,4
881,2093,3
881,1203,4
881,2548,2
881,2615,4
881,1028,3
881,3137,1
881,2378,2
881,1305,1
881,421,2
881,275,2
881,2498,1
881,2389,2
881,1023,4
881,2968,1
881,2471,4
881,782,4
881,1292,3
881,940,2
881,328,1
881,1682,2
881,2459,2
881,2413,2
881,1371,4
881,1175,3
881,2611,4
881,383,4
881,2947,3
881,2752,2
881,553,1
881,2949,1
881,1204,4
881,2149,3
881,408,2
881,2579,2
881,486,3
881,914,4
881,3709,3
881,2139,3
881,1334,2
881,3639,4
881,702,1
881,2581,4
881,3654,1
881,2405,3
881,3598,2
881,3584,3
881,3771,1
881,432,2
881,2336,3
881,3769,3
881,3702,1
881,2038,2
881,1010,4
881,2779,2
881,2840,1
881,1278,3
881,606,3
881,1422,2
881,3837,4
881,2951,2
881,1613,3
881,1249,3
881,2985,3
881,1242,3
881,2161,4
881,2448,4
881,737,2
881,3751,4
881,2995,3
881,2712,3
881,2401,4
881,2907,3
881,3385,4
881,1678,2
881,3177,4
881,378,3
881,3507,3
881,3081,3
881,2071,2
881,193,3
881,2642,2
881,1073,2
881,3476,2
881,3054,2
881,2633,1
881,1801,1
881,2025,2
881,2792,4
881,1399,1
881,224,2
881,840,3
881,26,3
881,2327,2
881,3103,1
881,957,2
4543,1178,2
2820,2611,1
2820,1952,2
1306,47,4
4305,2670,2
4305,3752,1
4305,3300,4
4305,2720,1
4305,3593,1
4305,2979,4
4305,3830,4
4305,482,1
1912,154,2
1117,1274,4
1597,1292,1
2802,2313,2
2802,2240,1
5473,1197,2
329,2033,3
2832,2759,3
2832,223,4
2832,3751,2
2832,3824,2
2832,2683,2
2832,648,1
2832,3623,3
2832,3618,2
2832,1132,4
5387,2947,1
5948,3114,4
5948,3897,3
1010,2928,2
1010,2149,3
1010,3543,3
1010,3680,3
1010,2795,1
1010,2970,3
1010,1968,3
1010,1288,3
1010,233,2
3051,3525,3
3051,2011,3
3051,3879,3
3051,548,2
5333,848,1
1579,2067,4
624,3929,1
1551,25,1
1551,2710,3
1551,3451,2
2944,3462,4
2041,638,2
4520,1500,1
4520,3300,2
3475,353,4
3475,2424,4
3475,3885,3
3475,1230,2
1219,3852,4
4829,674,2
4829,2346,2
3807,2410,2
3807,3274,2
3807,3441,4
3807,442,2
3807,1801,3
3807,2409,1
3807,1100,1
3807,2616,3
3807,303,1
3807,2405,4
3807,2403,3
3807,1391,1
3807,1918,1
3807,3638,3
3807,1597,4
3807,1676,4
3807,2002,3
3807,329,2
3807,780,4
3807,3576,2
3807,3740,2
3807,1375,1
3807,2641,3
3807,2393,4
3807,2001,4
3807,1101,4
3807,3107,2
3807,2006,2
3807,3753,4
3807,2662,1
3807,2115,3
3807,1527,1
3807,380,1
3807,1374,3
3807,2406,2
3807,3704,2
3807,3793,1
3807,1376,3
3807,480,4
3807,1372,2
3807,1127,4
3807,1580,1
3807,3703,4
3807,377,2
3807,2529,3
3807,1356,4
3807,3702,2
3807,1220,1
3807,1291,3
3807,592,1
3807,2000,2
3807,1200,4
3807,1201,1
3807,3418,2
3807,2028,4
3807,110,2
3807,2694,2
3807,3908,1
3807,1784,3
3807,1753,1
3807,356,3
3807,3061,1
3807,1210,2
3807,2541,4
3807,2012,4
3807,2059,1
3807,1222,1
3807,1373,4
3807,2640,2
3807,1956,3
3807,1885,1
3807,2528,4
3807,3919,1
3807,155,2
3807,990,4
3807,3918,3
3807,65,4
3807,2429,2
3807,2536,3
3807,2846,1
3807,327,1
3807,1124,1
3807,2146,3
3807,2639,2
1611,2706,4
1266,2579,1
1306,3264,4
1306,3500,3
1306,2336,2
1306,1581,3
1306,428,3
1306,782,2
710,2579,2
1733,1904,2
1421,3210,4
3433,2116,4
1051,3225,4
1051,2966,1
1051,1680,3
1051,988,4
1051,2689,2
1051,2243,1
1733,1889,3
1546,1234,2
1546,1304,2
1546,2542,1
5539,1732,4
4647,1249,2
5205,3916,3
5205,3914,3
5205,3408,1
5205,3225,4
5205,3952,4
5205,3510,4
5019,945,3
1551,1073,1
1551,247,2
1551,1721,4
1551,2183,2
1551,1834,1
1551,3147,1
1551,2571,2
1551,2176,2
1551,3176,1
1551,1950,2
1551,377,2
1551,1569,4
1551,1777,4
1551,357,3
1551,1183,2
1551,11,1
1551,1947,2
1551,2108,2
1551,902,2
1551,930,4
1551,1393,2
1551,2248,3
4823,2019,3
1551,2064,2
1551,1278,3
1019,804,2
1551,70,4
1551,1711,4
1551,3763,2
1551,1500,4
1551,1466,3
1551,1089,1
1551,3683,1
1551,2329,4
1551,527,1
1551,1267,3
1551,759,2
1019,1753,1
1019,6,2
1551,319,4
1551,1957,4
1551,3408,3
1551,931,2
1551,1222,4
1551,2627,4
1551,47,3
1551,2132,3
1551,2890,4
1551,2944,3
1551,3730,3
1551,1231,1
1551,260,3
1551,1235,2
1551,2959,3
1551,1276,1
1551,1172,1
1551,1207,1
1551,1198,3
1551,3007,3
1551,1247,2
1551,1673,3
1551,1953,2
1551,111,4
1551,1617,4
1551,750,4
1551,2028,4
1551,593,1
1551,1299,3
1551,903,4
1551,904,2
1551,3424,2
1551,2182,1
1551,296,4
1551,1219,4
1551,1213,2
1551,2858,3
1551,912,1
4543,3794,1
1912,2593,4
3773,1921,3
3773,3354,3
3773,3827,2
3773,3893,3
3773,3916,2
1551,913,4
1551,3178,3
1551,1797,4
1551,1230,1
5355,2118,1
5355,1610,3
5355,1343,2
5355,161,1
5355,2662,2
5355,2571,2
5355,1270,3
5355,1584,4
5355,1224,3
5355,3811,4
5355,1221,4
5355,3201,4
5355,380,3
5355,1356,1
5355,2037,1
5355,2173,2
5355,260,2
5355,1196,3
1647,2959,1
1647,3897,2
2106,3745,3
2106,2232,3
2106,3883,1
2106,2505,2
2106,1739,2
1624,2762,2
1624,1265,2
1624,1251,3
1624,3624,2
1624,3948,4
1624,2826,4
1624,3512,1
1624,3555,2
1624,3354,2
1624,3744,3
1088,852,2
1088,2385,4
1088,2975,4
1088,3457,1
2859,1171,2
1088,2590,4
2188,3949,4
5333,3885,1
4126,996,2
2451,3784,4
2451,3308,3
2451,2422,4
2451,2421,4
2451,2420,2
2451,1304,4
2451,3906,4
1395,93,4
1395,420,2
1395,3394,2
1395,1371,1
1395,2105,4
1395,7,3
1395,2193,3
1395,3527,4
1395,1653,4
146,3760,2
146,3099,1
146,3384,4
146,1953,3
146,3308,4
146,2716,2
146,1210,2
146,1965,4
146,1394,1
146,2150,2
146,2797,1
146,2194,4
146,1200,1
146,1293,4
146,3424,4
146,1961,4
146,2571,2
146,337,4
146,2762,1
1125,289,4
4448,3949,4
1125,1989,3
1125,1266,1
4823,3019,1
3652,1127,4
1291,3108,3
1291,1292,1
1291,1080,2
1291,3498,2
1291,3823,4
1291,1259,3
1291,594,1
1291,1234,3
1291,596,3
1291,954,4
1291,3342,2
1291,3424,3
1291,3359,3
1291,1233,4
1291,1213,2
1291,904,3
1291,1193,2
1291,1699,1
1291,2352,2
1291,3949,2
184,527,2
184,1396,3
184,2412,4
184,1198,3
3013,1893,1
1748,3101,4
1748,3120,4
1748,1419,1
1748,3497,2
1748,3494,4
1748,1678,2
1748,1791,3
1748,3255,2
1748,1049,3
1748,2795,2
1748,563,4
1748,382,1
1748,3108,3
1748,376,1
192,858,4
192,3556,1
1265,2505,2
5312,1912,3
5458,1889,4
5636,1889,3
195,2948,1
1733,3908,2
1710,2594,3
1710,555,1
1710,50,3
4432,1136,1
4432,3897,2
1390,1500,3
1390,3510,3
1352,3265,1
1748,2311,4
1748,999,1
1748,2031,1
1748,2948,3
1748,1292,4
1426,3911,3
5394,1171,1
1265,3745,4
1211,2948,4
1912,1913,1
1088,1701,1
1088,3580,1
5450,932,3
5450,914,3
2063,1024,2
3410,3160,2
2063,13,4
2063,1333,2
343,355,2
343,410,2
343,2124,1
1421,3424,4
5333,2509,4
2841,3831,3
2841,3556,3
2841,3905,1
2841,3514,1
1733,2169,2
1912,1199,2
1491,587,3
1491,1966,4
1491,1517,1
1491,1923,1
1491,3253,4
1491,3358,2
1491,1120,2
1491,1190,1
1491,3105,4
1491,3060,4
1491,593,1
1491,1095,1
1491,235,4
1491,2478,2
1491,1672,4
1491,1610,3
1491,246,2
1491,858,2
1491,3578,2
1491,3671,2
5333,3146,1
2063,3286,2
36,7,3
36,1292,4
1113,2542,2
1113,1809,2
293,3481,1
4169,1662,2
2969,2594,3
1164,3910,1
5539,515,1
5539,337,4
2820,3545,3
5333,662,1
343,2313,4
5333,2884,2
183,3649,3
183,3535,3
183,2858,1
183,2141,1
183,2124,3
183,412,2
692,1265,1
692,2312,4
692,1022,1
692,1968,3
692,2710,1
692,1270,2
692,2791,3
692,924,4
4543,2763,4
4950,3618,2
3054,3543,1
3054,1175,3
3054,3788,1
1291,3317,2
1291,1235,3
4934,3751,2
1265,3051,2
1265,1286,4
5473,1422,2
5473,377,1
5473,628,4
5473,3147,2
5473,47,4
5473,1267,1
5473,2819,4
5473,1892,2
5473,1597,1
5473,1645,2
5473,1092,4
5473,2467,1
5473,1591,2
5473,1779,2
5473,196,1
5473,1690,4
5473,1371,3
5473,2034,2
5473,2528,1
5473,3638,4
5473,1372,1
5473,780,2
5473,316,2
5473,2985,2
5473,3698,1
5473,1748,3
5473,541,1
5473,1270,1
5473,1653,1
5473,1584,2
5473,3471,2
5473,1027,3
5473,520,2
5473,1265,4
5473,3074,1
1120,3451,2
1120,455,1
1120,2123,2
1120,558,1
1120,2047,4
1120,2091,4
1120,2045,2
1120,2040,4
1120,709,2
1120,1920,2
1120,2687,1
1274,720,2
1274,1340,3
1274,2644,1
1912,1860,4
131,3182,2
4277,3555,2
4277,3615,2
5355,3755,1
5355,3555,1
5355,3510,3
5355,3578,2
5355,3893,4
1265,3471,1
1265,3264,2
1088,2797,3
1088,1088,4
1088,1429,2
1088,2155,3
1088,2161,3
1088,837,2
1088,3616,3
1088,3113,1
1088,2605,3
1088,2718,4
1088,31,1
1088,1253,4
1088,160,3
1088,3552,1
1088,3134,2
1088,1673,1
5689,3275,1
1291,1946,3
624,1217,4
3792,1810,1
3792,524,2
3792,2700,4
3792,1840,1
3792,2236,1
3792,2690,1
3792,1907,1
3792,2890,2
3792,1442,4
3792,2084,1
3792,3909,1
3792,3511,2
1061,3744,4
1061,2792,1
1061,2791,3
1061,3723,1
195,1997,1
1061,1197,4
1061,2863,1
1061,3360,3
1061,168,4
2810,1225,1
1061,2116,2
1061,3088,4
2859,778,3
2859,2683,1
2859,231,3
2859,141,3
2859,588,3
2859,736,2
2859,1517,4
2859,1923,1
2859,3114,3
3971,1073,2
3971,3865,2
3971,3798,1
1733,803,3
1088,2084,3
1088,2105,4
5825,3794,1
5825,3948,2
5825,3852,1
5825,3566,2
5825,3910,1
5825,3949,4
1088,1954,1
1088,1250,1
1088,3756,1
1088,1949,3
1088,3528,3
1088,1684,4
1088,509,2
1088,58,1
4823,3394,3
4823,3707,1
4823,3033,2
4823,2513,4
4823,2478,4
4823,2121,4
4823,2134,1
4823,3441,3
4823,2406,4
4823,3868,3
4823,1275,1
840,2302,1
840,3824,4
2489,2333,4
2489,3129,3
2489,2719,3
2489,3510,4
2489,3285,3
5397,235,1
5397,594,3
5397,1237,3
5397,2019,2
4823,2745,3
5312,1250,1
343,1833,3
195,2994,3
5333,3861,3
1912,3627,2
5539,3359,3
2859,1123,3
1415,3253,1
1415,2018,3
1415,3787,3
1415,2728,3
351,3159,1
2380,915,1
2380,1203,2
2380,3451,2
2380,914,3
2380,932,4
2380,902,1
2395,3363,4
2395,47,2
1141,2084,4
1141,2105,2
1141,7,2
2504,1459,1
1748,1265,4
1748,3359,3
462,516,4
462,2916,4
462,541,2
1733,3262,2
1010,3852,1
5333,3285,1
4950,1094,1
4950,3752,4
4950,3672,1
4950,2709,4
4950,1794,4
4950,1884,2
4950,2501,2
4950,2927,4
4950,3683,2
4950,947,3
4950,2278,4
2810,631,4
2810,3675,1
2810,3159,2
2810,1032,1
2810,1029,1
2810,3712,1
2810,337,2
2810,928,4
2810,3909,3
5424,1961,1
2119,3915,4
2119,3948,1
528,3852,4
753,2798,3
753,2799,4
753,2485,3
753,1584,3
753,491,4
753,2321,2
753,158,3
753,3914,4
753,3616,2
753,2042,2
753,1722,2
753,1713,2
753,2420,4
753,3257,3
753,3249,4
753,587,3
753,1073,2
753,2152,2
753,1021,1
753,310,2
753,2163,3
753,181,2
753,3248,1
753,1518,3
753,1644,3
753,2338,2
753,2987,2
753,3114,3
753,3908,4
753,3565,1
753,3273,3
753,24,4
753,2723,2
753,2581,4
753,3752,1
753,2761,3
753,2392,1
753,3826,1
753,3175,2
753,3510,2
753,3717,1
753,2716,2
753,3408,1
753,1911,2
753,2355,3
753,3863,2
753,2038,1
753,2710,1
753,2683,4
753,3754,2
753,2657,3
753,2762,3
753,2571,1
753,3785,2
753,1046,1
349,457,2
349,785,3
237,1682,4
1125,2160,1
3519,3854,1
1712,94,2
1712,2278,2
1712,21,1
1712,3552,2
1712,3071,1
1712,3169,4
1712,161,2
1712,1186,2
1712,2231,2
1712,45,1
1712,2401,1
1712,3111,3
1712,851,2
1712,555,3
1712,2795,3
1712,2022,3
1712,474,4
1712,497,2
1712,1909,2
1712,125,2
1712,1333,1
1712,2947,2
1712,3148,4
1712,1407,2
1712,2797,4
1712,2243,2
1712,2542,4
1712,3210,2
1712,16,3
1712,1994,2
1712,1080,4
1712,1095,1
1712,2194,2
1712,1291,3
1712,3035,4
1712,3396,1
1712,322,4
1712,588,4
1712,1084,4
1712,1082,3
1712,2944,1
1712,2687,4
1712,3163,1
1712,176,3
1712,3718,4
1712,32,4
1712,1079,4
1712,1393,1
1712,1258,2
1712,1263,2
1712,3074,3
1712,1302,3
1712,3671,1
1712,1784,3
1712,150,1
1712,3366,3
1712,2248,2
1712,2804,1
1712,2352,2
1712,951,1
1712,529,3
1712,1358,1
1712,2987,3
1712,86,4
1712,2702,1
1712,3176,2
1712,2763,3
1712,2907,3
1712,2840,4
1712,2961,2
1712,2724,4
1712,2395,1
1712,3617,4
1712,3273,2
1712,2560,4
1712,2906,2
1712,2598,1
1712,43,1
1712,3753,4
1712,2013,4
1712,24,2
1712,2490,3
1712,1959,2
1712,2502,4
1712,968,4
1712,3623,2
1712,2568,4
1712,3752,2
1712,3174,1
1712,2713,2
1712,2676,1
1712,785,3
1712,2995,2
1712,2688,1
1712,2712,1
1712,2861,1
1712,2428,1
1712,233,2
1712,2605,3
1712,3113,1
1712,2881,1
1712,2369,2
1712,3543,2
1712,2722,4
1712,2546,4
1712,3016,3
1712,3005,4
1712,3298,3
1712,2710,1
1712,2694,2
1712,2770,2
1712,3593,3
1712,3824,1
1712,3285,3
1712,2707,4
1712,2683,2
1712,2826,2
1712,3852,2
1712,3827,1
1712,2692,3
1712,1228,3
1712,3354,4
1712,3911,3
1712,420,3
1712,1371,3
1712,2146,4
1712,2105,4
1712,1339,2
1712,275,3
1712,515,1
1712,2240,1
1712,553,1
1712,2313,2
1712,337,1
195,2571,3
1265,653,3
1265,1126,1
1265,810,2
1265,3489,2
1265,1525,2
1265,2253,1
1265,673,3
1265,317,1
1265,1920,3
1265,2399,2
1265,1702,1
1265,60,1
1265,2,4
1265,546,2
1265,1750,2
1265,3802,2
1265,258,1
1265,160,1
1265,1862,3
1265,2827,2
1265,2053,4
1265,442,2
1265,2672,2
1265,1779,4
1265,256,1
1265,748,3
1265,185,4
1265,2528,3
1265,1876,4
1265,1917,4
1265,3300,3
1265,24,4
1265,780,4
1265,2046,1
1265,2600,2
1265,1676,2
1265,1396,4
1265,3863,2
1265,1909,1
1265,2529,1
1265,480,1
1265,3793,2
1265,1748,4
1265,3911,4
2023,1653,2
2023,1228,2
2023,923,1
2023,3317,1
2023,3300,2
2023,1206,2
2023,541,2
2023,215,2
1352,3030,2
1352,2933,2
1352,2830,4
5621,45,4
5458,1223,1
5458,595,2
2859,3705,1
310,3826,1
310,1541,3
310,3893,1
310,296,4
310,1307,3
310,3299,4
310,3225,1
310,3743,3
310,3751,2
310,2978,3
310,3536,1
310,1961,3
310,2692,4
1203,781,4
1203,2193,2
1203,3359,1
1203,2313,4
1203,2579,4
1203,2116,1
727,1183,2
3462,3535,3
737,2997,1
737,2289,2
737,2700,2
829,2700,2
1113,2764,3
1113,2194,1
1113,2912,1
1113,3632,3
1113,2594,4
1113,3852,1
4802,3155,4
2330,3948,3
3518,3863,4
3518,3854,1
1266,154,2
5458,3555,3
1125,183,2
624,3140,3
4765,107,4
4765,1064,1
4765,1017,2
4765,1012,3
4765,783,3
4765,2089,1
4765,616,4
4765,364,4
4765,1022,1
4765,3751,4
4765,262,1
4765,2687,1
4765,3634,2
4765,2917,2
4765,50,1
4765,1936,1
4765,1408,1
4765,161,3
4765,3406,4
4765,3448,1
4765,3062,3
4765,2427,2
4765,151,4
4765,1183,4
4765,2670,3
4765,1210,4
4765,3724,2
4765,1078,1
4765,2890,4
4765,110,4
4765,1263,1
4765,3654,3
4765,1224,4
4765,3545,1
4765,2944,2
4765,1222,2
4765,1242,3
4765,1939,1
4765,1262,2
4765,1299,2
4765,2028,2
4765,1208,3
4765,1204,1
4765,1250,2
4765,3196,4
4765,1178,2
4765,3471,1
4765,1214,4
4765,1270,4
4765,2664,2
4765,1240,4
4765,541,1
4765,750,4
4765,260,1
4765,1200,1
4765,1206,1
4765,1086,1
4765,1950,4
4765,1269,4
4765,800,4
4765,913,3
4765,903,2
4765,906,1
4765,1252,2
4765,950,4
4765,1964,4
4765,1284,3
4765,904,3
4765,914,1
4765,2081,2
4765,902,3
4765,1674,4
4765,1094,4
4765,3094,4
1912,490,4
4765,1197,3
4765,3685,2
4765,900,2
4765,2130,2
4765,915,3
4765,920,4
4765,1296,3
4765,2020,4
4765,969,4
4765,28,3
4765,1265,3
4765,907,4
4765,930,1
4765,3668,1
4765,1277,3
4765,1947,1
4765,899,4
4765,2396,2
4765,1247,3
4765,916,1
4765,1230,2
4765,945,2
4765,412,2
4765,515,4
4765,647,2
4765,1272,2
4765,2067,1
4765,928,1
4765,32,3
4765,3499,1
4765,3675,3
4765,232,2
4765,3054,1
4765,709,3
4765,940,4
4765,3701,3
4765,1280,2
4765,1353,4
4765,3251,3
4765,1393,3
4765,2870,4
4765,181,1
4765,1944,2
4765,952,2
4765,2866,2
4765,371,3
4765,2019,2
4765,1085,2
4765,3811,2
4765,2668,3
4765,2622,1
4765,1049,1
4765,2872,4
4765,3130,1
4765,3271,4
4765,1670,1
4765,1021,3
4765,924,3
4765,497,1
4765,1961,2
4765,374,4
4765,3182,3
4765,3015,3
4765,2745,2
4765,2648,1
4765,2367,4
4765,2011,4
4765,203,2
4765,1219,4
2022,2067,1
1912,2076,3
1851,3797,4
1851,3825,1
1851,3593,4
1851,3286,1
1851,3752,1
1851,3882,1
1851,3861,3
1851,3852,2
1851,3275,2
1851,3556,3
1851,3718,1
1851,3889,1
1851,2193,4
1851,3712,4
1851,35,2
1851,1339,3
1851,515,2
1851,2313,4
1851,3897,1
1851,337,1
1851,1255,2
1851,1251,1
3054,3910,1
5312,3510,1
5312,2829,3
1285,3192,3
1285,2579,2
319,3783,4
1912,3168,3
3053,2747,4
3053,1345,4
3053,3476,3
3053,2716,4
3053,2160,1
3053,2455,2
2918,3557,4
2918,784,3
2918,95,3
2918,231,1
2918,1917,3
2918,2,2
2918,724,3
2918,2306,2
2918,2683,1
2918,2249,1
2918,1339,3
2918,2710,4
2918,647,4
2918,2273,2
2918,2697,4
2918,367,3
2918,3266,3
2918,1120,2
2918,1810,1
2918,509,3
2918,2772,3
2918,3865,3
2918,3457,3
2918,3354,4
2918,3285,4
2918,3858,3
2918,3536,1
2918,3948,2
2918,3952,4
2918,3317,3
2918,3903,2
2918,3949,1
2918,3794,3
349,333,4
349,3180,2
349,3752,2
349,180,2
349,480,1
349,88,1
349,1892,4
4477,1918,1
4477,2404,2
4477,1772,1
4477,2352,2
4823,1953,2
5837,3510,1
5837,3624,2
5837,3753,3
5837,3793,4
5837,3952,1
5837,3578,3
5837,3897,1
5837,2111,4
5837,1982,3
5837,1646,2
3391,3273,3
3391,3514,3
3391,3755,1
3391,3328,1
1125,469,3
1274,1260,3
1912,1103,4
5333,3537,1
1643,2726,1
1643,1329,4
1643,2900,2
1643,2517,4
1643,2459,1
1643,2120,3
1643,512,2
1643,273,1
1643,2976,3
1643,253,4
1643,1342,3
1643,2097,2
1643,2710,2
1643,3550,2
1643,3917,3
1643,2901,1
1643,1350,2
1643,968,2
1643,2780,2
1643,1347,3
1643,1130,4
1643,1321,1
1643,1345,3
1643,1994,2
1643,3576,1
1643,3676,3
1643,2455,2
1643,2644,2
1643,3081,3
1643,3018,3
1643,3932,1
1643,2716,3
1643,2648,3
1643,1278,4
1643,2550,4
1643,1333,4
1643,1997,1
1643,2664,3
1643,3499,2
1643,2982,1
4829,2542,2
1643,1779,1
1643,427,4
1643,2468,3
1643,2122,1
1643,3113,3
1643,540,3
1643,170,2
1643,3257,3
1643,1917,4
4829,1253,4
1643,79,3
1643,185,3
1643,1552,2
1643,426,2
1643,2699,4
1643,292,4
1643,376,4
1643,1544,2
1643,225,1
1643,288,3
1643,1608,4
1643,165,4
1643,1603,4
1643,1597,3
1643,350,3
1643,786,4
1643,3555,3
1643,1459,1
1643,3755,4
1643,1518,1
1643,2707,4
1643,3708,1
1643,2009,4
1643,3770,1
1643,3686,2
1643,3810,1
1643,733,2
1643,3798,1
1643,2344,2
1643,353,2
1643,3863,2
1643,2672,4
1643,2346,4
1643,481,2
1643,1092,1
1643,3249,1
1643,748,4
1643,1129,4
1643,3546,3
1643,2527,1
1643,3005,1
1643,454,2
1643,1645,2
1643,543,4
1643,349,1
1643,1573,2
1643,2490,2
1643,1625,2
1643,1615,3
1643,628,1
1643,3476,3
1643,161,2
1643,3101,3
1643,2551,1
1643,230,4
1643,2916,3
1643,190,3
1643,1343,2
1643,3203,1
1643,3267,4
1643,2178,3
1643,2184,4
1643,3952,2
1643,3505,4
1643,3176,4
1643,2349,4
1643,1480,1
1643,377,1
1643,1127,4
1643,1227,4
1643,373,4
1643,2118,2
1643,3204,1
1643,2176,1
1643,1834,4
1643,16,1
1643,47,2
1643,1249,1
1643,2160,4
1643,2819,1
1643,2871,1
1643,1674,3
1643,2202,2
1643,3147,2
1643,1086,4
1643,293,3
1643,1089,4
1643,965,1
1643,903,3
1643,593,1
1643,1264,4
1643,678,1
1643,2952,1
1643,2762,1
1643,2391,3
1643,111,2
1643,1212,4
1643,608,4
1643,904,1
1643,1219,3
1643,745,4
1643,908,2
1643,50,3
1958,3395,1
1958,2787,1
1958,2033,3
1958,2990,4
1958,3917,3
1958,541,3
1958,2468,3
1958,765,1
1352,2762,4
1451,3055,3
1530,3627,1
1530,2628,4
1530,1449,3
1530,2337,1
1530,353,1
1530,2712,4
1530,524,2
1530,1678,3
1530,321,2
1530,3755,4
1530,3514,4
1530,785,4
1530,1441,1
1530,2671,3
1530,909,1
1530,3317,1
1530,2617,2
1530,434,3
1530,786,2
1530,1918,4
1530,2002,3
1530,2273,3
1530,1101,4
1530,3763,4
1530,2528,1
1530,3107,3
1530,3300,1
1530,3000,3
1530,101,2
1530,3897,2
3503,2862,4
3503,1245,1
3503,1258,1
3503,2160,4
1317,528,3
4600,2723,2
1317,3796,4
1265,1381,4
1265,2241,4
1265,2615,1
1265,3388,1
1265,3791,1
1265,1088,3
1265,2311,2
1265,2469,3
1265,2416,1
1265,2054,1
1265,3844,3
1265,3591,1
1265,3497,3
1265,2990,1
1265,2145,2
1265,2261,3
1265,2114,1
1265,2081,2
1265,2005,1
1265,1297,4
1265,3210,1
1265,3526,2
1265,1246,4
1265,1967,4
1265,1257,1
1265,2144,1
1265,1079,4
1265,1968,1
1265,2248,3
1265,1097,4
1265,1767,2
1265,415,1
3475,3685,3
3475,2154,2
3475,517,3
1306,1565,4
1306,1717,3
1306,1678,4
1306,1183,4
195,3189,3
3462,3901,2
5621,3578,4
5621,858,2
5621,356,1
5621,2268,4
5621,441,3
5621,1587,1
5621,2677,4
5621,2539,4
5621,2706,3
1125,595,3
2060,2858,4
2060,1235,3
1317,920,4
1317,2450,2
1317,3864,4
1317,1882,2
1317,2986,2
1317,3802,1
1317,442,3
1317,3070,1
1317,2054,1
1317,2009,1
1317,1762,3
1317,196,4
1317,2091,1
1317,2528,4
1317,3926,4
1317,3699,1
1317,3032,4
1317,2315,2
1317,1690,3
1317,2513,3
1317,879,4
1317,724,4
1317,2121,4
1317,2097,3
1317,1717,1
1317,1407,4
1317,3905,2
1317,1274,1
1265,3454,2
1265,2581,3
1265,126,4
1265,2162,4
1265,2161,1
1265,460,1
1265,1416,2
1265,2125,1
1317,2825,4
1265,75,4
1265,2352,1
1265,3146,3
1265,1866,3
1265,2797,4
1265,54,4
1265,3325,3
1265,3900,1
1265,3299,1
1265,3794,3
1265,3784,3
1265,3565,4
1265,3858,3
1265,3786,1
1265,3301,2
1265,3882,3
1265,3785,3
1265,3893,2
1265,3852,3
1265,3536,3
1265,3617,2
1265,2707,4
1265,3483,4
1265,2793,3
1265,46,1
1265,3363,2
1265,2141,4
1265,788,2
1265,1113,1
1265,1895,2
1265,252,2
1265,450,4
1265,2436,4
1265,1711,2
1265,2598,3
1265,2387,3
1265,837,2
1265,801,2
1265,3477,1
1265,2171,3
1265,2723,2
1265,1457,3
1265,1410,3
1265,7,4
1265,1848,4
1265,2907,3
1265,3809,4
1265,380,4
1265,368,1
1265,2424,4
1265,2539,1
1265,3157,2
1265,1542,1
1265,141,2
1265,514,4
1265,2567,2
1265,205,4
1265,2706,4
1265,367,4
1265,2718,2
1265,1614,2
1265,597,2
1265,1648,2
1265,1441,4
1265,1569,4
1265,2302,3
1265,3174,1
1265,2155,3
1265,708,2
1265,1777,1
1265,2891,1
1265,2572,3
1265,1057,3
1265,2759,3
1265,11,2
1265,187,3
1265,3263,1
1265,2502,2
1265,2770,2
1265,3052,1
1265,2883,1
1265,2690,1
1265,3255,3
1265,1747,1
1265,1732,4
1265,1580,4
1265,3175,4
1265,440,4
1265,471,4
1265,1215,1
1265,1042,4
1265,357,2
1265,21,3
1265,838,1
1265,1188,1
1265,1845,2
1265,588,1
1265,1885,2
1265,1883,4
1265,2836,4
1265,2671,1
1265,2321,3
1265,1500,2
1265,497,3
1265,562,4
1265,322,3
1265,1784,3
1265,1923,2
1265,1641,4
1265,39,3
1265,223,4
1265,1265,1
1265,1,4
1265,356,4
1265,2599,1
1265,34,4
1265,2396,3
1265,3108,3
1265,2762,1
4933,1188,3
4933,1805,3
4933,2303,4
5458,3717,4
1912,3097,3
482,3950,4
5333,316,1
5333,623,1
1912,3671,2
5636,2231,3
3652,1770,2
5458,2231,2
3688,308,1
3688,1940,2
3688,1077,1
3688,1288,3
3688,3645,4
3688,3089,4
3688,1496,1
343,1036,3
3363,2858,4
3363,3,2
3363,1894,2
3363,1888,1
3363,1801,3
3363,2822,3
3363,1409,4
3363,287,1
3363,498,2
3363,48,1
3363,543,3
3363,3155,4
3363,236,1
3363,2802,3
3363,3528,3
3363,1043,4
3363,3436,1
3363,1380,2
3363,2581,3
3363,1835,4
3363,1821,1
3363,2875,3
3363,35,3
3363,1101,2
3363,1597,1
3363,2369,3
3363,380,3
3363,1441,3
3363,207,3
3363,605,4
3363,1959,2
3363,1353,2
3363,555,4
3363,2291,1
3363,3512,3
3363,222,4
3363,2243,3
3363,1767,4
4763,1912,3
3041,1393,1
5470,3626,2
5470,3752,3
5470,3755,4
5470,3618,4
5470,3756,1
1733,3718,3
195,3392,3
737,1584,3
737,1374,1
737,741,3
737,919,1
737,903,4
737,1207,2
737,933,4
737,1248,1
737,2427,4
737,2186,2
737,922,3
737,950,1
737,2391,1
737,2176,1
737,1198,1
737,908,3
737,1136,1
737,551,1
737,1244,1
737,1831,1
1958,3513,2
737,1387,4
737,3147,1
737,6,4
737,2178,2
737,1953,3
4277,2763,1
737,2291,3
737,1264,4
737,1263,2
737,1086,3
737,1466,3
4277,2579,3
737,2583,1
737,3730,3
4277,2313,1
737,3751,3
737,541,1
737,3683,4
737,3364,1
737,1230,4
737,2959,2
1943,2916,3
1912,1719,2
5825,3897,4
5825,3554,3
343,2881,1
343,2369,4
343,3258,4
343,2118,4
343,1344,1
4305,2453,4
4305,3797,2
4305,3328,1
2489,3617,2
2489,3556,2
2489,2341,4
4305,2478,1
4305,1588,2
4305,2918,3
4305,66,2
4305,2016,1
4305,1663,3
4305,1943,2
4305,1429,1
4305,3040,2
4305,2474,4
4305,387,1
4305,380,3
4305,2963,1
4305,3826,4
4305,2147,4
4305,2434,4
4305,2188,1
4305,2636,1
4305,12,3
4305,1329,4
4305,2699,3
4305,1200,1
4305,1214,4
4305,3535,3
4305,1019,4
4950,1339,3
4950,3682,1
4302,1909,3
4302,2424,3
4302,2100,3
5636,1265,2
4302,2380,3
4302,2378,2
4302,2420,4
4302,2735,4
4302,5,2
4302,1129,3
4302,3755,3
4302,3753,2
5458,333,3
4302,3185,1
4302,3408,4
5458,2918,2
5458,3039,2
5458,1499,1
5458,1265,4
5621,2712,3
5621,1083,3
3410,3952,2
3410,2761,2
3410,3000,1
3410,3798,2
5621,788,3
4448,553,3
4448,1029,1
4448,337,2
5333,1885,1
4089,441,2
4089,1266,3
4089,1213,3
4089,2447,3
1088,2971,3
1088,3475,4
1125,1955,1
5621,2120,4
5621,3101,3
5621,3793,2
5621,315,2
5621,1374,4
4543,3556,4
937,2880,1
188,2701,4
188,2600,1
188,2987,4
188,2702,2
188,2806,2
188,3384,3
188,2763,3
188,2670,1
188,2395,2
188,2686,3
188,2598,3
188,2560,1
188,24,1
188,2490,3
188,3219,4
188,2013,4
188,2723,4
188,3053,2
188,913,1
188,2526,1
188,3826,3
188,2688,2
188,2605,3
188,2428,4
188,2959,2
188,2599,2
188,3203,1
188,223,4
188,2433,3
188,2976,3
188,3863,1
188,3516,3
188,2710,4
188,3298,2
188,2770,3
188,2826,3
188,2699,1
188,3593,4
188,3879,1
188,3946,4
188,3316,3
188,3300,3
188,3452,3
188,3623,3
188,3744,4
188,3578,1
188,3717,1
188,3793,3
188,3827,1
4005,3906,3
4005,2774,3
188,1371,3
188,3712,3
188,2105,4
188,3682,1
188,3527,4
188,1653,3
188,1944,2
188,1251,3
188,2571,1
188,1945,4
188,1136,3
188,2762,1
188,1306,4
188,965,1
188,858,3
188,1345,1
188,1270,4
149,2972,1
149,1927,2
149,1219,1
195,248,2
4823,2810,3
2176,1517,1
1912,2289,1
1306,1769,3
1306,648,1
1306,3082,2
1306,2723,2
1306,165,2
1306,1047,1
1306,1916,2
1306,1722,4
1306,2167,4
1306,2273,3
1306,2006,1
1306,2353,4
1306,1370,4
1306,380,1
1306,2427,1
4126,1603,4
4126,1923,4
4126,3809,4
1421,260,2
5636,3524,4
5636,2518,2
5636,3925,1
5636,3035,3
5636,910,3
5458,1175,1
5458,910,1
3433,2381,1
1020,1339,4
1020,2193,1
1020,3527,1
1020,647,3
1020,553,4
1020,337,4
1020,1251,2
1020,3897,4
1020,1653,4
1020,2313,4
1020,1945,4
1020,1997,2
1020,1237,1
1020,669,3
1020,670,2
1020,668,3
1020,3578,2
1020,3415,1
1020,1232,3
1020,2314,1
1020,2707,1
1020,2706,2
1020,3179,2
1020,2683,1
1020,1127,4
1020,2858,1
1020,2826,4
2810,3248,3
2810,1894,3
2810,1494,3
2810,2236,2
2810,2161,3
2810,3623,1
2810,648,3
2810,1136,3
2810,2162,1
2810,258,1
2810,3255,2
2810,1485,4
2810,3186,4
2810,3388,1
2810,239,3
2810,1653,3
2810,3259,1
2810,2353,4
2810,656,1
2810,3615,2
2810,3408,3
2810,2605,3
2810,2739,2
2810,1562,4
2810,1499,2
2232,3756,4
2395,1845,3
3080,2067,4
3080,3471,1
3080,515,3
3080,1387,4
3080,2819,4
3080,1192,3
3080,3676,1
3080,1545,1
3080,589,3
3080,3551,2
3080,111,1
2489,2713,4
3080,2859,1
3080,1240,3
3080,154,1
3080,3198,3
2489,3286,4
3080,3196,4
3080,1428,2
1395,3838,3
1395,177,3
1395,2116,1
3080,2303,2
4823,1816,1
4823,2707,4
4823,2432,1
4823,2470,1
4823,784,4
4823,3274,2
4823,3243,4
4823,3528,1
4823,1027,1
4823,382,1
2810,3285,3
2810,3257,2
4823,1243,4
4823,1127,2
4823,466,1
4823,2616,3
2810,3176,4
2810,2657,1
2810,1474,3
4823,542,2
4823,436,4
2810,2504,4
2810,429,1
2810,1732,2
2810,2546,3
710,3830,4
3834,3897,3
840,1927,1
3013,719,4
4823,2686,4
1088,374,4
1088,2109,3
1088,1888,4
1088,2759,2
1088,362,2
1088,3081,1
1088,86,1
1088,1485,4
1088,2606,4
1088,2295,4
1088,500,2
1088,203,3
1088,484,1
1088,2294,1
4305,1086,3
1088,1648,2
1088,2316,1
1088,48,2
1088,3453,1
1088,1848,4
1088,2354,2
1088,2195,2
1088,1542,2
1088,3298,1
1088,2145,4
1088,253,4
1088,3,4
1088,1586,1
1088,332,4
1088,2827,2
1088,3489,1
1088,3324,3
1088,415,3
1088,918,4
1088,2387,2
1088,1381,2
3051,1701,2
3051,3387,4
3051,1307,4
1088,1933,2
1088,3355,3
1088,2565,1
3051,1394,2
3051,3324,4
3051,2717,2
3051,1049,3
3051,587,2
1088,2375,4
1088,2126,2
1088,13,2
1088,3117,3
1088,2987,4
1088,2498,2
1088,104,4
1088,1643,2
1088,2313,2
1912,1278,4
1579,3793,2
3475,2917,3
3475,1220,1
3475,3107,1
3475,1214,1
3475,3706,2
3475,3683,4
3475,2959,2
3475,17,3
1579,913,1
293,3174,3
2944,72,1
2944,2096,3
2944,588,1
2944,2081,4
2944,594,1
2944,1029,2
2944,595,1
2944,2018,3
2478,2116,4
5090,3548,2
5090,3451,4
5090,971,2
5090,3019,4
5090,2132,3
5090,3447,3
5090,1952,1
5090,2502,1
5090,21,2
5090,3476,2
5090,288,2
5090,3418,1
5090,1095,3
5090,1343,4
5090,440,2
5090,1357,1
5090,3100,1
5090,1643,4
5090,1641,4
5090,3175,1
5090,3052,1
5090,477,3
5090,1633,4
5090,1678,3
5090,551,4
5090,319,3
5090,1537,2
5090,1904,1
5090,3083,1
5090,2359,3
5090,1923,2
5090,2761,4
5090,1500,4
5090,2908,3
5090,1610,4
5090,1120,1
5090,3499,4
5090,1682,3
5090,2321,1
5090,232,3
5090,1041,3
5090,2912,1
5090,1673,1
5090,493,1
5090,1635,2
5090,2165,4
5090,1719,4
5090,2067,3
5090,3712,2
2944,2028,3
2944,1193,2
2944,50,3
2944,923,3
2944,1196,2
2944,720,2
2944,318,4
5090,3949,1
5090,1233,4
5090,3289,1
2944,21,2
2944,2406,1
2944,728,4
2944,2321,3
2944,3893,1
2944,1060,4
2944,101,1
2944,342,3
2944,1285,1
2944,562,1
2944,3397,3
2944,1500,3
2944,2144,1
2944,1784,4
2944,39,1
2944,1261,3
2944,2174,1
2944,2791,3
2944,1968,1
2944,1028,4
2944,3072,1
2944,2248,2
2944,34,4
2944,235,3
2944,1223,2
2944,3396,4
2944,1235,3
2944,1278,2
2944,700,2
2944,2300,1
2944,1136,2
2944,1734,3
2944,745,4
2944,1265,2
2944,1094,4
2944,497,3
2944,3684,3
2944,2020,4
2944,1197,4
2944,17,2
2944,28,3
2944,1850,2
2944,364,1
2944,2794,1
2944,1678,2
2944,920,3
2944,1923,2
2944,580,2
2944,818,4
2944,2375,4
2944,1297,1
2944,2145,2
2944,1962,1
2944,2746,2
2944,3261,1
2944,2634,1
2944,3744,4
2944,1917,2
2944,2137,2
2944,380,2
2944,150,4
2944,1225,2
2944,3526,1
2944,110,1
2944,551,4
2944,1019,1
2944,64,2
2944,432,2
3128,2348,1
3128,3317,2
3128,936,4
3128,2502,2
3128,2492,2
624,3703,4
624,1260,1
3128,2351,4
872,1653,2
872,1251,1
872,2762,2
3423,3784,1
2820,3897,3
2859,367,4
1088,1655,3
1088,810,4
1088,2974,2
1088,1208,3
349,3448,2
195,926,4
2944,3793,3
2944,2337,4
2944,3909,1
2944,3597,3
2944,3176,4
2944,2485,2
2944,2724,3
2944,43,1
2944,1513,2
2944,2692,3
2944,2093,4
2944,24,2
2944,2502,1
2944,3325,3
2944,2568,1
2944,2581,2
2944,2805,1
2944,2390,2
2944,2690,1
2944,2333,2
2944,3717,2
2944,2580,1
2944,3175,1
2944,2959,1
2944,3159,4
2944,2428,3
2944,2828,3
2944,1093,1
2944,223,4
2944,2541,2
2944,2355,2
2944,2037,3
2944,2908,1
2944,2694,4
2944,3004,3
2944,2827,4
2944,2706,1
2944,2699,2
2944,2683,1
2944,2572,3
2944,2858,4
3550,480,1
1551,50,1
1551,1086,2
1551,162,3
1837,1212,3
1837,3396,1
1837,1964,1
1837,924,2
1837,2731,4
1837,750,4
1837,306,3
1837,1276,2
1837,919,1
1837,97,4
1837,912,4
1837,1310,1
1837,2204,1
1837,3091,4
3652,1198,1
3562,2617,3
4791,3362,1
4791,3733,1
4791,1947,3
4791,293,4
4791,290,3
624,3871,2
528,3267,2
2376,2579,3
5312,2546,2
5312,1617,1
4656,3355,4
3624,3510,1
2781,2952,2
2781,1274,1
2781,16,4
2781,2391,4
2781,1260,4
2781,1200,2
2781,3793,4
2781,2987,3
2781,2337,4
2781,2763,3
2781,2961,3
2781,3512,1
2781,3753,1
2781,2901,2
2781,968,2
2781,3623,1
2781,2606,4
2781,3510,3
5046,412,2
5046,515,2
2781,2575,3
2781,2772,2
2781,3615,1
5046,930,2
5046,3897,3
2781,3203,3
2781,3016,4
2781,2546,3
2781,3751,2
2781,2827,3
2781,2019,3
2781,1104,2
2781,3911,3
2781,2366,3
2964,3006,3
2964,1198,1
2964,296,4
2964,3095,3
2964,1280,4
2964,265,2
2964,1259,3
2964,1617,3
2964,608,4
2964,1103,4
2964,2599,3
2964,1084,1
2964,1230,4
2964,1086,4
2964,1206,2
2964,903,4
2964,898,3
2964,1267,2
2964,524,4
2964,1104,1
2964,919,1
2964,1193,4
2964,913,3
2964,2871,3
2964,1204,3
2964,1939,1
2964,899,1
2964,912,4
2964,926,1
2964,922,3
2964,2858,2
2964,1252,2
2964,923,4
2964,1219,3
2964,904,4
2964,3435,1
2964,3949,3
2964,527,1
2964,908,4
5621,1126,2
4823,3624,3
1912,3022,3
624,2704,2
624,3780,1
1733,2271,3
1063,3300,2
1063,3555,4
1063,3863,3
1063,1580,1
1063,3175,1
5874,3535,1
5874,3948,4
5874,3185,3
5874,3893,3
5874,750,3
5874,1834,3
5874,2686,2
1088,799,3
4842,3888,2
4802,2959,2
422,2288,1
422,1909,1
422,2009,4
422,3527,1
422,1580,2
422,480,4
422,2662,3
422,3375,2
422,1374,3
422,1396,3
422,1077,1
422,2554,2
422,1206,1
422,1127,4
422,3471,4
422,1196,2
422,1200,3
422,750,3
422,32,3
422,2232,1
422,1240,1
422,1270,2
422,1253,2
422,1230,2
195,2779,4
1265,3883,2
343,432,4
343,2517,4
343,3811,1
4791,3175,2
1306,3624,4
691,2173,3
691,3039,3
691,1405,3
691,1393,4
691,2671,4
691,3735,3
691,1784,2
691,1131,3
691,3114,4
691,3733,2
691,3362,1
691,2137,2
691,3547,4
691,2348,1
691,2245,1
691,2859,1
691,785,3
691,2890,4
691,2920,2
691,2919,3
691,2248,2
691,3424,1
691,608,4
691,994,4
691,2384,1
691,1080,1
691,3608,2
691,3253,4
691,3210,2
691,34,3
691,1,1
691,3751,2
691,2302,3
691,1965,4
691,224,1
691,2064,3
691,3893,1
691,1235,2
691,1079,1
691,3481,4
691,1285,3
691,1292,4
691,2997,3
691,1966,3
691,2788,4
691,1238,1
691,2239,4
691,1468,1
691,2369,2
691,3524,3
691,1339,2
691,357,1
691,39,4
691,1183,2
691,3684,4
691,1059,3
691,899,4
691,509,3
691,265,2
691,417,2
691,2006,2
691,1580,4
691,1676,2
691,1527,2
691,2993,1
691,2985,2
691,3703,2
691,1304,4
691,3418,2
691,110,2
691,3683,4
691,1200,2
691,1653,4
691,1240,3
691,2916,2
691,1264,3
691,1249,2
691,2571,1
1306,1307,1
1306,3753,3
1306,101,3
1306,2134,2
1306,1541,1
1306,3552,4
1306,11,1
1306,663,4
1306,3078,1
1306,920,1
1306,3809,3
1306,1954,1
1306,2803,1
1306,3423,3
1306,1747,1
2544,3783,3
2544,3492,4
2544,1069,1
2544,3134,1
2544,1280,2
2544,3364,4
2544,2784,3
2544,2927,3
1306,45,2
2544,1627,2
2544,3002,4
1306,3556,3
3229,3952,1
3229,3189,4
201,3901,2
4169,3149,2
4169,2577,3
412,3168,1
4169,3127,4
5991,2273,1
4169,2656,4
4169,2223,3
5991,1339,3
5991,337,3
4169,3721,1
4169,3515,4
2944,3408,3
2944,3512,1
2944,3536,2
2944,3948,4
2944,3751,3
2944,3535,1
2944,3481,3
2944,3897,3
5394,3835,2
5394,836,2
5394,1882,2
5394,3063,3
5394,267,2
5394,95,4
5394,2808,3
5394,434,4
5394,1599,1
5394,1920,1
5394,2445,3
5394,1627,3
5394,3697,2
5394,1037,3
5394,185,1
5394,196,2
5394,849,4
5394,288,2
5394,504,4
2898,3702,2
2898,1096,4
5394,3489,1
5394,1690,3
5394,422,3
5394,340,3
5394,1603,2
5394,18,1
5394,586,3
2898,1080,4
5394,2694,3
5394,1372,4
5394,145,4
2898,1097,1
5394,482,3
5394,869,4
2898,1307,4
2898,1982,1
2898,1036,4
5394,1717,3
5394,3082,2
5394,1464,1
5394,1422,3
5394,780,4
5394,2278,3
2898,2947,1
5394,368,2
5394,2583,3
5394,198,3
5394,1429,2
2898,3461,4
5394,1658,3
2898,1387,4
2898,1200,1
5394,861,1
5394,112,2
2898,589,3
2898,1240,2
2898,1350,2
5394,733,3
5394,999,2
5394,1676,1
2898,1136,3
2898,3703,3
5394,2952,2
2898,1214,4
5394,2294,2
2898,760,1
5394,2273,4
2898,1198,1
5394,1407,2
5394,595,3
2898,1196,3
2898,720,3
5394,2280,2
2898,1747,4
2903,1381,1
2903,2712,4
2903,2762,4
1101,25,2
1101,2815,1
1101,880,2
1101,2338,2
1101,246,2
1101,2054,4
1101,610,4
1101,3481,4
1101,1704,1
1101,2004,1
1101,920,3
1101,2717,1
1101,2023,2
1101,1271,3
1101,446,2
1101,3210,4
1101,3615,3
1101,2135,4
1101,1748,4
1101,78,2
1101,724,4
1101,435,1
1101,2122,2
1101,1250,1
1101,1968,3
1101,3298,1
1101,2530,4
1101,1292,3
1101,1287,1
1101,2012,3
5394,3794,3
5394,3514,2
5394,3863,3
5394,3624,3
65,2815,3
65,3066,1
65,1298,4
65,3448,4
65,1294,3
65,1090,1
65,1250,4
65,3552,1
349,1499,3
692,1639,1
4543,3328,4
1912,913,1
1301,2692,4
1301,3317,1
1088,3006,4
710,3571,3
5636,2253,3
5636,2193,1
5636,1256,3
3172,858,4
3172,28,1
3172,745,1
4305,1327,4
4305,2683,3
4305,3798,3
4305,86,1
4305,2840,3
4305,3176,3
4305,2702,1
4305,2762,3
4305,2395,1
4305,2485,1
4305,2806,3
4305,2734,1
4305,3753,1
4305,1959,2
4305,3623,4
4305,3354,1
4305,2490,3
4305,2581,3
4305,2526,4
4305,2568,2
4305,3409,1
4305,785,1
4305,3238,2
4305,2676,1
4305,2688,1
4305,3863,1
4305,1911,2
4305,2605,2
4305,2355,2
4305,2433,2
4305,3408,3
4305,2888,2
4305,3004,4
4305,2827,3
4305,2770,1
4305,2842,1
4305,3285,2
4305,3793,1
4305,3624,1
4305,2635,1
4305,2826,3
4305,2901,3
4305,3930,4
4305,2647,4
4305,2746,4
4305,3932,4
4305,2652,4
4305,1339,1
4305,3928,4
4305,1994,1
4305,3897,3
4305,3551,1
4305,1263,4
4305,3196,1
4305,36,2
4305,296,4
4305,2028,2
4305,1276,1
4305,1299,4
2802,2628,2
2802,1339,3
2802,1272,2
2802,412,2
2802,515,1
2802,337,4
127,2346,2
127,830,3
4258,2381,1
4258,3691,3
4258,3690,3
4258,2794,4
4258,2468,4
4258,2378,1
4258,3846,4
4258,2247,4
4258,3685,2
4802,337,3
4934,1028,3
4934,2375,3
4934,2249,4
3285,209,3
4305,1136,2
4305,3908,2
4305,1272,4
4305,2694,4
1912,260,2
1912,1258,1
1912,1198,3
1912,457,3
1912,357,2
1912,1997,2
1912,223,1
1912,1405,3
1912,1200,4
4387,3396,3
4387,3397,4
4387,2269,1
4387,1970,4
4387,813,2
4387,1460,3
4387,786,2
4387,2996,4
4387,2048,3
2225,3331,2
2225,3060,3
2225,673,1
2225,1216,2
2225,2788,1
1101,3366,3
2225,2114,3
2225,3203,3
1101,2808,1
1101,1923,3
1101,2100,2
1101,1779,4
1101,194,3
1101,1258,3
1101,3698,3
1101,1619,3
1101,2395,2
2225,1104,4
1101,2410,2
1101,2411,1
2225,1396,4
1101,3949,3
1101,1298,2
1101,2307,4
1101,508,1
1101,3098,3
1101,3766,4
1101,2116,1
2225,1945,3
2225,1027,2
2225,2108,4
3648,3299,4
2225,2628,1
2225,784,3
3648,3752,2
3648,3825,1
3648,3594,2
3648,3863,2
3648,3784,3
3648,3298,3
3648,2769,1
2225,370,3
3648,2253,4
3648,275,1
3648,2146,2
2225,316,4
2225,1293,3
2225,3728,3
3648,1662,4
3648,1029,3
3648,594,4
2225,2339,4
2225,3577,3
2225,1135,2
2225,3173,1
2225,2741,4
146,1295,2
146,1212,4
146,2936,1
146,915,3
146,1186,2
146,2212,1
146,951,1
146,938,1
146,1466,1
146,1340,3
146,3684,2
146,965,1
146,3481,1
146,3408,3
146,1371,2
146,1527,4
146,1653,2
1780,3243,2
1780,1617,4
146,1221,4
146,858,2
4600,2725,2
1780,105,2
1780,2476,3
1780,3388,4
1780,432,3
1780,3671,3
1780,1939,4
1780,48,4
1780,3623,3
1780,2496,4
2489,2841,2
2489,2331,3
3483,3649,2
3483,2329,1
3483,1440,3
3483,3534,3
3483,1608,3
2489,2961,1
2489,3173,4
3483,3355,2
3483,3189,3
2489,3548,2
2489,3061,4
2489,2712,4
2489,3148,2
2489,3466,4
2489,3316,2
2489,3185,4
2489,2997,2
3483,3188,1
5394,2671,1
4305,2572,2
4277,781,4
4277,2146,2
1912,1350,4
1733,1502,4
3475,3949,2
3475,1204,3
3475,3536,2
5011,3753,3
5011,3889,3
5011,2077,2
5011,1237,3
5011,3000,2
349,2605,1
3503,1298,1
3503,3317,3
3503,2253,3
3503,275,2
3503,2146,3
3503,1339,2
5458,3250,3
3503,647,1
5458,431,4
3503,2325,1
3503,3950,2
3503,2579,1
3503,2076,1
4277,3906,1
4277,3183,1
4277,3010,4
4556,1682,2
4556,1721,2
4556,592,1
4556,153,3
4556,3793,1
4556,1544,4
4556,480,3
4556,2804,1
4556,3717,1
4258,2692,3
4763,3185,1
4823,1748,2
1733,1057,1
1579,2822,4
1579,1573,2
1579,2712,2
1579,1274,3
1579,2572,4
1579,3504,1
1579,2731,4
1579,1945,3
2225,3911,1
2225,3916,4
1812,135,2
1088,2520,1
3013,653,3
3685,508,1
3685,2617,1
3685,3826,2
1010,3716,1
1780,2273,1
1780,3916,3
1733,1773,2
528,172,2
1202,483,1
528,3536,3
1202,1610,4
1202,2171,1
1202,1921,4
1202,3863,4
5956,3176,2
3013,3105,4
840,580,3
1019,3140,3
1019,3645,1
1019,2692,4
1019,3948,1
1019,3851,1
1019,3328,4
1019,3897,4
1354,3756,4
2451,1584,3
2451,1356,1
2451,1373,2
2451,1973,3
2451,370,3
1556,1024,1
1556,2092,1
1556,3599,2
1556,1248,2
1556,165,3
1547,919,4
1547,2493,1
2860,152,2
1599,3188,1
4305,3578,1
4305,3785,2
4305,3510,1
4305,337,4
4305,3147,1
4310,3785,1
4310,2628,3
4310,2146,2
4310,594,3
4310,3527,2
1912,483,4
1733,2290,2
2176,2710,2
2176,3298,4
2176,2294,1
2176,1377,3
2176,592,3
2176,153,4
623,3317,1
3590,2282,1
4085,3483,2
195,1961,2
195,2111,2
4085,2116,1
5458,1387,1
5458,1256,3
624,3462,2
1317,218,3
1317,2710,3
1317,3671,4
1317,2174,2
1317,420,2
4543,3147,2
1317,3018,3
411,282,4
411,141,3
411,3252,1
411,62,4
411,543,1
411,367,2
411,2496,2
411,1703,3
411,2302,2
411,10,1
411,647,3
411,1923,2
411,2916,3
411,1672,1
411,2539,2
411,1721,3
411,590,1
411,506,2
411,1727,2
411,349,4
411,2395,2
411,2268,1
411,3044,4
411,2390,2
411,480,4
411,1356,1
411,1396,2
411,230,4
411,3175,1
411,531,2
411,272,2
411,1584,2
411,538,2
411,110,3
411,2611,2
411,3179,4
411,1271,1
411,1061,1
411,21,1
411,2570,3
411,25,1
411,2883,1
411,381,2
411,281,2
411,150,3
411,73,2
411,2571,2
411,3100,3
411,475,3
411,3079,3
411,728,4
411,492,4
411,307,3
411,3105,1
411,509,3
411,2686,4
411,36,2
411,2501,4
411,34,4
411,1682,2
411,529,1
411,1266,2
411,1123,3
411,595,3
411,306,2
411,341,1
411,412,2
411,457,3
411,700,1
411,3418,1
411,1694,1
411,1617,4
411,1089,3
411,2966,3
411,296,3
411,28,2
411,1931,4
411,3578,4
1317,1625,2
343,2266,2
343,1304,1
343,1339,2
343,419,4
343,3928,4
3410,3741,1
131,101,2
1587,523,4
1587,2336,1
1587,1032,3
1587,3785,3
1587,1875,4
1587,3016,4
1587,3249,3
1587,3421,2
1587,1907,4
1587,1274,3
1587,2884,2
1587,140,3
1587,2953,2
1587,1167,4
1587,1991,2
1587,1985,1
1587,3910,1
1587,1974,4
1587,2092,2
1587,62,4
1587,1037,3
1587,1022,4
1587,419,1
1587,906,4
1587,1701,2
1587,486,2
1587,3124,1
1587,2571,2
1587,594,1
2453,2455,3
2453,2787,4
2453,253,3
2453,3785,2
2453,2003,1
2453,1982,1
2453,2120,3
2453,1994,4
2453,2716,4
2453,1214,4
2453,1387,4
2453,2950,4
2453,3436,2
2453,2906,2
2453,2259,4
2453,3452,3
2453,3584,4
2453,2875,1
2453,81,3
2453,1088,3
2453,736,2
2453,2157,4
2453,2620,3
2453,471,2
2453,2626,2
2453,1059,3
2453,1597,2
2453,1101,2
2453,2589,1
2453,3524,4
2453,539,2
2453,2502,3
2453,3414,3
2453,1226,4
2453,912,4
2453,3527,1
2453,786,2
2453,3706,3
2453,3101,1
2453,2917,2
2453,3949,3
2453,3005,4
1306,3362,3
1306,1231,3
1306,3421,3
1306,3845,4
1306,2791,3
1306,2248,2
1306,3915,4
5087,3952,1
5087,3911,1
5087,1242,4
5359,1278,4
349,2841,3
2105,2692,1
2376,541,3
624,50,3
624,908,1
3041,3895,4
3041,3484,3
3041,318,2
3041,3861,3
3041,879,4
3041,3826,1
3041,3409,1
195,1228,1
349,2797,3
1252,3756,1
1142,2763,3
235,2897,2
1266,101,3
235,638,1
235,2193,2
235,1527,2
235,3712,3
235,412,2
235,1278,1
235,1202,3
1988,3851,4
1599,2531,2
2176,2859,3
65,1797,4
4647,2284,2
349,260,2
349,377,3
349,1210,4
349,1198,4
349,296,3
349,1291,3
349,1704,3
349,2023,3
349,1196,1
349,786,3
3821,2184,2
3462,3074,3
3041,3555,3
3041,3784,4
3041,3510,3
3041,1608,4
1505,2717,3
1505,2375,2
3041,1339,4
1505,2290,2
1505,3501,3
1505,1395,4
3041,1653,4
1505,1297,2
1505,2100,4
1505,2750,3
1505,1958,3
1505,3526,2
1505,3685,1
1505,2406,2
1505,2065,2
1505,3039,1
1505,921,4
1505,2349,3
1505,3072,2
1505,1259,2
1505,1965,4
1505,3521,4
1505,2064,1
1505,1394,4
1505,1288,1
1505,1080,3
1505,1136,3
3041,2340,4
1505,3188,3
195,1587,2
5394,2021,1
5394,2643,4
5394,2119,2
5394,3877,2
5394,2449,3
5394,2748,2
5394,1981,3
5394,2816,4
5394,2450,2
5394,2642,3
5394,2615,2
5394,1373,4
5394,2399,3
5394,2376,3
5394,2123,1
5394,2121,2
5394,2846,4
5394,2641,4
5394,2105,3
5394,2311,1
5394,1033,1
5394,2990,3
5394,2917,2
5394,610,1
5394,1376,4
5394,2139,1
5394,1967,1
5394,2115,4
5394,2455,1
5394,538,2
1579,1250,2
1579,3196,4
1579,909,2
1579,1304,2
1088,1281,3
1088,1956,3
1274,2654,3
3462,2447,3
791,2126,1
791,1370,1
791,832,1
791,1343,3
791,546,3
3285,2883,1
791,1588,2
791,586,3
791,661,1
3285,3162,2
791,3712,4
791,515,3
235,3749,1
1980,2550,4
1980,3826,2
2022,1285,3
1202,1289,4
1202,2966,1
1202,220,3
1202,2618,1
3681,3948,1
3681,3897,1
3158,3745,2
192,1307,2
192,1032,3
1243,1251,2
1243,1221,2
1243,2542,1
314,1907,1
314,3505,2
314,3176,3
314,247,3
314,1300,3
314,2182,3
314,2861,1
314,1784,4
314,1653,1
314,1265,1
314,3011,1
314,246,2
314,1938,1
314,2599,2
314,1962,4
5312,3827,4
314,933,2
314,1465,4
314,1200,3
314,2243,2
314,3365,4
314,3159,3
314,2300,3
314,1096,3
314,3105,2
314,1086,1
314,2396,4
314,2398,1
314,3897,2
314,951,4
314,953,2
314,969,4
314,898,3
314,926,4
314,910,2
314,1242,4
314,916,2
314,1276,1
314,1387,3
314,899,1
314,1198,4
314,2804,3
314,903,3
314,3121,4
2504,858,4
2504,1221,2
2504,2023,4
2504,923,3
2504,1212,3
2504,2809,3
2504,760,1
2504,2633,1
2504,3946,3
2504,3564,4
2504,3740,3
2504,2706,1
2504,3702,1
2504,2528,4
4842,3748,3
3550,2723,4
3285,2827,1
3285,225,2
3550,3396,3
4831,2959,3
5387,3719,2
5387,3831,1
5387,3794,1
5387,3897,1
4934,3028,3
4934,3341,2
2655,3174,1
2655,2629,4
2655,913,3
2655,3752,3
2655,2392,4
2655,785,4
2655,2761,3
2655,2719,2
2655,3826,1
2655,3453,4
2655,2995,3
2655,2688,2
2655,2716,4
2655,3510,2
2655,2580,4
2655,3175,2
2655,2333,1
2655,3578,4
2655,2428,2
2655,3238,1
2655,3409,4
2655,2959,1
2655,2712,3
2655,2605,3
2655,3408,2
2655,3113,2
2655,2888,2
2655,2599,3
2655,2718,2
2655,2336,3
2655,2369,3
2655,2881,1
2655,1093,2
2655,2759,1
2655,1911,4
2655,3203,2
2655,3016,4
2655,2147,3
2655,2541,4
2655,3751,3
2655,2355,1
2655,3863,4
2655,3005,4
2655,2710,4
2655,3857,4
2655,2908,1
2655,2694,2
2655,3298,1
2655,2771,4
2655,2770,4
2655,2997,1
2655,2555,4
2655,3285,3
2655,3051,4
2655,2707,2
2655,2706,2
2655,2699,1
2655,2683,2
2655,2827,1
2655,1127,3
2655,2858,3
2655,2572,4
2655,2826,1
2655,2492,2
2655,3534,2
2655,1961,3
2655,3513,4
2655,3060,1
4934,58,3
1748,599,3
1748,1147,3
2176,2391,2
2176,2712,2
2176,2076,3
2176,3897,3
727,486,3
2176,1333,3
2176,1197,3
2176,3676,1
2176,2022,4
2176,1924,3
2176,931,1
2176,2019,1
1142,2329,4
2362,2247,1
5413,3916,4
2362,125,4
5413,1221,4
5413,858,3
5413,2116,4
1655,3911,4
1655,3481,4
3620,1060,3
1291,3712,1
1291,647,3
1291,1240,2
1291,3319,4
4624,314,3
4624,3752,3
4624,3751,3
4624,3155,3
5892,1653,1
5892,1921,4
5892,2232,2
5892,780,4
5892,1909,2
5892,671,3
5892,1584,3
5892,2571,4
5892,2916,3
5892,718,1
5892,480,4
5892,1580,4
5892,3175,4
5892,3882,3
5892,736,4
5892,472,3
5892,1305,4
5892,1862,1
5892,2827,3
5892,1396,2
5892,2291,2
5892,594,1
5892,3081,3
5892,2442,3
5892,1596,3
5892,2144,3
5892,2111,4
5892,1777,4
5892,1186,2
5892,2387,3
5892,2522,3
5892,107,1
5892,492,3
5892,2968,4
5892,1894,3
5892,2712,4
5892,2359,3
5892,3094,2
5892,2285,3
5892,3646,4
5892,1835,4
5892,2106,1
5892,2288,4
5892,597,4
5892,2967,3
3620,1261,1
3620,1645,2
3620,3949,3
3620,3770,3
3620,1302,4
3620,3317,1
3518,3155,3
1426,372,2
2860,2502,2
2860,535,3
2380,1136,4
5621,1327,4
5621,1228,1
5621,1584,2
2451,3175,4
2451,3159,2
2451,1282,4
1274,3552,2
1274,3505,1
1274,1173,4
1274,2345,3
1274,3360,4
1274,3685,4
1274,3684,4
1274,3071,4
1274,2070,4
1274,3072,2
1274,3018,2
1274,3496,3
1274,1674,1
1274,2020,3
1274,1307,3
1274,2852,2
1274,3021,4
1274,1079,2
1274,1238,1
1274,2349,3
1274,1186,1
1274,1096,2
1274,1288,3
1274,2068,4
1274,3223,1
1274,1211,4
1274,2744,2
1274,1218,2
1274,2897,4
1274,2238,3
1274,1269,4
1274,928,3
1274,2927,3
1274,1944,4
1274,930,2
4785,2442,4
3757,1214,2
3757,2034,3
3757,1270,3
3757,2174,4
1165,3000,4
1165,1197,2
1165,2054,4
1165,3479,4
1165,3683,2
1051,2320,1
4647,3534,2
4477,1198,4
4477,380,1
4477,2993,1
4477,480,1
4477,2406,1
4477,3178,1
4477,2991,1
4477,10,1
4477,377,1
4477,2947,1
4477,3639,4
4477,1036,4
4477,2951,4
4477,1240,1
4477,6,4
4477,589,3
4477,1954,4
4477,1210,3
4477,1291,4
4477,1610,2
4477,2571,2
4477,1196,4
4477,1201,2
4477,110,3
4477,2028,3
795,2481,3
1425,2100,1
1425,236,4
5488,2997,4
5488,3317,4
496,2761,4
1425,3893,1
1088,1095,3
1088,2067,4
3143,2839,1
3143,1280,1
3143,3435,3
3143,858,3
5359,931,2
5359,1234,2
1141,275,4
1141,2985,1
1141,1029,1
1141,2067,2
1058,1263,4
1058,3498,3
1058,3421,1
1058,3671,2
1058,3204,4
1058,3503,4
1058,1272,2
1058,2303,1
1058,1244,3
1058,1234,3
1058,3362,2
1058,3504,4
4802,3350,3
5458,1952,3
5458,306,4
1733,3208,2
1202,236,3
1202,70,4
1202,3052,1
1202,1517,3
1202,441,2
1202,2542,2
1202,1845,3
1202,919,4
1202,2105,4
1202,3404,2
1202,2890,2
1202,111,3
1202,1042,3
1202,327,3
1202,1923,4
1202,196,2
1202,1779,1
1202,1894,4
1202,2019,1
1202,2391,1
1202,2986,4
1202,904,2
1202,1219,4
1202,300,4
1202,1994,1
1202,3219,3
1202,185,3
1202,2822,4
1202,2991,4
1202,2108,2
1202,2001,1
1202,1485,2
1202,1408,3
1202,2054,4
1202,2550,1
1202,1179,1
1202,2947,3
1202,3510,1
1202,2620,2
3519,3250,2
1524,1711,4
1142,2253,3
4697,3863,2
4294,2795,1
4294,2423,2
4294,1461,2
4294,1023,2
4294,2683,4
4294,2273,4
134,2028,2
5493,3751,4
5394,3931,4
5394,3933,4
5394,3780,2
5394,1019,3
5394,2087,2
5394,1022,1
5394,2662,2
5394,910,3
5394,1030,3
5394,2034,3
5394,2009,4
5394,3066,1
5394,2090,2
5394,2640,3
5394,1345,3
5394,2193,4
4294,1036,2
5394,3600,4
5394,2057,1
5394,2017,3
5394,1017,2
5394,3927,4
5394,2015,4
5394,2529,2
5394,2085,4
5394,2160,3
4294,2571,4
4294,377,3
4294,1619,4
4294,647,3
5054,3935,4
5054,1248,2
5054,2626,1
1912,1617,3
1088,1876,4
349,3685,2
349,2194,3
4867,3623,2
4600,1274,3
4600,1753,3
4867,3578,1
1421,1732,1
3550,3791,3
874,1333,4
874,1258,2
874,2366,2
874,1387,3
874,1219,2
874,1348,3
874,2664,3
874,3018,4
874,1269,2
874,2208,1
874,903,1
874,950,2
874,942,4
874,904,2
874,1212,2
874,3730,2
874,969,2
874,1441,3
874,1176,2
874,858,1
874,2315,4
4823,1210,1
4823,1196,4
4823,260,1
2271,1203,1
2271,965,4
2271,930,1
2271,903,1
2271,1256,3
2271,1945,3
2271,1069,4
2271,899,1
2271,3095,4
2271,1219,3
2271,3468,2
2271,908,1
2271,950,1
2271,3435,3
2271,923,2
343,1784,3
343,11,1
343,3754,1
343,2133,1
343,3253,2
5097,3948,1
5097,3893,1
5097,3481,3
5097,3911,3
5097,3317,4
5097,3897,1
5097,3146,1
5097,2829,4
5097,1968,2
5097,3074,4
5097,2525,4
5097,2791,3
5097,1095,1
5097,1680,3
5097,1914,3
5097,3387,1
5097,2065,4
1748,1961,4
1701,3020,3
1701,2059,3
1701,1399,1
1701,1487,4
1701,3107,2
1701,2145,2
1701,253,1
1701,290,2
1701,229,1
1701,509,4
1701,73,2
1701,1498,2
1701,3478,1
1701,224,1
1701,1810,3
1701,3844,2
1701,345,2
1701,351,4
1701,14,1
1701,647,4
1701,2245,1
1701,1619,4
1701,3045,1
1701,11,2
1701,3308,1
1701,1061,4
1701,1584,1
1701,2341,4
1701,832,3
1701,280,2
1701,222,3
1701,848,1
1701,2427,3
1701,1401,1
1701,538,1
1701,3255,2
1701,2420,3
1701,764,3
1701,175,4
1701,3125,1
1701,1747,3
1701,2240,3
1701,35,4
1701,767,3
1701,1693,1
1701,2739,3
1701,151,4
1701,2439,3
1701,3684,1
1701,281,3
1701,1186,1
1701,2474,3
1701,3250,3
1701,412,2
1701,3477,3
1701,2112,3
1701,3181,2
1701,805,3
1701,2001,4
1701,3118,4
1701,2125,1
1701,1120,2
1701,1190,2
1701,3893,2
1701,1873,2
1701,2272,2
1701,3916,2
1701,1124,2
1701,1672,3
1701,1357,3
1701,425,3
1701,1480,1
1701,279,1
1701,26,1
1701,62,1
1701,1633,4
1701,2071,2
1701,1059,2
1701,3448,2
1701,314,1
1701,300,4
1701,3252,2
1701,1085,3
1701,3178,4
1701,2114,1
1701,322,2
1701,477,1
1701,272,3
1701,2236,4
1701,3108,2
1701,2000,1
1701,475,1
1701,3260,4
1701,3246,1
1701,36,3
1701,1680,1
1701,1041,4
1701,1465,2
1701,1095,4
1701,261,2
1701,41,1
1701,21,3
1701,1957,2
1701,1271,4
1701,1914,4
1701,1721,4
1701,1246,2
1701,3317,4
1701,1624,4
1701,1968,2
1701,1955,4
1701,2020,1
1701,232,1
1701,562,4
1701,446,3
1701,971,2
1701,2442,4
1701,94,4
1701,83,1
1701,1935,2
1701,1050,1
1701,3720,4
1701,1784,2
1701,1643,3
1701,16,2
1701,1941,1
1701,428,2
1701,3424,4
1701,1958,3
1701,2890,1
1701,1962,2
1701,1185,1
1701,3067,1
1701,2268,1
1701,1960,2
1701,1954,4
1701,1730,2
1701,3386,4
1701,3068,3
1701,1719,2
1701,529,2
1701,3105,2
1701,1639,1
1701,3296,4
1701,3347,4
1701,3271,2
1701,1942,2
1701,800,2
1701,1097,3
1701,2398,1
1701,3471,3
1701,2352,1
1701,534,2
1701,3071,2
1701,953,2
1701,1245,3
1701,1961,3
1701,1132,1
1701,1936,1
1701,308,4
1701,1228,2
1701,1231,1
1701,1302,1
1701,3006,2
1701,1259,3
1701,2357,3
1701,2329,2
1701,2804,1
1701,1682,4
1701,1939,1
1701,1242,4
1701,1233,1
1701,1704,4
1701,909,2
1701,1293,1
1701,1263,2
3441,2692,3
3441,919,2
3441,1291,4
3441,1617,4
1701,2028,4
1701,3504,2
1701,1193,2
1701,994,2
1701,235,2
1701,1287,1
1701,2682,4
1701,3342,1
1701,1224,1
1701,2501,1
1701,1354,4
1701,1929,4
1701,2324,2
1701,954,1
3441,1200,2
3441,1219,4
1701,1411,4
1701,926,3
1701,1225,1
1701,1207,1
1701,306,1
1701,3713,4
1701,919,4
1701,296,4
1701,318,2
1701,1213,1
1701,307,2
1701,527,3
1701,707,4
1701,3706,1
1701,164,2
1701,1748,2
1701,1179,1
1701,541,4
1701,89,3
1701,1024,2
1701,370,4
1701,1940,4
1701,3302,1
1701,1022,4
1701,3711,3
1701,594,1
1701,2432,4
1701,2497,4
1701,150,4
1701,1881,3
1701,3052,2
1912,3456,3
1701,631,3
1701,298,2
1701,1104,3
1701,1081,1
1701,3526,2
1701,2297,3
1701,3608,1
1701,2745,3
3441,1089,3
1701,1678,3
1701,595,2
1701,1956,4
1701,3901,2
1701,3910,4
1701,321,3
1701,3189,3
1701,1090,4
1701,45,1
1701,329,2
1701,2871,1
3441,1225,2
1701,2022,4
1701,2088,3
1701,3943,1
1701,2430,1
1701,1223,1
1701,3418,2
1701,2289,3
1701,2109,3
1701,1884,4
1701,371,4
1701,902,4
1701,1057,2
1701,2339,1
1701,2470,2
1701,230,3
1701,1949,2
1701,1196,2
1701,3524,1
1701,1171,3
1701,3299,1
1701,468,1
1701,3451,3
1701,783,1
1701,1485,1
1701,2133,2
1701,991,2
1701,1028,1
1701,1092,2
1701,1978,4
3441,50,3
1701,2253,1
1701,3392,2
1701,1979,1
1701,413,3
1701,2146,4
1701,1371,2
1701,2023,2
1701,3528,4
1701,1608,3
3441,1198,4
1701,2628,3
1701,1339,1
1701,1527,2
1701,3712,2
1701,2985,1
1701,2579,3
1701,1285,2
1701,2006,3
1701,2193,2
1701,337,4
1701,515,4
1701,1029,1
3441,858,4
3441,1221,3
1701,3111,1
1701,1272,3
1701,1240,4
1701,1945,3
1701,1136,2
1701,923,1
1701,858,4
1701,1221,2
3441,3949,2
3089,1233,4
3089,17,4
3089,2875,2
3089,2028,4
3089,3513,4
3089,272,3
3089,3037,3
3089,252,4
3089,3147,3
3089,468,3
3089,838,2
3089,161,1
3089,1610,4
3089,3879,3
3089,412,2
3089,36,3
937,1371,3
937,1339,3
937,1653,1
937,412,4
937,3111,2
937,1945,2
937,1251,1
937,1136,4
937,548,2
937,3786,3
937,3173,4
20,1371,3
20,3527,3
20,1527,1
20,1240,2
20,3753,1
20,1375,1
20,2641,4
20,1694,2
20,1468,4
20,2858,1
20,3717,2
1943,920,3
1943,231,2
1943,164,1
1943,1086,3
1943,1036,2
1943,1552,3
1943,2413,2
1943,1968,4
1943,2997,3
1943,3210,3
1347,3756,3
1347,3851,2
4834,1199,4
4834,3067,4
4834,2352,4
4834,3019,3
4834,3342,2
4834,1258,1
4834,1674,4
4834,1036,4
4834,2020,1
4834,2194,1
4834,1259,2
4834,1217,3
4834,1096,3
4834,1231,2
4834,1394,2
4834,1131,4
4834,2859,1
4834,1132,1
4834,541,4
4834,1225,2
4834,527,2
4834,337,4
4834,594,4
4834,2067,3
4834,3111,3
4834,1136,3
4834,2023,4
4834,2193,2
4834,1953,1
4834,1608,3
4834,910,3
5172,3100,3
5172,2316,4
5172,2463,2
5172,3566,1
173,2457,4
173,1527,1
173,1608,4
173,1339,3
173,35,1
173,2023,1
173,412,3
173,3508,1
173,1285,2
173,2579,3
173,515,1
173,1029,4
173,163,4
173,3682,2
173,1046,1
173,337,3
173,1653,3
173,2313,2
173,3111,3
173,1272,1
173,594,2
173,1266,4
173,1185,4
173,2174,2
173,1293,2
173,1186,4
173,1242,1
173,3703,1
173,2076,4
173,1096,4
173,1131,1
173,3235,2
173,2248,1
173,1288,4
173,1968,4
173,1222,1
173,2020,2
173,1305,4
173,1132,3
173,2915,3
173,1172,4
173,3090,4
173,1960,1
173,3837,3
173,1079,2
173,1258,2
173,3543,2
173,3925,2
173,2104,2
173,1228,2
173,3811,1
173,2919,2
173,3036,2
173,1264,1
173,1225,3
173,1224,4
173,3731,2
173,3047,3
173,1035,2
173,1948,4
173,3668,2
173,2529,1
173,1083,3
173,902,4
173,1333,1
173,3366,4
173,1028,2
173,1947,3
173,2948,1
173,2863,4
173,2993,1
173,1949,2
173,2782,1
173,2780,4
173,3633,4
173,3681,4
173,2944,2
173,2949,1
173,1209,3
173,2947,4
173,2857,1
173,3654,3
173,2728,1
173,2067,2
173,1963,4
173,914,4
173,599,2
173,1276,3
173,2132,3
173,1572,4
173,1084,2
173,2729,3
173,154,4
173,1304,4
173,2732,4
173,2300,2
173,680,3
173,3241,2
173,3535,3
173,3915,2
5100,3897,2
349,2804,1
5333,3822,4
2272,2332,4
2272,2271,4
2272,1921,3
1912,3334,1
5250,2572,1
1202,3451,1
1202,3578,4
1202,3802,3
1202,1527,2
1202,3763,2
1202,1097,1
1202,3168,3
1202,2881,4
1202,2616,2
1202,1036,4
1202,3203,2
1202,442,2
1202,923,2
1202,1345,2
1202,95,1
1202,2770,2
1202,1968,4
1202,1333,3
1202,3107,2
1202,2699,2
1202,19,2
1202,2549,2
1202,173,3
1202,2034,4
1202,1910,1
2063,1361,2
2063,3484,4
5063,2797,3
1088,1926,1
1088,3498,4
1354,3527,1
1354,1272,2
5054,935,1
5054,909,3
4816,2441,1
5054,1927,3
5054,1225,3
5054,3077,4
5054,3499,3
4816,2594,2
5054,281,3
5054,3181,1
5054,448,1
5054,581,4
5054,2628,3
5054,2146,3
5054,1527,3
5054,2193,2
5054,35,4
5054,337,4
5054,1285,1
4816,3347,1
5054,965,4
5054,927,4
5054,954,4
5054,3792,4
5054,1942,4
5054,2612,4
5054,982,4
5054,3199,3
5054,3675,4
5054,2941,4
5054,2187,2
5054,952,1
5054,2184,2
5054,1943,2
5054,932,1
5054,2454,3
5054,2565,2
5054,2183,3
5054,900,1
5054,933,1
5054,3379,3
5054,938,3
5054,948,3
5054,2182,1
5054,3035,4
5054,1237,1
5054,3405,2
5054,3872,1
5054,2664,3
5054,2731,1
5054,1086,2
5054,969,2
5054,916,3
5054,1946,4
5054,3927,1
5054,2553,4
5054,2537,4
5054,2534,3
5054,2535,2
5054,2367,3
5054,2524,4
5054,1371,2
5054,2877,1
5054,2116,1
5054,2851,1
5054,2009,4
5054,3430,2
5054,3676,3
5054,2527,3
5054,1350,2
5054,2520,2
5054,1031,3
5054,2779,2
5054,1380,4
5054,2657,2
5054,3702,1
5054,1030,3
5054,3738,2
5054,1345,1
5054,3167,1
5054,3671,1
5054,1080,1
5054,1954,2
5054,1997,2
5054,1913,3
5054,3421,3
5054,1206,4
5054,1208,2
5054,1077,2
5054,2871,1
5054,3135,2
5054,1362,4
5054,2819,4
5054,3152,1
5054,1278,4
5054,2303,2
5054,3396,4
5054,3724,4
5054,1234,3
5054,1263,3
5054,610,3
5054,2003,2
5054,3844,1
5054,3101,3
5054,2100,3
5054,2407,3
5054,3203,3
5054,2746,3
5054,2750,3
5054,2115,3
5054,2406,3
5054,1081,1
5054,2467,1
5054,2247,2
5054,1395,3
5054,3684,4
5054,2068,3
5054,2988,2
5054,2639,1
5054,3685,2
5054,2917,1
5054,921,3
5054,1217,2
5054,3811,1
5054,1678,3
5054,385,3
5054,1095,2
5054,3914,3
2451,1401,2
1426,1200,1
4802,3105,4
1142,2502,1
3550,2411,3
3550,502,1
3550,2473,1
3550,2060,2
3550,653,2
3550,1091,1
3550,2505,3
3550,303,2
3550,2195,4
3550,3617,3
3550,1858,1
3550,180,3
3550,1721,2
3550,1884,4
3550,2271,4
3550,3760,1
3550,2109,4
3550,3246,3
3550,1777,4
3550,1078,2
3550,3253,2
3550,3296,4
3550,1921,1
3550,1263,4
3550,1517,4
3550,3546,4
3550,1953,3
3550,1997,3
3550,1208,1
3550,318,3
3550,3016,2
3550,223,3
1265,172,3
1265,1739,2
1265,3392,1
1265,528,1
1265,275,3
1265,413,2
1265,2400,1
1265,2146,1
1265,2628,2
1265,3712,3
1265,1029,4
1265,594,2
1265,337,3
1265,1527,4
1265,1653,4
1265,1285,4
2860,2683,3
2860,3190,4
2451,1544,1
2451,480,3
1912,3689,4
4277,3751,3
1912,3688,3
1912,1330,2
1912,818,1
1912,2794,2
1912,3263,2
1912,1257,1
1912,3448,1
1912,2883,4
1912,3869,3
1912,907,1
1912,3632,3
1912,2423,2
1912,3599,2
1912,2795,2
1912,1968,4
1912,1827,2
1912,3306,2
1912,3200,2
1912,936,2
1912,934,1
1912,915,4
1912,1079,4
1912,1281,1
1912,1172,2
1912,909,4
1912,947,4
1912,3462,2
1912,3629,1
1912,3307,1
1912,945,2
1912,708,3
1912,1196,1
1912,1276,2
1912,2355,3
1912,1927,1
1912,2413,2
1912,586,3
1912,262,1
1912,588,3
1912,1259,4
1912,3401,1
1912,674,4
1912,2615,2
1912,2006,1
1912,2987,2
1912,2352,3
1912,2019,1
1088,8,3
1088,238,2
3940,3188,1
4842,3911,1
3013,1680,3
678,2116,1
3821,1240,3
2909,419,3
2909,3715,1
2909,1837,3
2909,3387,3
2909,784,4
2909,344,2
2909,3590,1
2909,2469,1
2909,2829,1
2909,2861,1
2909,231,2
2909,3861,4
2909,3809,1
2909,371,4
2909,1476,1
2909,2472,3
2909,3948,4
2909,3301,2
2909,2247,3
2909,2423,1
2909,2359,4
2909,2302,2
2909,2770,3
2909,1958,3
2909,2671,4
2909,141,3
2909,45,1
2909,1883,3
2909,3317,2
2909,3362,1
2909,1707,3
2909,2953,2
2909,3157,1
2909,2033,2
2909,2294,4
2909,1282,1
2909,3672,1
2909,362,3
2909,2534,3
2909,2720,1
2909,2170,4
2909,2373,1
2909,3781,2
2909,3879,2
2909,2307,3
2909,3898,4
2909,3841,1
2909,3208,2
2909,2616,3
2909,384,3
2909,2965,3
2909,2162,1
2909,1881,3
2909,3908,1
2909,1326,4
2909,1328,3
2909,12,4
2909,1976,4
2909,1985,4
2909,2461,2
2909,3840,1
2909,1969,1
2909,1330,1
2909,1975,2
2909,2514,2
2909,1999,4
2909,3785,1
2909,1987,4
2909,1128,3
2909,2148,3
2909,1970,1
2909,2367,1
2909,1337,1
2909,1771,1
2909,2793,1
2909,2782,1
2909,2519,4
2909,2634,4
2909,2454,4
2909,2946,2
2909,1416,2
2909,2135,1
2909,3142,1
2909,1093,4
2909,257,3
2909,800,4
2909,1453,1
1912,434,2
2909,2950,1
1912,3766,1
2909,1381,4
1912,3767,1
2909,2558,1
2909,140,1
2909,2497,3
1912,786,4
2909,276,4
2909,207,2
2909,2369,4
2909,1088,4
2909,3206,3
1912,3740,3
1912,2993,3
2909,3528,3
1912,2662,4
1912,2949,4
1912,1785,1
2909,2633,2
1912,1233,1
1912,2948,2
2909,3536,1
2909,802,4
1912,3105,4
2909,224,4
1912,2655,1
2909,2053,1
2909,2021,1
1912,1339,1
2909,332,3
2909,3300,4
2909,2778,2
2909,1996,1
2909,2903,2
2909,891,4
1912,1251,2
2909,519,4
2909,172,4
2909,540,2
2909,3113,3
2909,103,1
2909,742,3
1912,2971,4
2909,3403,4
2909,2121,2
2909,1355,1
2909,2505,4
2909,3895,4
2909,662,4
2909,2179,2
2909,2263,2
2909,1869,2
2909,3755,2
2909,490,2
2909,2320,3
2909,100,4
2909,338,3
2909,1459,2
2909,2939,2
2909,1892,4
2909,2707,4
2909,3896,3
2909,3952,3
2909,3044,3
2909,3706,2
2909,2553,3
2909,3176,4
2909,2178,3
2909,2182,4
2909,2210,1
2909,2204,4
2909,2206,3
2909,319,3
2909,678,4
2909,293,2
2909,1260,1
2909,2186,4
2909,745,4
2909,2818,2
2909,473,4
2909,688,2
2909,2287,4
2909,1094,1
2909,3143,1
2909,2670,4
2909,897,4
2909,920,2
2909,487,1
2909,303,1
2909,3122,1
2909,266,1
2909,3368,4
2909,458,2
2909,3093,3
2909,964,1
2909,1008,2
2909,2896,4
2909,3451,3
2909,3271,4
2909,2075,1
2909,3929,4
2909,3147,4
2909,3421,2
2909,3713,3
2909,2687,2
2909,3554,3
2909,2324,1
2909,954,1
2909,3696,2
2909,235,2
2909,2692,3
2909,1631,3
2909,947,1
2909,3114,3
3693,170,2
2860,3566,3
2860,2442,4
3550,2384,4
624,3498,4
624,2890,2
624,1927,1
1912,25,3
1912,849,1
1088,2633,3
1088,1952,2
1088,1204,3
195,141,1
195,3785,1
195,111,3
496,1527,3
496,908,3
5424,708,2
5424,2598,3
549,3897,3
1556,3087,4
1556,1228,1
192,2762,2
192,593,4
192,3125,2
192,2894,4
192,555,1
192,3886,4
192,3481,1
332,164,4
332,2542,4
332,2231,4
332,50,3
332,57,3
1717,1340,2
1717,3788,1
1717,2971,1
1717,308,4
1717,908,3
1717,154,4
1717,2504,4
1717,3243,4
1717,1483,3
1717,365,3
1717,1453,2
1717,2598,4
1717,2763,3
1717,2387,2
1717,1475,1
1717,3053,3
1717,2505,2
1717,410,4
1717,95,3
1717,1552,2
1717,253,1
1717,3005,1
1717,1464,1
1717,155,1
1717,2025,1
1717,242,3
1717,380,2
1717,2683,2
1717,1711,3
1717,597,4
4126,1320,2
1717,1513,2
1717,2388,3
1717,2155,2
1717,372,1
1717,538,2
1717,254,2
1717,1627,3
1717,1721,3
1717,2433,2
1717,1680,2
1717,537,3
1717,766,4
1717,82,3
1717,539,4
1717,3476,1
1717,2707,4
1717,999,1
1717,2337,2
1717,288,2
1717,52,1
1717,367,4
1717,506,1
1717,3518,1
1717,3081,3
1717,1633,2
1717,199,2
1717,45,3
1717,1678,2
1717,3253,3
1717,305,3
1717,43,2
1717,345,1
1717,99,4
1717,2024,1
1717,1571,4
1717,2700,2
1717,161,4
1717,2353,3
1717,1120,4
1717,2384,1
1717,272,1
1717,1641,1
1717,1392,1
1717,556,4
1717,2439,2
1717,3052,2
1717,555,3
1717,1517,2
1717,2693,1
1717,1393,2
1717,461,4
1717,3163,4
1717,14,2
1717,428,2
1717,150,2
1717,1111,1
1717,232,4
1717,1729,1
1717,2712,4
1717,1466,2
1717,101,2
1717,1885,2
1717,2321,1
1717,1747,4
1717,1732,4
1717,515,1
1717,300,4
1717,58,2
1717,1187,2
1717,1449,4
1717,1625,2
1717,206,1
1717,1682,4
1717,1352,2
1717,3105,4
1717,235,2
1717,2336,2
1717,678,1
1717,3418,2
1717,2395,1
1717,3499,3
1717,223,3
1717,2333,3
1717,1704,2
1717,41,4
1717,1176,4
1717,265,4
1717,1089,2
1717,213,2
1717,565,3
1717,162,1
1717,334,4
1717,307,1
1717,2997,2
1717,1617,2
1717,2322,4
1717,2365,1
1717,3156,4
1717,674,2
1717,2021,2
1717,3032,4
1717,3408,2
1265,2546,2
1051,2996,4
1227,3854,3
1227,3240,3
1227,3902,2
1227,3535,4
1227,3786,3
1227,3408,1
1227,3556,3
822,2301,1
1227,3481,3
822,946,3
1227,3357,1
1227,3783,1
3378,1079,3
3378,1274,3
3378,2324,4
3378,1219,1
5841,2436,2
3203,3528,4
3203,1371,3
3203,2253,2
3203,1978,4
3203,2146,2
3203,1653,2
3203,1285,3
3203,2571,2
3203,1240,1
3203,1136,2
3203,923,3
3203,858,3
5621,1099,2
5621,3039,2
5621,953,3
5621,2023,3
5621,2134,4
5621,1240,3
5621,2628,2
5621,673,3
5621,2463,3
5621,1407,3
5621,2406,4
5621,1210,3
5621,293,4
5621,2467,3
5621,3638,4
5621,3948,4
5621,3255,1
5621,780,1
5621,1610,4
5621,234,4
5621,1263,3
5621,2407,2
5621,647,2
5621,22,4
5621,1405,4
5621,3897,1
5621,3649,1
5621,2791,3
5621,345,1
1306,2300,3
1306,1288,4
1306,2115,1
1306,2288,4
1306,2406,2
1306,21,3
1306,377,2
1306,1220,1
1306,3418,4
1306,1480,4
1306,1610,3
1306,1291,2
1306,1222,4
1306,1036,4
1306,1233,3
1306,2028,3
1306,2019,4
4543,627,3
4543,3745,2
1306,2501,2
1306,1265,4
1306,1394,2
1306,2289,3
1306,1228,1
1306,1250,4
1306,1235,4
1306,1278,3
1306,1482,1
1306,1358,1
1306,903,1
1306,1104,4
1306,910,3
1306,899,4
131,2759,1
131,2616,2
131,1217,2
3158,3783,3
3158,2355,4
3158,3052,1
3158,588,4
3158,1729,3
3158,141,3
3158,1784,2
3158,3266,3
3158,1923,1
3158,1611,3
3158,1873,4
3158,3271,4
3158,1673,1
3158,223,2
3158,318,2
349,428,3
1599,3534,4
4829,3893,3
4829,3317,2
3519,3863,1
3519,82,2
4543,3446,4
4005,3577,1
4005,3756,3
4005,154,3
2841,3859,4
2841,3328,2
2841,3855,2
343,2555,2
343,2987,3
343,3809,4
343,1947,1
343,903,3
5333,3951,3
5333,2721,4
5333,898,4
5333,1617,4
5333,3061,2
5333,357,1
5333,1784,4
5333,1042,1
624,2329,3
5333,2533,1
4771,307,2
4771,2357,4
4771,326,2
4771,3317,3
4126,204,2
4771,2063,3
4771,3874,1
4771,2585,1
4771,759,1
4771,864,4
4771,744,1
4771,1922,2
3518,2357,1
3518,3077,1
3378,1029,3
3378,594,2
1252,3554,2
1252,3893,1
1252,3317,1
1252,3912,4
1252,3408,2
5948,3862,3
1252,3752,3
1912,2467,4
624,1256,4
1912,3840,3
1912,2787,4
1912,3016,1
1912,1073,2
1306,3032,3
1306,2009,1
1306,2287,3
1306,3033,2
1306,2613,4
1306,1762,3
1306,3702,2
1306,1129,3
1306,968,1
1306,2495,4
1306,1200,3
1306,3932,3
1306,528,3
1306,1608,3
1306,3528,2
1306,515,4
1306,1285,1
1306,337,4
1306,1240,3
1306,1266,4
1306,1272,4
1306,858,2
1912,1286,4
1912,3692,1
1912,2371,4
1912,1273,4
1912,3868,1
1912,2989,4
1912,1127,3
4785,1198,1
4785,2686,4
2195,2116,4
349,1247,1
424,3827,1
349,2501,4
1943,2,3
5557,2539,1
311,457,1
311,1196,1
311,1198,4
311,260,1
319,3623,1
319,3289,2
319,3298,4
319,3272,3
319,3948,4
319,3747,1
319,1944,3
1274,2081,1
1274,594,3
1274,1223,2
1274,1148,4
1274,745,1
2451,2054,2
1912,2915,2
1125,27,4
3017,3741,3
3017,1304,3
3017,3819,1
3017,1204,4
3017,923,2
3017,1952,4
3017,912,1
2860,2418,2
2860,3703,1
2860,2362,2
2860,2110,3
2860,3471,3
2860,1673,3
2860,1269,2
453,3617,3
2860,2791,4
453,3744,1
5620,1029,4
453,3852,3
453,2337,3
2688,318,4
1088,923,1
1088,3870,4
4117,1196,1
4823,3179,3
4277,3796,1
5902,965,4
5902,1240,2
5902,1086,2
5902,589,4
5902,928,1
5902,2571,4
5902,1267,2
5902,1212,4
5902,1219,3
5902,1617,3
5902,1252,1
5902,1380,3
5902,1220,1
5902,1416,2
5902,938,4
5902,2394,2
5902,2080,2
5902,2941,4
5902,2078,4
5902,588,4
5902,907,3
5902,1035,1
5902,918,2
5902,900,2
5902,2946,2
5902,199,3
5902,914,2
5902,3545,3
5902,2971,1
5902,2863,3
5902,1265,3
5902,920,4
5902,969,3
5902,1296,3
5902,945,4
5902,912,2
5902,1247,1
5902,899,1
5902,2396,2
5902,1266,2
5902,1283,4
5902,1304,2
5902,1200,4
5902,924,2
5902,1270,3
5902,750,3
3013,1721,3
752,2327,1
752,3508,2
4312,319,4
157,3897,4
424,1892,3
424,339,2
424,1784,1
424,150,4
424,1687,2
424,1597,4
424,1620,4
424,920,3
424,3114,1
2969,172,4
2969,413,1
2969,2471,4
2969,2253,1
2969,3712,2
2969,1092,1
2969,1339,2
2969,2470,4
2969,1343,2
2969,3527,2
2969,2985,4
2969,2006,1
2969,647,3
2969,1321,1
2969,2313,2
2969,1240,2
2969,594,3
2969,1266,1
2969,1136,3
3471,3479,3
3471,3298,2
3471,357,4
3471,3064,2
3471,3186,4
3471,2996,2
3471,1211,4
3471,3060,3
1912,1374,4
1912,1376,2
1912,2640,4
1912,2628,2
1912,475,3
1912,3451,3
1912,1639,2
1912,1334,4
4277,3556,4
4277,3855,3
4277,3916,3
355,2306,1
355,239,3
355,2947,1
355,10,1
355,3269,2
355,1033,3
355,2291,2
355,3751,2
355,3911,1
355,2123,1
355,3897,2
4543,3623,4
3471,1673,4
3471,1257,3
3471,3710,4
1969,1059,1
1969,36,2
1969,1544,2
1969,318,3
3080,3006,2
3080,1748,1
3080,3007,3
3080,3786,1
3080,3535,2
3080,3948,4
3080,3536,3
3080,3882,2
3080,3578,1
3080,3793,4
3080,3408,4
3080,3859,4
3080,3751,2
3080,3783,1
3080,3949,3
3080,3897,2
3550,1267,1
1088,3435,3
496,761,1
1051,3717,3
1051,3752,2
1051,3798,1
1710,449,2
1710,101,3
1051,3882,3
5394,1921,1
5394,3408,4
5394,364,2
5394,1340,4
5394,1258,2
5394,29,1
5394,2176,2
5394,2686,3
1088,3244,3
1088,1927,1
5394,589,2
5394,918,1
5394,2947,1
5394,903,3
5394,3210,3
2860,585,2
1451,2693,3
1451,3117,2
1451,2710,4
1451,2694,2
2860,171,2
2860,1892,3
2860,379,2
2860,1485,2
2860,2706,3
2860,3219,4
2860,3204,3
2860,187,4
2860,2474,2
2860,3077,2
2860,1643,1
2860,474,3
2860,110,3
2860,3203,3
2860,230,2
2860,3246,3
2860,3044,4
2860,1949,4
2860,1954,4
2860,1885,3
2860,2728,2
2860,965,2
2860,1192,1
2409,594,4
2860,3548,2
2860,2612,3
2409,2067,4
1202,2010,4
1202,3201,3
1202,1082,2
1202,448,3
5450,3067,1
1202,1997,2
1202,953,1
1202,2959,2
1202,908,1
1202,1204,3
1202,1254,4
1202,1300,4
3652,673,3
3652,1907,4
3652,1688,3
3652,2081,3
3652,2139,3
3652,3213,4
3652,745,2
3652,1205,4
3652,2116,4
3652,3527,3
3652,610,1
3652,2985,1
3652,2140,3
3652,2288,1
3652,1301,1
3652,1584,1
3652,1653,1
3652,1210,4
2063,663,3
2063,126,3
2063,2162,4
1739,3579,1
2911,2676,3
2911,3453,1
2911,3826,1
2911,2716,4
2911,2688,2
2911,3159,1
2911,2712,3
2911,2881,3
2911,2541,2
2911,3824,2
2911,2699,3
2860,3300,3
1733,2993,1
4543,3555,1
2071,923,4
1912,2459,1
1001,953,3
149,2696,3
1202,3504,3
1202,172,2
1202,2146,3
1202,3076,1
1051,2826,3
1051,2961,1
1051,2963,4
1051,3004,3
1051,548,2
1051,802,2
1051,2166,1
1354,3556,2
1354,1554,1
1354,2331,4
1354,3947,4
1354,3915,4
1354,3238,2
1354,3545,3
1354,3130,4
1912,542,4
624,2019,1
624,2336,2
624,1678,2
624,2997,2
624,3100,1
624,529,2
2859,232,4
1051,61,3
2909,3379,4
2909,3685,1
2909,3174,2
2909,902,2
2909,2067,1
2909,1179,4
2909,746,4
2909,596,2
2909,1678,4
2909,2502,3
2909,263,1
2909,497,1
2909,3598,4
2909,2164,2
2909,1153,2
2909,837,1
2909,1178,3
2909,3200,2
2909,1394,2
2909,1269,1
2909,17,4
2909,2599,3
2909,2648,3
2909,3068,3
2909,1694,3
2909,914,4
2909,41,1
2909,1565,3
2909,3543,3
2909,3737,3
2909,2973,2
2909,1523,3
2909,940,1
2909,3311,2
2909,945,3
2909,929,2
2909,3928,3
2909,1212,3
2909,3599,2
2909,919,3
2909,3658,4
2909,951,3
2909,1230,4
2909,2398,3
2909,899,2
2909,971,2
2909,1203,4
2909,2714,3
2909,3364,1
2909,2203,3
2909,3678,4
2909,950,4
2909,720,4
2909,959,1
2909,3504,1
2909,2660,2
2909,1254,3
2909,750,4
2909,3659,2
2909,941,3
2909,771,4
2909,3115,4
2909,3133,4
5841,2420,3
2022,1265,1
2376,3430,4
3410,3006,2
3410,3826,2
1399,1517,4
1399,1103,2
1399,2890,3
1399,1729,3
1399,2716,4
1399,150,4
1399,1635,4
1399,2501,3
1399,2729,1
1399,2918,2
1399,916,2
1399,2176,2
1399,1197,1
1399,3421,3
1399,2333,1
1399,2064,2
1399,2959,3
1399,1086,2
1399,928,3
1399,904,4
1399,2329,1
1399,3949,2
1399,1203,4
1399,903,2
1399,3468,4
1399,2019,3
1399,1779,1
1399,1590,1
1399,2428,1
1399,327,2
1399,196,2
1399,1876,1
1399,2672,4
1399,1603,4
1399,1129,2
1399,316,4
1399,3698,3
1399,2628,4
1399,2012,4
1399,1205,4
1399,338,1
1399,780,4
1399,3527,1
1399,2600,4
1399,198,1
1399,1527,1
1399,968,3
1399,1921,1
1399,3175,4
1399,1127,1
1399,1199,2
1088,288,2
1088,2303,2
1399,3030,4
1733,2949,2
4579,1760,1
4579,2153,2
4579,1837,2
4579,1644,3
4579,2092,3
4579,1562,1
4579,2719,4
4579,1605,2
4579,984,4
4579,2961,4
4579,153,3
4579,1831,4
4579,485,2
4579,2546,2
4579,2605,3
4579,1438,1
4579,1917,1
4579,1855,1
4579,2906,3
4579,303,2
4579,3489,3
4579,182,2
4579,1541,4
4579,2574,1
4579,2558,4
4579,1417,4
4579,168,4
4579,1043,4
4579,2881,4
131,3819,3
4579,48,4
4579,2485,3
4579,609,4
4579,1835,3
4579,2723,1
4579,2894,2
4579,1801,2
4579,2617,3
4579,3051,4
4579,653,3
4579,2710,4
4579,380,4
4579,2616,1
4579,170,3
4579,2803,2
4579,2316,2
4579,2826,1
4579,605,4
4579,586,2
4579,2810,4
4579,1513,3
4579,780,3
4579,252,3
4579,1457,4
4579,2541,4
4579,1416,4
4579,2683,2
4579,2694,3
4579,1616,3
4579,1390,4
4579,3082,3
4579,1792,1
4579,2572,1
4579,1821,2
4579,1727,2
4579,1894,3
4579,3005,1
4579,2083,4
4579,1805,2
4579,2089,4
4579,236,4
4579,1688,1
4579,1047,2
4579,1485,3
4579,2724,1
4579,2273,2
4579,3186,4
4579,350,2
4579,253,3
4579,553,3
4579,1339,2
4579,289,2
4579,454,3
4579,7,3
4579,1892,3
4579,2189,4
4579,2581,1
4579,2353,2
4579,1566,1
4579,1721,3
4579,421,2
4579,2829,3
4579,1909,2
4579,2424,3
4579,2059,3
4579,3081,4
4579,361,3
4579,808,3
4579,2539,2
4579,1573,2
4579,1399,1
4579,40,3
4579,2763,3
4579,29,1
4579,1722,3
4579,1407,1
4579,597,1
4579,1777,4
4579,1672,3
4579,1243,4
4579,3175,1
4579,52,3
4579,1754,3
4579,339,4
4579,508,1
4579,1057,4
4579,3079,1
4579,539,1
4579,1747,1
4579,47,2
4579,2770,1
4579,261,3
4579,151,4
4579,2759,2
4579,1907,3
4579,783,1
4579,39,1
4579,1408,1
4579,3145,1
4579,2125,1
4579,3176,4
4579,838,4
4579,364,4
4579,2687,4
4579,1277,3
4579,497,3
4579,58,3
4579,2907,3
4579,3556,4
3652,594,2
1733,2948,3
1317,3067,1
1317,1230,2
1317,1343,3
1317,3176,4
1317,3147,2
1088,1398,4
1088,1676,4
2810,262,1
2810,1307,3
4085,3915,2
4085,3743,4
4085,594,2
4085,1029,3
4085,1136,2
349,2959,3
2063,3858,4
1912,1262,1
1912,3366,4
1912,1544,3
1912,2184,3
3693,2447,4
1969,480,2
1605,2801,2
2122,1272,2
2122,1240,3
4126,2394,2
4126,3528,3
4126,1027,3
3503,3469,3
3503,2179,3
3503,1235,1
3159,3317,1
3159,3798,1
3159,538,2
3159,2709,4
3159,1513,3
3159,1734,3
3159,266,1
3159,2336,3
3159,3794,1
3159,3786,2
3159,3858,4
3159,2908,2
3159,3535,4
3159,3179,4
3159,2572,1
1912,1260,3
1912,2412,1
1912,2979,3
1912,454,2
1912,507,2
1912,2271,3
1912,1480,4
1912,261,1
1912,1268,2
1912,1885,3
1912,1633,1
1912,306,4
1912,879,2
1912,364,1
1912,783,4
1912,427,1
5636,1047,2
5636,3555,4
5636,3911,1
1265,2232,1
1265,2060,4
3550,1834,2
1733,1306,3
1912,736,3
1912,1683,1
1912,58,4
1912,2448,2
1912,160,3
1912,379,3
1912,329,2
1912,2722,1
1912,466,1
1912,2986,1
1912,81,4
1912,1089,2
349,3148,1
1306,2883,4
1524,3535,4
1524,1393,1
1912,3072,3
1912,2243,2
1912,1296,2
1912,1674,2
1912,1299,2
1912,2070,2
1912,1097,4
1912,2779,2
1912,3724,2
1912,2730,3
1912,3201,4
1912,1845,1
1912,1394,1
1912,3468,1
1912,3654,3
1912,2565,2
1912,2398,4
1912,1068,1
1912,906,3
1912,897,1
1912,3870,3
1912,929,2
1912,2402,2
1912,3498,2
1912,2396,2
1912,928,3
5063,2059,1
5063,1013,1
5063,2959,1
5063,150,3
5063,17,3
5063,3269,3
1421,3253,3
3693,1623,4
1912,1932,3
1912,1940,2
1912,3159,1
1912,2652,1
1912,3250,1
1912,3083,1
1912,931,1
3471,3498,1
3471,29,4
1912,1246,1
3471,3114,3
424,2300,4
424,1654,4
1088,1935,1
4258,2116,2
1451,3206,3
1451,2497,3
1451,2262,3
1451,900,1
1451,899,4
1451,586,2
1451,2141,2
1451,3820,1
1451,3157,4
1451,2078,1
1451,2263,1
1451,422,1
1451,786,2
1451,3686,2
1451,3476,4
1451,2288,1
1451,1212,2
1451,1779,2
1451,2455,2
1451,3877,1
1451,3153,3
4802,2672,1
4802,3916,3
4579,2716,2
4579,2000,2
1912,1371,3
4579,2081,3
1912,2313,4
1912,1293,1
1912,1263,4
1912,914,3
1912,1948,2
1912,952,1
1912,1943,4
1912,1938,1
1912,3134,1
4579,2857,2
1912,1945,1
1912,2248,1
1733,2074,1
237,153,2
237,2011,3
1912,2160,4
1912,750,1
1748,2457,3
1748,1092,4
1748,3528,2
1748,2470,1
1748,3682,4
2918,3893,2
2918,929,2
2860,3948,3
2860,3753,2
5557,3897,4
5557,1221,2
2860,3911,1
169,2060,2
169,2529,1
1733,1546,2
1912,1240,2
1912,592,3
349,2944,3
1425,1955,1
1425,858,3
1425,2379,1
1425,2796,2
1425,2794,2
1425,2378,1
1425,2478,2
1425,2423,1
1425,2413,2
1425,2717,3
1425,2469,1
1425,3033,2
1425,2003,3
1425,3087,2
1425,3693,4
1425,3868,2
1425,2133,1
1425,2000,3
1425,3398,1
1425,3397,2
1425,1663,4
1425,3608,1
1425,1270,1
1425,2791,2
1425,1285,3
1425,1079,3
1912,1459,4
1912,165,2
1912,1370,1
1912,1921,4
1912,784,1
1912,2891,4
1912,441,1
1912,52,3
1912,1517,1
1912,2618,4
1912,2885,2
1605,190,1
1912,3051,1
1912,1613,1
1912,381,3
1912,2024,2
1912,3020,3
1912,372,1
1912,431,1
1912,2525,2
1912,2121,1
1748,3111,1
1748,1945,2
5948,3751,4
4277,803,1
4277,3886,1
667,3527,3
667,1339,1
667,1527,1
667,1343,2
667,2985,2
667,1240,4
667,2916,4
667,1285,4
667,1266,1
667,1221,1
667,1206,3
667,1222,3
667,2571,2
667,3897,3
667,2617,3
667,3785,4
667,2167,2
1912,101,2
1912,2185,1
1010,3182,3
1010,3316,1
1010,3826,4
1010,3798,1
1010,3863,4
1010,3535,4
1010,3896,3
4600,318,1
1010,3219,3
1010,3005,4
1010,1352,4
1010,2617,3
1010,695,1
1010,229,2
1010,1889,3
1010,2391,2
1010,3008,2
1010,3897,2
1010,2262,4
5222,1569,1
5222,2942,2
5222,2424,2
5222,3077,3
5222,2701,3
5222,3175,2
5222,1584,2
5222,2123,1
5222,586,1
5222,3157,1
5222,2081,4
5222,1022,1
5222,3897,4
195,2059,4
2544,2689,1
2544,2920,2
1160,3793,3
1160,2987,1
1160,2714,1
1160,2701,2
1160,2600,3
1160,1623,2
1160,3798,2
1160,3114,2
1160,3745,3
1160,3176,4
1160,3157,3
1160,2672,2
1160,2762,3
1160,2840,4
1160,2491,4
1160,2841,3
1160,3081,3
1160,2396,1
1160,2700,3
1160,3483,1
1160,3617,4
1160,3273,3
1160,2395,2
1160,2394,4
1160,2686,2
1160,2560,4
1160,2093,1
1160,3300,2
1160,3753,3
1160,2013,1
1160,2502,2
1160,2723,4
1160,2581,2
1160,2709,1
1160,3354,1
1160,3623,1
1160,3752,2
1160,2390,1
1160,3160,2
1160,2713,2
1160,2392,3
1160,2761,1
1160,407,3
1160,2676,2
1160,785,3
1160,2719,4
1160,2606,3
1160,2995,2
1160,2580,1
1160,2716,3
1160,3175,2
1160,3578,2
1160,2428,3
1160,2959,2
1160,2712,2
1160,3238,2
1160,2605,4
1160,2718,1
1160,2336,4
1160,3113,4
1160,2828,4
1160,3408,3
1160,3615,3
1160,2434,3
1160,2369,1
1160,1911,2
1160,2541,1
1160,223,2
1160,2722,1
1160,2546,2
1160,2355,1
1160,3751,1
1160,3786,2
1160,3005,1
1160,3298,4
1160,2976,3
1160,2771,2
1160,2908,3
1160,2710,2
1160,2694,1
1160,3285,2
1160,2997,2
1160,2975,4
1160,3593,1
1160,2555,4
1160,2842,3
1160,2707,4
1160,2699,2
1160,2683,1
1160,2706,4
1160,2826,4
1160,2492,3
1160,3534,1
1160,1127,3
1160,2858,2
1160,2549,1
1160,1363,1
1160,2028,1
1160,1673,2
1160,1447,2
2715,1376,2
2715,1375,4
2715,141,1
2715,2096,1
2715,1580,3
2715,1095,4
2715,3639,4
2715,902,1
2715,2991,1
2715,1135,4
2715,3868,2
2715,1994,2
2715,938,1
2715,1394,1
2715,1610,3
2715,1907,4
2715,3671,3
2715,2947,4
2715,2355,2
2715,480,1
2715,1035,4
2715,1258,4
2715,356,2
2715,1419,4
2715,595,3
2715,1345,3
2715,1294,2
2715,2872,2
2715,1247,4
2715,2078,2
2715,3035,4
2715,1210,3
2715,1291,3
2715,3034,4
2715,3649,1
2715,1953,2
2715,3088,4
2715,2160,2
2715,1136,2
2715,1206,4
2715,1225,2
2715,527,3
2715,912,1
2715,3926,4
2715,1544,3
2715,329,3
2715,780,3
2715,2105,3
2715,1372,3
2715,2657,1
2715,1301,3
2715,1019,3
1425,2453,1
1425,2420,4
1425,3251,3
1425,1246,4
1425,1683,4
1088,3724,2
1266,2534,4
1266,1978,3
1266,1739,2
1266,1979,2
1266,413,1
1266,1371,4
1266,1983,2
1266,3392,4
1266,2253,4
1266,2471,1
1266,2514,2
1266,2457,2
1266,1092,3
1266,3528,3
1266,2193,3
1266,2006,3
1266,412,4
1266,645,1
1266,1266,3
1266,1944,1
1266,1251,2
3462,1956,1
1117,3712,1
3224,3949,1
3224,3338,4
3224,745,1
3224,1148,2
3224,1608,4
3224,2146,3
3224,3677,4
3224,2985,3
3224,3528,2
3224,1266,4
3224,3897,4
3224,2751,4
749,950,3
749,2208,4
749,3908,1
749,2903,4
749,1972,3
749,1985,3
749,1389,2
749,3918,3
749,1971,3
749,1991,3
749,2785,1
749,2780,3
749,3837,4
749,3917,1
749,2826,1
749,2853,1
749,3928,2
1733,1091,2
5539,3943,1
1142,2296,4
1285,3181,4
1285,101,3
1088,587,2
1088,475,4
1088,909,4
1051,3852,3
1051,2155,3
1051,2318,4
727,2806,1
349,1193,4
343,2641,3
343,2083,1
343,3396,2
343,107,3
343,955,2
2063,2327,2
2063,2514,3
2063,1983,2
349,1136,1
1113,3022,3
4950,1272,1
4950,928,3
4950,3897,1
4950,2313,3
1265,3553,3
4829,316,2
4829,1748,3
4829,1175,4
4829,1653,1
4829,2600,2
2505,317,4
3475,1086,3
3475,2012,3
3475,34,2
3475,3155,2
3475,3040,1
3475,3363,1
3475,3702,1
3475,2408,4
3475,3033,2
3475,2134,1
3475,1957,1
3475,3361,4
3475,3397,1
3475,386,4
3475,1839,3
3475,1043,2
3475,2006,3
3475,1061,1
3475,1191,2
3475,1485,4
3475,492,4
3691,3949,2
3475,1396,3
3475,1639,3
3475,3617,4
3475,3948,4
3475,3852,3
3475,3317,1
3475,3578,3
349,2195,1
5100,3785,2
349,1220,3
1010,3188,1
2168,588,1
2168,2136,1
2168,500,1
2168,2469,1
2168,2290,2
2168,3882,2
2168,3033,4
2168,3760,4
2168,837,3
2168,2759,3
2168,2110,2
2168,414,1
2168,1441,4
1121,1641,2
1121,3255,2
1121,1265,4
1121,3108,4
1121,440,3
1121,1896,1
1121,2321,1
1121,1885,1
1121,11,3
1121,2395,3
2168,2111,2
2168,1073,4
1121,34,2
1121,2599,3
1121,2359,2
2168,1965,4
2168,2109,1
2168,1307,3
2168,671,4
2168,3868,1
1121,3863,1
2168,1304,4
2168,2973,2
2168,3507,1
2168,3671,2
2168,1244,2
2168,3504,3
1121,2505,2
1121,1552,3
1121,3257,1
1121,2676,1
1121,1597,4
1121,3810,1
1121,422,4
1121,230,2
1121,3256,2
1121,165,1
1121,2707,4
1121,377,4
1121,1573,2
1121,1370,1
1121,1343,2
1121,2762,3
1121,3557,3
1121,2391,4
1121,47,3
1121,2353,3
1121,373,4
1121,1358,3
2271,3363,1
2271,3088,2
2271,1226,3
5394,2798,4
5394,473,2
5394,2253,3
5394,2953,2
5394,88,3
5394,256,2
5394,542,2
5394,432,3
5394,520,4
5394,370,3
5394,2913,3
5394,186,2
5394,3208,3
5394,1550,4
5394,784,4
5394,1391,2
5394,3498,3
4126,355,3
4126,3388,3
4310,3786,2
4310,3316,1
4310,3285,1
4310,3717,3
4310,3484,4
4310,3879,2
4310,3744,1
4310,3624,4
4310,3300,4
4310,3623,2
4310,3555,4
4310,3753,2
4310,3535,1
4310,3745,4
4310,3793,3
4310,3328,3
1733,3060,3
1733,1840,3
1733,2329,1
5723,3897,4
5723,3677,3
1733,1567,2
4802,3787,4
4802,3783,2
4802,2973,1
4802,3746,3
4802,1449,3
1425,2393,2
1425,198,3
1425,3857,3
1912,3480,1
1912,785,3
1912,1690,3
1912,3053,4
1912,562,2
1912,333,1
1912,3801,1
1912,1028,2
1912,2716,1
1912,2300,2
1912,955,3
1912,1340,2
1912,1931,4
1912,548,4
1912,1082,2
1912,3504,4
1912,508,3
1912,1221,4
1912,926,4
1912,1193,3
1912,1250,2
1912,3019,1
1912,3186,2
1912,3129,3
1912,2202,3
1912,1584,4
1912,1643,2
1912,1641,4
1912,780,3
1912,991,1
1912,778,2
1912,800,3
1912,1120,2
1912,3359,1
1912,32,3
1912,62,3
1463,2396,3
1463,3185,1
1463,3174,2
1463,3752,3
1463,2882,4
1463,2333,2
1463,2688,3
1463,2959,4
1463,1911,2
1463,3863,4
1463,2770,3
1463,2706,1
1463,1556,4
1463,3257,2
1463,168,4
1463,1479,2
1463,2497,4
1463,2822,1
1463,2805,3
1463,2154,1
1463,2316,2
1463,2297,1
1463,1888,3
1463,2424,4
1463,852,4
1463,1569,2
1463,1100,1
1463,2496,3
1463,1835,3
1463,2006,3
1463,2340,2
1463,788,2
1463,3259,4
1463,1777,4
1463,587,2
1463,2671,4
1463,339,3
1463,380,1
1463,509,2
1463,539,1
1463,597,4
1463,11,3
1463,2291,1
1463,1408,2
1463,1183,1
1463,357,1
1463,17,3
1463,1393,2
1463,1639,2
1463,1265,4
1463,25,3
1463,519,4
1463,3593,2
1463,2701,2
1463,405,4
1463,2643,2
1463,3354,3
1463,173,1
1463,1750,4
1463,3826,3
1463,2808,3
1463,3697,1
1463,2642,4
1463,2986,2
1463,674,4
1463,2408,4
2271,2701,1
1463,1876,1
1463,1544,1
1463,1372,2
2271,3025,3
1463,1320,4
1463,3827,2
1463,1690,3
1463,2009,4
2271,3682,3
2271,1378,2
1463,2054,1
2271,2922,1
2271,1008,1
2271,964,2
1463,2699,1
1463,329,2
1463,2393,3
2271,3494,4
2271,3074,4
1463,2346,3
2271,590,2
2271,3093,1
2271,2921,4
2271,3368,1
2271,3508,1
2271,553,2
1463,2533,2
1463,1375,2
1463,442,1
1463,780,4
2271,3671,3
2271,3467,4
2271,1283,2
2271,599,2
2271,3365,4
2271,3873,3
2271,3681,4
1463,1676,1
1463,3770,2
1463,3745,4
1463,3156,4
1463,2012,2
1463,316,3
1463,3698,1
1463,2640,4
1463,2011,4
1463,1374,4
1463,3175,1
1463,2985,3
1463,1580,2
1463,3527,1
1463,1376,2
1463,924,2
1463,3699,4
1463,1584,2
1463,1214,2
1463,1210,4
1463,1097,4
1463,3471,3
1463,589,1
1463,1240,2
1463,1196,2
1463,1620,1
1463,1307,2
1463,1801,3
1463,1193,2
727,74,4
3163,1678,2
3163,279,2
3163,3917,1
3163,383,3
3163,1271,1
3163,1034,4
3163,2362,4
3163,58,1
3163,1199,1
3163,3396,4
3163,1234,1
3163,117,2
3163,2565,4
3163,3006,1
3163,3090,3
3163,3429,2
3163,945,1
5488,1371,4
5488,1285,4
5488,1197,1
3163,3362,2
3163,3864,4
3163,2618,2
1088,2524,2
3163,3421,4
3163,2819,4
3163,3000,1
1088,2194,3
3163,1224,2
3163,720,2
3163,785,4
3163,800,3
5333,932,1
1265,1262,1
343,1855,2
1425,1361,2
1425,312,3
1425,2913,4
1425,2860,4
727,364,3
727,3412,3
727,110,3
727,300,2
727,2071,3
727,3148,1
727,2321,3
727,3507,1
727,2918,3
727,62,3
1425,1449,1
727,1958,4
727,3255,1
1425,2088,4
1425,2017,1
727,588,2
727,2336,2
727,246,1
727,1136,4
727,899,2
727,898,2
727,2018,1
727,556,4
727,2300,3
727,1947,1
727,17,3
727,1940,4
727,3210,4
727,1184,4
727,1247,1
727,3138,2
727,3480,4
727,1957,4
727,1285,2
727,2518,2
727,1189,2
727,2371,3
727,2372,3
727,1633,3
727,3554,1
727,2762,1
727,2611,3
727,2492,3
727,2509,4
727,3225,4
727,3020,2
1425,3556,4
727,3897,3
1425,2412,4
1425,2771,4
1425,2766,1
1425,3115,3
727,3004,1
1425,299,4
943,3259,1
1425,538,2
1425,3083,1
1425,2289,1
1425,2607,4
2106,3943,2
2106,1719,2
2106,2700,4
2106,2692,4
2106,17,2
2106,3949,3
2106,3948,2
2106,913,3
2106,342,2
2106,3504,3
2106,2010,2
2106,28,1
2106,3862,3
2106,3854,2
332,1230,3
332,2858,3
332,3163,4
1088,3871,4
2168,2581,4
2168,1405,3
2168,372,4
2168,801,4
1088,3252,1
338,3916,4
338,3066,3
5333,293,4
3824,2826,2
349,1036,2
349,3852,1
349,1721,4
349,1201,2
349,1262,1
1265,2395,3
1265,342,4
1019,2259,1
1265,2683,4
4823,898,4
195,1207,2
306,1358,4
1912,2359,4
1912,3893,2
1912,2991,1
1912,1635,2
1912,1128,3
1912,2177,1
1912,3897,4
1912,162,1
1912,1805,3
1912,3052,1
1912,161,4
1912,2517,1
1912,1242,1
1306,919,1
1306,3504,4
1306,2396,2
1306,1204,4
1306,2804,4
1306,1283,4
1306,1387,2
1306,904,4
1306,318,1
1306,923,3
1306,3752,4
1306,3886,4
2168,3057,3
2168,1885,3
2168,2442,2
2168,3386,2
2168,595,4
2168,2268,3
2168,1649,1
2168,2391,2
2168,3163,1
1088,928,1
2168,300,1
2168,6,3
2168,994,2
2168,1098,3
2168,1865,3
2168,2966,2
2168,2762,1
4579,3364,4
4579,2200,4
4579,1941,1
4579,1930,1
4579,2899,1
4579,1926,3
4543,3786,3
349,1213,3
5394,3147,1
1019,2628,4
752,614,1
1354,650,3
1354,2146,4
1354,2985,3
1354,1944,2
1354,1136,1
4258,1382,2
4258,442,2
4258,517,3
4258,165,3
4258,648,1
4258,3638,4
4258,1385,4
4258,3107,4
4258,2414,4
4258,1527,2
4258,2993,4
4258,480,1
4258,2991,1
4258,3635,2
4258,2529,2
4258,1610,2
4258,2948,3
4258,2949,3
4258,3633,4
4258,3639,3
4258,2947,4
4258,1954,2
4258,1953,1
4258,1017,3
4258,3168,3
4258,2080,3
4258,1247,4
1776,344,2
1776,317,4
1547,2424,2
1547,2779,4
1547,3406,3
1547,2671,4
1547,597,1
1547,3100,2
1547,1580,4
1547,1246,2
1547,1078,1
1547,911,2
1547,1258,1
1547,2571,1
1547,1633,4
1547,3176,3
1547,2302,4
1547,3418,1
1547,2948,2
1547,2750,3
1547,2918,4
1547,539,3
1547,1124,2
1547,1206,3
1547,2944,1
1547,1301,1
1547,1704,4
1547,1036,3
1547,2890,2
1547,1240,3
1547,3148,4
1547,2664,1
1547,1948,3
1547,924,2
1547,2728,3
1547,3654,3
1547,1256,2
1547,1284,3
1547,2067,1
1547,1660,2
1547,3468,3
1547,1944,4
1547,3072,4
1547,3634,2
1547,1358,2
1547,1387,1
1547,3093,2
1547,1247,1
1547,920,3
1547,969,2
1547,1254,3
1547,1250,3
1547,3088,3
1547,1204,3
1547,1283,3
1547,908,1
1547,527,2
4543,3006,2
3125,3861,1
872,2628,4
872,337,4
872,647,1
872,3897,3
872,930,1
872,3188,2
872,1221,2
3693,2594,4
3550,2394,2
343,1240,1
2566,1951,3
2566,1094,1
2566,39,4
2566,2915,1
2566,1073,2
2566,3039,2
2566,2987,2
2566,3552,4
2566,2921,3
2566,3671,1
2566,3210,2
2566,2797,1
2566,3358,1
2566,1682,3
2566,2951,3
2566,1873,2
2566,235,3
2566,1247,4
2566,150,2
2566,1954,3
2566,3098,4
2566,3421,2
2566,3105,2
2566,1079,3
2566,1278,3
2566,1265,1
2566,2268,2
2566,1302,2
2566,1203,3
2566,592,3
2566,1961,4
2566,1266,1
2566,3359,1
2566,913,2
2566,1234,4
2566,1208,1
2566,953,3
2566,1283,1
2566,1262,4
2566,3068,3
2566,2398,4
2566,3452,1
2566,3408,4
2566,3751,1
2566,3578,2
2566,3555,2
2566,3623,4
2566,3510,3
2566,225,4
2566,95,4
2566,1597,2
2566,1459,4
2566,2803,1
2566,2278,3
2566,454,2
2566,587,2
2566,832,1
2566,3147,2
2566,2448,1
2566,1676,2
2566,1233,3
2566,2762,3
1088,1357,1
2566,318,2
1088,2324,2
2566,3354,2
1088,1929,2
2566,3793,4
1088,318,2
2566,1092,3
2566,2470,1
2566,1029,1
2566,594,4
2566,3682,1
2566,1136,1
2566,1221,1
5333,2707,1
1352,2985,4
1912,1178,3
1912,3114,1
1912,1,4
1912,3730,4
1912,34,1
1912,3421,4
1912,2182,3
1912,2376,2
1912,3118,2
1912,1721,3
1912,1061,2
1912,3698,1
1912,2929,4
1912,1209,1
1912,954,3
1912,953,3
1912,246,2
1912,3481,3
1912,1979,3
1912,1957,1
1912,1343,4
1912,3811,4
1912,1694,3
1912,11,3
1912,1923,2
1912,950,1
1912,377,2
1912,2263,3
1912,1210,1
1912,2734,1
1912,3639,3
1912,2208,1
1912,1095,2
1912,2918,3
1912,3038,3
1912,1466,2
4823,2336,4
1266,1732,2
2271,150,1
2271,2501,3
2271,1095,4
2271,3147,2
2271,1704,2
2271,1249,1
2271,1266,3
2271,1089,1
2271,2762,3
2271,1213,2
2271,50,1
2271,1358,3
2271,296,3
2271,318,4
2271,3744,3
3562,3161,3
2041,223,3
2041,3821,2
2041,2952,3
2041,1217,3
2041,2253,2
2041,1978,2
2041,1979,3
2041,2146,1
2041,3528,1
2041,2193,1
2041,3052,2
5872,2990,4
1421,1120,1
343,1394,2
343,2478,4
3017,3786,4
3017,3175,4
3017,1455,1
3017,3317,3
3017,2883,1
3017,2908,4
1415,1527,3
1415,1222,4
2868,2006,2
2868,1197,1
727,3188,1
5488,2450,4
5488,1205,1
727,225,2
5488,2054,4
5488,2011,3
727,3893,4
5488,3070,3
727,3852,4
5488,1376,4
5488,1270,1
5488,2010,3
5488,541,1
5488,1088,1
5488,1035,1
5488,2565,2
5488,1028,2
5488,2081,1
5488,3545,1
195,2826,1
195,36,2
1265,2700,3
127,3756,4
4005,1340,3
4005,2716,1
4005,1219,4
4005,1387,2
4005,1304,2
4005,1201,1
4005,260,1
4005,3654,1
4005,1307,3
4005,2108,3
2050,2146,1
2050,1266,1
2050,930,3
2050,2571,3
2050,1136,2
2247,2395,4
195,3451,2
195,1732,3
4042,2019,1
3562,3568,4
1390,3691,4
1390,2950,2
1390,1971,3
1390,3388,3
1390,1970,4
1390,3550,4
1390,3206,2
1390,3033,1
1390,3791,2
1390,2942,1
1390,3441,4
1390,2474,3
1390,3087,1
1390,2011,4
1390,2145,2
1390,3036,1
1390,3142,3
1390,2133,4
1390,3591,2
1390,3917,3
1390,1958,4
1390,2739,3
1390,1956,3
1390,2150,2
1390,2144,4
1390,1663,3
1390,2518,3
1390,2130,3
1390,3169,3
1390,2022,4
1390,1081,1
1390,1270,4
1390,1961,4
1390,1302,1
1390,1293,3
1390,1231,3
1390,1307,1
1390,2804,3
1390,1380,3
1943,2150,1
1390,2109,2
1390,3812,4
1390,3635,2
1390,1125,1
1390,1955,3
1390,1193,4
1390,3471,4
1390,3363,3
1390,1235,4
1390,1234,2
1390,1953,3
1390,2984,1
1390,1244,1
1390,1978,1
1390,1092,1
1390,515,1
1390,2146,3
1390,647,2
1390,1285,2
1390,3527,1
1390,2916,3
1390,1321,3
1390,1136,3
5539,2761,3
1413,3514,1
496,2571,1
3332,2485,4
3332,3753,2
3332,2502,1
3332,24,4
3332,3752,1
3332,3717,4
3332,3751,2
3332,3285,2
3332,3593,3
3332,3005,1
3332,2827,1
3332,3510,3
3332,3354,3
3332,3745,1
3332,3053,1
3332,3317,2
4785,555,4
3332,3616,3
3332,3826,1
3332,3863,1
3332,3784,1
3332,3175,2
3332,2770,4
4785,2870,3
4785,3098,1
4785,3100,3
4785,1727,3
5019,904,4
5019,928,1
2271,2600,3
2271,786,4
2271,1858,4
2271,1527,3
2271,1608,2
2271,165,2
2271,1552,1
2271,2167,2
2271,2826,4
2271,288,2
2271,493,3
2271,3264,3
2271,586,4
2271,368,4
2271,1904,3
2271,2539,2
2271,1476,3
2271,471,4
2271,514,1
2271,3450,2
2271,1777,4
2271,104,4
2271,468,2
2271,2700,1
2271,3809,4
2271,3255,3
2271,500,3
2271,2759,2
2271,852,3
2271,2424,3
2271,708,4
2271,1425,1
2271,1883,4
2271,2768,3
2271,333,1
2271,2770,1
2271,1542,2
2271,3263,2
2271,3045,2
2271,587,2
2271,1485,3
2271,1747,1
2271,440,1
2271,180,2
2271,2671,4
2271,235,2
2271,3175,4
2271,1885,3
2271,539,1
2271,2359,4
2271,367,1
2271,11,1
2271,1641,2
2271,2706,1
2271,3174,4
2271,2302,2
2271,2355,1
2271,3108,2
2271,2502,1
2271,357,4
2271,2395,1
2271,223,1
2271,1784,4
2271,2289,2
2271,1265,1
2271,356,2
2271,1243,2
1421,2329,3
1088,1094,2
195,2662,1
195,1952,4
195,2028,2
3483,3851,3
5333,2962,2
1943,2160,3
1733,1659,2
4543,3317,3
1088,1359,1
1088,147,1
1088,1938,3
1088,527,3
2918,215,1
1748,527,2
1748,1169,4
2176,1189,2
5397,377,2
5397,2727,1
5397,236,1
5397,1178,3
5397,2726,2
5397,1103,2
5397,3317,3
1274,3888,1
1274,3578,1
1274,3783,2
1274,3746,1
1274,3528,4
1274,515,2
1274,3111,1
1274,3292,1
1243,3893,1
2878,3125,2
1733,3539,3
897,1221,1
897,858,4
2063,3554,1
1943,1952,4
349,216,1
349,2616,1
1597,2146,4
1597,337,1
1597,2571,1
3125,153,3
3125,1377,1
3125,592,1
3519,369,4
1912,3171,1
5488,3851,3
5488,3910,3
1088,1959,4
4823,2594,3
3519,3949,1
5394,1088,4
5394,427,4
5394,48,4
5394,1475,3
5394,3,4
5394,1100,2
5394,736,4
5394,1722,2
5394,1339,4
5394,2029,1
5394,1821,1
5394,377,1
5394,345,3
1897,1036,2
1897,2313,4
1897,1185,2
1897,2020,1
1897,3072,3
1897,1238,4
1897,3361,2
1897,2194,3
1897,3685,2
1897,2070,1
1897,1307,2
1897,1096,3
1897,3222,1
1897,2973,4
1897,3329,2
1897,1300,3
1897,2859,1
1897,1150,3
1897,1259,4
1897,1956,2
1897,3543,3
1897,1962,4
1897,3342,2
1897,1302,1
1897,2130,3
1897,2248,4
1897,2917,4
1897,2791,2
1897,2243,1
1897,3019,1
1897,3360,1
1897,3819,1
1897,921,1
1897,1270,3
1897,3090,3
1897,1674,1
1897,1299,3
1897,1231,2
1897,1957,2
1897,1172,3
1897,1394,1
1897,1132,4
1897,1131,1
1897,1225,1
1897,1242,4
1897,1228,2
1897,1198,3
1897,3811,4
1897,3756,3
752,1086,2
3832,2355,3
3832,2542,4
3832,1449,2
3832,1500,1
3832,2321,2
3832,1,1
3832,2289,4
3832,1175,2
3832,34,1
3832,2396,1
3832,2599,1
3832,2997,4
3832,2324,3
3410,2755,1
3410,2420,1
3410,2001,4
1265,28,4
1547,3379,3
1547,2321,3
1547,1097,1
1547,515,1
1547,3811,2
1547,3545,4
1547,2202,1
1547,1963,3
1547,3685,1
1547,3244,4
1547,2565,1
1547,3359,4
1547,1183,1
1547,296,1
1547,2352,4
1547,110,1
1547,1188,1
1547,1253,2
1547,2997,3
1547,1238,4
1547,909,2
1547,1784,1
1547,1086,4
1547,1292,3
1547,1231,2
1547,1277,3
1547,1234,3
1547,2197,2
1547,2300,1
1547,1265,1
1547,2243,3
1547,1537,1
1547,3334,1
1547,1132,4
1547,1276,1
1547,1235,3
1547,3789,3
1547,902,4
1547,3361,3
1547,3897,2
1547,1084,1
1547,1307,3
1547,954,4
1547,1267,1
1547,2762,2
1547,593,3
1547,608,3
1547,318,4
1547,1219,4
1547,923,1
1547,750,4
1547,1952,1
1547,1230,1
1547,2672,3
1547,3157,4
1547,2396,3
1547,2686,3
1547,3753,2
1547,3623,4
1547,2805,2
1547,2761,4
1547,3175,4
1547,2712,1
1547,3408,4
1547,3516,3
1547,2858,4
1547,2826,3
1547,1374,3
1547,1198,2
1547,2628,4
1547,480,2
1547,1961,4
1088,2312,2
1088,2070,3
1088,1960,1
1088,1961,4
1088,3386,4
195,1635,1
3503,2560,2
5520,1732,1
239,3949,2
2878,1747,3
2859,2628,1
1120,1350,3
5841,2249,1
4258,3897,1
4543,3273,2
2176,2248,1
1912,1185,1
1912,180,4
2878,2424,2
1912,1527,3
2878,3087,1
4169,2317,2
4169,2486,1
4169,2806,3
4169,2496,1
4169,3161,2
4169,2007,1
4169,2812,4
4169,2885,1
4169,666,1
4169,3619,2
4169,2796,3
349,2628,1
4169,2635,1
2820,191,4
2820,2583,4
2820,3077,1
2820,1639,2
2820,2693,2
2820,3060,2
2820,2329,1
4823,2968,1
2820,3948,1
5621,3617,3
5621,1779,4
5621,3683,1
349,2542,2
349,2571,2
349,3510,4
349,1208,3
609,1259,2
609,1197,2
609,3355,3
609,3827,1
195,709,2
4294,2599,4
4042,1217,3
1203,2471,2
1203,2146,4
1203,1371,3
1203,1527,1
1203,1569,2
1203,1029,4
1203,2067,3
1203,3756,2
1203,1285,2
1203,1344,2
1203,928,3
1203,1944,1
1203,930,3
1203,1953,2
1203,1945,2
1203,1136,2
1203,923,1
1203,1272,1
1203,1221,4
1203,858,2
343,3877,2
343,3708,1
343,1920,3
343,939,2
343,3350,3
349,3421,1
349,3753,3
349,3793,4
349,318,2
349,2028,4
349,3147,4
349,110,2
349,2915,1
5333,3471,3
3411,3364,1
3411,3713,4
3411,3604,1
2926,3438,2
2926,3051,4
2926,2683,1
2926,1544,4
2926,3500,1
2926,830,2
2926,2485,2
2926,2269,4
2926,1616,2
2926,2688,2
2926,2694,2
2926,88,4
2926,1043,1
2926,1167,3
2926,536,4
2926,434,2
2926,48,4
2926,1746,1
2926,1100,2
2926,3869,2
2926,317,4
2926,208,3
2926,532,2
2926,3254,4
2926,1835,1
2926,2616,2
2926,517,1
2926,1049,4
2926,1821,1
2926,1648,4
2926,3,4
2926,2504,4
2926,1379,4
2926,1689,4
2926,1588,4
2926,1391,1
2926,1888,1
2926,168,4
2926,1686,2
2926,5,2
2926,1713,4
2926,257,3
2926,2432,4
2926,1858,2
2926,1390,1
2926,842,1
2926,1409,3
2926,2126,2
2926,207,4
2926,586,3
2926,2581,2
2926,691,4
2926,86,3
2926,344,4
2926,3156,4
2926,225,3
2926,1597,4
2926,2094,2
2926,612,2
2926,466,2
2926,736,1
2926,537,4
2926,3528,4
2926,289,1
2926,1488,3
2926,1405,1
2926,3269,4
2926,1586,2
2926,292,3
2926,60,1
2926,3264,3
2926,1552,2
2926,203,3
2926,3247,2
2926,2082,1
2926,252,4
2926,2424,4
2926,802,1
2926,491,2
2926,3557,2
2926,3157,4
2926,780,4
2926,237,4
2926,3155,4
2926,122,4
2926,1092,1
2926,1688,2
2926,1416,3
2926,2628,1
2926,3173,3
2926,3249,4
2926,2875,4
2926,2805,3
2926,552,4
2926,218,1
2926,471,1
2926,7,2
2926,3773,2
2926,3082,1
2926,2541,4
2926,368,1
2926,165,4
2926,3712,1
2926,1711,4
2926,2889,4
2926,1422,2
2926,198,2
2926,361,1
2926,187,4
2926,2012,1
2926,282,1
2926,2496,4
2926,2771,3
2926,1566,4
2926,3809,4
2926,2,2
2926,1645,2
2926,1042,2
2926,2712,1
2926,648,3
2926,351,4
2926,46,3
2926,1608,2
2926,1918,1
2926,333,4
2926,2273,3
2926,2249,1
2926,500,2
2926,350,4
2926,1569,2
2926,2718,4
2926,2567,2
2926,2046,1
2926,1722,4
2926,1485,1
2926,40,3
2926,112,4
2926,1177,2
2926,3270,1
2926,349,2
2926,542,1
2926,367,3
2926,1573,4
2926,514,1
2926,163,3
2926,3263,4
2926,1805,3
2926,543,2
2926,1399,2
2926,805,3
2926,468,3
2926,2770,4
2926,852,2
2926,458,2
2926,3450,1
2926,597,4
2926,832,2
2926,454,2
2926,3477,1
2926,1542,1
2926,671,4
2926,224,2
2926,236,3
2926,266,4
2926,661,1
2926,141,4
2926,3256,4
2926,1407,3
2926,480,1
2926,483,2
2926,3079,4
2926,1810,1
2926,733,3
2926,424,4
2926,708,3
2926,180,1
2926,3259,3
2926,2231,4
2926,231,1
2926,2490,2
2926,1580,4
2926,2502,2
2926,1672,3
2926,2353,2
2926,249,3
2926,1120,2
2926,261,3
2926,381,3
2926,2700,4
2926,356,4
2926,838,1
2926,1625,2
2926,2125,4
2926,2302,1
319,2827,1
2926,2083,4
2926,3176,1
2926,21,1
2926,377,4
2926,1392,2
2926,3108,1
2926,449,4
2926,1517,3
2926,357,4
2926,531,3
2926,1784,3
2926,1777,3
2926,265,3
2926,588,4
2926,1396,1
2926,2890,2
2926,14,3
2926,440,4
2926,3253,1
2926,39,3
2926,3052,1
2926,11,4
2926,1673,2
2926,1635,1
2926,1682,2
2926,1061,3
2926,3148,1
2926,1449,1
2926,1498,3
2926,1271,4
2926,364,2
2926,1584,4
2926,1912,2
2926,25,4
2926,2291,4
2926,595,2
2926,150,2
2926,1582,1
2926,2686,3
2926,497,4
2926,3100,2
2926,2336,4
2926,2395,1
2926,1610,2
2926,1639,1
2926,342,4
2926,457,2
2926,17,2
2926,2333,4
2926,223,3
2926,1641,3
2926,41,2
2926,337,4
2926,412,2
2926,28,3
2926,441,4
2926,2762,4
2926,1617,3
2926,527,3
2926,1148,2
2926,3754,2
2926,3824,1
2926,3225,1
2926,3299,4
2926,3743,3
2926,3484,3
2926,3616,1
2926,3565,4
2926,3177,4
2926,3238,4
2926,3717,1
2926,3409,4
5825,3858,4
2926,3861,1
2926,3555,2
2926,3623,3
2926,3513,3
2926,3273,3
2926,3755,1
2926,3753,4
2926,3719,1
2926,3298,3
2926,3916,3
2926,3796,3
2926,3751,3
2926,3911,2
2926,3720,1
2092,2889,4
5053,1845,1
5053,1136,3
5053,3515,1
926,661,1
926,2080,1
926,2565,1
926,1032,1
926,1035,4
926,1282,3
926,2083,3
926,588,4
926,73,2
926,2081,2
926,1947,3
926,899,4
926,2701,3
926,2987,4
926,2806,1
926,2907,2
926,3157,2
926,3081,1
926,2762,4
926,2724,4
926,1513,4
926,2394,4
926,2686,1
926,2502,4
926,2581,3
926,2723,1
926,2310,4
926,2720,4
926,3952,2
2247,2721,1
2247,2070,1
2247,2762,2
2247,2686,3
2247,299,1
2247,1959,4
2247,2390,2
2247,913,2
2247,2761,3
2247,2690,1
2247,2318,2
2247,2716,4
2247,3175,4
2247,2369,3
2247,1093,1
2247,2759,3
2247,2433,1
2247,2355,2
2247,1127,4
1019,2392,2
1019,2265,2
1019,3130,2
1019,19,2
1019,2387,4
1019,2606,3
1019,2269,3
1019,2589,2
1019,193,3
1019,3141,3
1019,536,1
1019,2541,3
1019,382,2
1019,528,4
1019,331,4
1019,781,1
1019,1351,3
1019,35,3
1019,233,2
926,1197,1
926,1136,4
1897,3282,3
1897,1056,1
1897,290,2
1897,2689,3
1897,3078,1
1897,1669,2
1897,1610,3
926,3826,4
926,2716,3
1897,2391,2
1897,1354,3
1897,767,2
926,2605,1
926,2828,1
1897,80,4
1897,2883,1
926,2759,3
926,1911,3
1897,456,4
1897,1873,1
1897,483,2
1897,1411,4
926,2694,4
1897,1912,1
1897,1657,2
1897,41,3
926,2555,3
926,2683,3
926,1127,4
926,2572,2
1897,2624,3
1897,121,3
1897,246,1
1897,398,4
1897,389,1
1897,2708,2
1897,308,4
1897,150,4
1897,36,4
1897,3000,3
1897,1719,3
1897,2573,3
1897,562,2
926,595,2
926,2384,2
926,146,1
1897,2762,4
1897,715,1
1897,211,3
1897,307,3
1897,3114,4
1897,213,1
1897,720,3
1897,28,2
1897,50,2
1897,1371,2
1897,2628,2
1897,3528,2
1897,163,1
1897,3076,2
1897,3264,3
1897,1569,4
1897,1029,3
1897,1321,4
1897,3111,1
1897,645,3
1897,3077,2
1897,1285,3
1897,1197,3
1897,1955,2
1897,1293,3
1897,594,4
1897,1944,3
1897,1136,3
1897,2067,1
1897,1206,4
1897,858,4
1897,928,1
1897,1945,3
1897,923,3
2247,2028,3
1125,123,2
4543,3886,3
4543,3138,2
1425,1211,4
1425,3509,1
1425,3949,1
1425,3785,3
1425,3626,4
1425,3535,1
943,2028,3
1306,2662,2
1306,3699,4
1306,1301,1
1306,2529,1
1306,3703,2
1306,1077,1
1306,3471,4
1306,1270,4
1306,1253,1
1306,1196,3
1306,924,2
1306,1199,2
1306,750,4
1306,1214,4
1306,1206,2
1306,1797,2
1306,2959,3
1306,1136,4
1306,3114,1
1306,527,2
1306,2762,4
1306,1219,1
1306,1213,3
1306,1172,2
1306,593,4
1306,1198,1
1306,1254,1
1306,953,2
1306,3052,3
1306,1639,4
1306,180,3
1306,223,2
1306,3893,3
1306,3000,3
1306,2761,4
1306,3578,3
1306,70,2
1306,3786,3
1306,3751,3
4277,1827,2
1579,3821,1
1579,3901,4
1579,3886,4
1579,3943,3
1579,3752,2
1556,908,1
349,1377,4
349,592,2
349,3798,3
349,2447,1
195,67,2
349,1923,1
349,2126,2
349,733,3
349,3916,3
349,367,4
349,953,2
349,3178,1
349,3717,4
349,2947,1
349,434,4
349,3005,4
3652,3949,4
3652,1208,1
3652,3721,3
1088,1231,4
1897,3319,3
1897,3289,4
1897,3241,3
1897,3943,4
1897,3515,4
1897,3317,2
1897,3893,1
1897,3514,2
1897,3914,1
1897,3897,3
5333,2761,2
1265,1517,2
1265,3943,1
1265,3862,3
2878,2882,2
3940,3512,3
4543,2840,1
4294,3617,2
4294,2723,2
4294,3752,2
4294,2959,2
4294,2700,3
4294,829,4
4294,1487,1
4294,2555,4
4294,2572,2
4294,1032,2
4294,2828,1
4294,810,4
4294,181,2
4294,2036,3
4294,2566,3
4294,1702,1
4294,3438,3
4294,364,1
3503,3107,1
3503,522,2
3503,2263,3
3503,2019,2
1491,2696,4
4294,673,4
4294,2694,1
4294,818,4
4294,2354,1
4294,765,4
4294,1592,3
4294,1359,4
4294,2195,1
4294,788,1
4294,1665,4
4294,1474,4
4294,216,4
4294,267,4
4294,87,1
4294,104,2
4294,585,2
4294,575,4
4294,1485,4
4294,1923,1
4294,801,4
4294,1911,2
4294,1391,3
4294,367,4
4294,2496,1
4294,2759,1
4294,586,3
4294,1883,4
4294,1580,2
4294,1020,2
4294,1021,2
4294,837,4
4294,2359,2
4294,588,3
4294,317,3
4294,39,2
4294,1784,3
4294,333,2
4294,903,2
4294,1333,1
4294,2389,3
4294,1219,4
4294,1196,2
4294,1210,2
4294,2628,2
4294,1367,1
4294,2085,3
4294,2169,2
4294,1746,2
2760,2943,3
2760,1466,3
2760,357,3
2760,3499,4
2760,2997,4
2760,1095,1
2760,593,1
2760,529,4
2760,1358,2
2760,1265,4
2760,1213,1
2760,1233,1
2760,334,3
2760,2028,3
2760,50,4
2760,36,2
2760,1694,3
343,926,3
2810,3477,1
4294,3799,3
4294,3239,4
4294,3565,2
4294,3623,3
4294,3484,1
4294,1760,3
4294,3555,1
4294,3189,1
4294,3510,3
4294,3785,4
4294,3006,1
4294,1242,2
4294,881,3
4294,3754,4
4294,54,1
4294,2706,3
752,913,1
1413,919,4
1413,1254,3
1101,3682,2
1101,3756,2
173,3568,1
1088,2243,4
1088,1957,2
1088,1185,2
4448,3318,3
4448,2858,3
1019,1211,4
2023,1625,1
2023,1947,2
2023,1748,4
2023,1702,2
2023,2054,3
2023,788,3
2023,3489,2
2023,2628,2
2023,2021,4
2023,2100,4
2023,2174,4
2023,161,1
2023,3006,1
2023,3437,1
2023,293,1
2023,1466,1
2023,2268,4
2023,1396,3
2023,1089,3
2023,2371,4
2023,2447,2
2023,1468,2
2023,1784,3
2023,2797,3
2023,2791,1
2023,101,3
2023,2542,1
2023,3438,3
2023,3399,3
2023,2082,1
2023,1030,3
2023,3439,4
2023,586,4
2023,986,3
2023,3398,1
2023,3672,4
2023,569,4
2023,1967,4
2023,2083,1
2023,2161,4
2023,551,3
2023,1028,2
2023,1012,2
2023,1097,2
2023,2080,1
2023,239,4
2023,558,3
2023,616,2
2023,673,3
2023,1033,1
2023,783,4
2023,2090,2
2023,2048,4
2023,709,2
2023,3745,2
2023,2141,1
2023,3213,3
2023,2139,3
2023,1025,3
2023,2081,4
2023,1029,2
2023,661,2
2023,2099,1
2023,2096,4
2023,2085,1
2023,3034,3
2023,596,1
2023,1022,2
2023,2018,1
2023,594,4
2023,2078,1
2023,2137,2
2023,2087,3
2023,1282,4
2023,1032,3
2023,364,4
2023,595,1
2023,588,3
2023,1073,2
2023,2987,3
2023,1259,4
2023,10,4
2023,2490,1
2023,1275,4
2023,780,3
2023,2193,1
2023,3698,2
2023,3793,1
2023,3404,3
2023,3441,1
2023,2167,4
2023,592,1
2023,3578,1
2023,353,4
2023,3267,2
2023,555,3
2023,1210,1
2023,1953,2
2023,1293,1
2023,1240,1
2023,111,1
2023,1193,4
2023,1213,1
2023,608,3
2023,1215,2
1142,3825,3
5302,3948,1
1088,936,4
349,852,1
349,24,3
349,2006,4
349,608,3
349,2770,4
2246,3481,3
2246,3783,1
1611,3671,4
1897,3915,3
1897,3851,3
5747,528,2
5747,2457,4
5747,2005,4
5747,1285,3
5747,1293,2
5747,1136,1
5747,3864,1
5747,3753,1
5747,3623,1
5747,3744,2
5747,3745,1
5747,3793,3
5747,3328,2
5747,2722,4
3219,2470,2
3219,1569,3
3219,2006,4
3219,2628,2
3219,2161,1
3219,515,1
3219,1527,3
3219,356,3
3219,2571,4
1958,2485,3
1958,2194,4
3503,900,3
3503,3886,3
3503,3686,1
624,3568,2
624,3862,3
1279,272,3
1279,987,4
1279,3148,2
1279,1633,3
1413,1179,3
1413,2987,2
1413,3435,2
1279,1545,3
1279,232,4
3693,1396,3
343,2599,4
343,2273,2
343,2406,1
343,5,3
343,1197,4
343,2315,2
1912,3032,1
1912,3678,4
2986,2607,4
2986,3051,1
2986,1699,3
2986,3534,1
1748,208,4
1748,3110,1
1748,1994,2
1748,1193,4
1748,2066,4
2878,381,2
1088,1918,3
1340,1371,1
3051,276,4
3051,1608,2
5333,3751,4
5333,3160,3
4785,1125,1
4785,3148,2
1088,17,4
2555,2023,2
2555,2628,3
2555,1955,1
2555,3551,1
127,1219,4
127,3551,3
127,474,1
127,3418,3
127,2529,3
127,1953,2
127,1291,1
127,1197,4
127,2692,1
127,1198,4
127,1287,4
127,1304,1
127,1954,1
127,1387,4
127,1221,2
127,858,4
1125,3006,2
1125,3146,1
1125,2427,1
349,208,2
349,1682,2
349,628,3
349,1020,1
349,32,2
349,50,2
349,2916,1
349,2763,1
349,2762,4
349,648,3
349,2302,1
349,3948,2
349,2115,3
349,1617,2
349,474,2
349,858,3
349,356,1
2350,912,3
1958,2383,2
1958,2382,1
1958,1981,2
1958,1978,1
1958,1979,2
1958,3715,1
1958,3716,4
1958,1976,3
1958,1971,2
1958,3394,1
1958,1987,1
1958,1975,2
1958,2513,3
1958,1995,1
1958,2451,2
1958,3401,3
1958,1974,1
1958,2376,2
1958,1991,1
1958,2111,3
1958,1970,4
1958,3016,2
1958,1088,2
1958,2455,3
1958,1347,4
1958,38,2
1958,234,2
1958,836,3
1958,2327,1
1958,737,2
1958,3063,4
1958,274,2
1958,386,2
1958,1854,1
1958,1426,1
1958,1581,2
1958,1826,2
1958,2505,3
1958,1422,3
1958,1191,4
1958,2598,1
1958,520,3
1958,3005,4
1958,2805,3
1958,3869,4
1958,382,2
1958,748,2
1958,2561,4
1958,2334,2
1958,2803,3
1958,490,4
1958,3264,2
1958,662,3
1958,837,1
1958,3249,4
1958,507,2
1958,2433,4
1958,3686,3
1958,2439,2
1958,875,4
1958,180,3
1958,3476,2
1958,2707,1
1958,3723,2
1958,553,3
1958,261,4
1958,1343,2
1958,3006,1
1958,589,3
1958,3250,4
1958,3596,4
1958,3299,2
1958,2599,3
349,2335,1
349,3082,4
349,3555,1
349,3039,2
349,1792,1
349,380,3
349,1722,3
349,3618,4
349,1676,1
349,3861,2
349,3617,4
349,2273,2
349,524,3
349,3527,2
349,2431,3
349,2617,1
349,3623,1
349,2723,4
349,1580,4
349,2991,1
349,1918,2
349,2002,4
349,2001,1
349,2000,2
349,1485,4
349,2606,1
349,780,2
349,3826,2
349,104,3
349,3175,4
349,3578,2
349,10,3
349,2989,4
349,1527,1
349,3324,1
349,2722,4
349,3052,4
349,2353,1
349,2949,3
349,1552,2
349,784,4
349,2917,2
349,1518,3
349,2710,4
349,1431,4
349,1562,4
349,153,4
349,1917,1
349,1320,3
349,1690,2
349,1214,1
2824,1092,2
2824,1206,4
2824,3752,2
2824,3618,1
2824,1597,3
2824,1047,4
2824,163,1
2824,2058,2
2824,2167,3
2824,861,3
2824,112,4
2824,3178,4
2824,1917,4
2824,196,4
2824,2628,2
2824,1653,2
2824,1676,4
2824,1573,4
2824,1921,3
2824,589,2
2824,3248,1
2824,2027,2
2824,830,4
2824,2325,1
2824,3146,2
2824,2805,3
2824,370,3
2824,2558,4
2824,1894,1
2824,2082,2
2824,1665,2
2824,3254,1
2824,3247,3
2824,3243,4
2824,1405,4
2824,788,2
2824,2012,1
2824,2424,1
2824,3869,1
2824,2335,1
2824,3004,3
2824,2880,3
2824,552,4
2824,1457,2
2824,1020,3
2824,2770,2
2824,1711,2
2824,1614,1
2824,2447,4
2824,231,1
2824,104,3
2824,344,1
2824,597,2
2824,1569,1
2824,224,3
2824,2879,3
2824,2694,3
2824,785,2
2824,520,4
2824,1747,2
2824,2683,4
2824,367,2
2824,2671,4
2824,1485,1
2824,1753,3
2824,708,1
2824,543,4
2824,1884,4
2824,2539,4
2824,2572,1
2824,356,1
2824,3174,4
2824,2706,3
2824,1784,3
2824,368,4
2824,3255,1
2824,1042,3
2824,1777,1
2824,3175,3
2824,2321,1
2824,1732,4
2824,3108,4
2824,588,1
2824,1,1
2824,3114,2
2824,1307,2
2824,1136,4
2824,1793,2
2824,3790,3
2824,3534,1
2824,912,2
2824,3617,2
2824,3910,3
2824,3241,3
5493,3915,1
3518,3897,4
195,3822,3
3547,3949,4
1088,1962,4
4258,223,2
4823,1205,3
4823,912,3
1733,2150,1
1733,1922,2
1733,3550,4
1182,914,3
1182,1193,4
1182,2289,1
3462,785,1
3462,2567,1
3462,1094,1
3462,1354,2
3462,2124,1
1988,1321,4
1988,1285,1
1988,3088,2
5394,1371,4
5394,163,1
5394,1527,2
5394,1608,1
5394,1029,1
1125,2442,4
3693,3852,2
3391,3896,3
3391,1248,1
3391,2693,4
3391,3300,4
3391,3408,2
3391,1721,4
3391,553,2
411,3148,1
3391,2126,4
3391,193,3
3391,1258,1
3391,3513,3
3391,43,3
3391,1080,4
3391,2568,1
3391,3043,4
3391,3752,1
3391,3042,4
3391,1544,1
3391,780,3
3391,170,4
195,3510,1
3391,1049,2
3391,1552,4
3391,3313,1
3391,886,1
3391,3444,3
3391,1431,4
3391,1440,3
5626,3768,2
5626,2818,3
5626,2816,3
5626,2817,1
5626,688,2
5626,3767,1
5626,2402,1
5626,2404,1
5626,2815,2
5626,1445,3
5626,3137,3
5626,3154,2
5626,760,1
5626,3441,3
5626,2322,1
5626,2476,3
5626,647,2
5626,3448,1
5626,3143,1
5626,161,2
5626,3406,3
5626,3366,4
5626,976,2
5626,2941,4
5626,897,2
5626,3062,2
5626,1294,4
5626,3066,2
5626,1263,4
5626,1222,1
5626,2202,2
5626,1200,1
5626,2944,2
5626,1960,1
5626,3035,4
5626,920,2
5626,1183,4
5626,1272,2
5626,2067,4
5626,750,2
5626,3367,1
5626,1262,2
5626,1936,1
5626,1944,1
5626,912,3
5626,3196,1
5626,1927,1
5626,1204,2
5626,1250,2
5626,1299,3
5626,1193,3
5626,3737,4
5626,2115,1
5626,1291,4
5539,2690,4
5539,2336,1
5539,223,1
5539,3077,1
5539,1955,3
1980,3717,1
1980,3617,2
1912,515,4
1912,1206,1
2802,3683,2
2802,858,3
2802,923,3
2802,3114,3
2802,3578,1
2802,3159,1
2802,2599,4
5689,3783,2
195,2125,1
633,3744,2
633,3901,4
633,3755,2
633,3535,1
633,3948,2
633,3578,1
633,3408,4
633,3317,4
633,3481,4
633,3783,1
633,3897,1
633,3298,3
633,3285,3
633,2706,2
2991,3654,4
2991,953,1
2991,3201,4
2991,3105,1
2991,1224,2
2991,34,2
2991,2160,2
2991,1950,3
2991,1244,3
2991,1292,4
2991,594,2
2991,1265,1
2991,3114,4
2991,1179,4
2991,1136,4
2991,3504,1
2991,1097,1
2991,3359,1
2991,3147,1
2991,2303,4
2991,899,1
2991,3545,3
2991,1247,2
2991,1198,2
2991,3789,3
2991,3634,2
2991,1242,3
2991,1262,4
2991,750,1
2991,904,3
2991,3811,4
2991,3819,2
2991,1537,4
2991,3649,1
4277,3354,4
1088,1950,1
4126,2100,4
237,1377,1
2529,3387,4
2529,2408,4
2529,2016,1
2529,1021,3
2529,3669,1
2529,256,2
2529,516,1
2529,2371,1
2529,2539,3
2529,3712,3
2529,1395,3
2529,3189,4
2529,3948,1
2529,3799,1
2529,3483,1
2529,1064,4
2529,3745,3
2529,1148,4
2529,3159,4
2529,2373,4
2529,2816,1
2529,181,1
2529,2986,4
2529,2041,4
2529,3805,1
2529,3113,2
2529,3716,4
2529,3697,3
2529,517,1
2529,3764,2
2529,442,1
2529,3717,1
2529,1597,2
2529,89,1
2529,2924,1
2529,2723,4
2529,3555,4
2529,3827,4
2529,3624,4
2529,3256,1
2529,3753,2
2529,3793,3
2529,1277,2
2529,3439,3
2529,2253,1
2529,1257,1
2529,2648,4
2529,1348,3
2529,1997,3
2529,1927,1
2529,2396,2
2529,1172,2
1413,2937,4
2395,1668,3
1088,1206,4
1088,2929,3
1019,2848,1
1019,948,2
1019,1408,1
1019,1572,3
1019,2729,2
710,2355,2
3420,3536,2
3420,3408,2
4126,2518,4
4126,1047,3
2878,3910,2
2878,930,2
4042,50,3
4543,3783,1
1584,1875,1
1584,3760,2
1584,2788,3
1584,1292,3
1584,1414,3
1584,1963,3
1584,2716,4
1584,1080,2
1584,1078,3
1584,1230,3
1584,955,1
1584,2248,1
1584,3363,3
1584,3362,3
1413,1270,3
1413,680,3
1413,2594,1
1597,1191,3
1597,1123,1
1597,162,2
1597,246,4
1597,3007,4
1597,3182,3
1597,1361,2
1597,1527,3
1597,2023,2
1597,2628,4
1597,2985,4
1597,1136,2
1597,1046,3
1597,858,1
1597,1221,2
1776,3565,4
2841,3744,2
2841,2769,1
134,3884,1
134,3946,2
134,3826,4
134,3717,1
134,3861,1
134,3534,2
134,3618,3
134,3298,4
134,3623,1
134,3719,1
134,3301,4
134,3300,4
134,3948,1
134,3897,2
1556,2183,4
1556,1099,3
1556,2137,2
1556,3723,4
1556,3230,3
1556,3256,2
1556,539,1
1556,2096,4
1556,2716,1
1556,2268,4
1556,898,4
1556,596,3
424,3111,3
1556,909,3
1556,1411,3
424,314,3
424,1957,3
424,2858,1
1556,1283,3
1556,1136,1
2168,2677,4
3693,3189,2
2168,3147,3
2168,16,1
2168,1673,1
2168,194,3
2168,3246,4
2168,1912,1
2168,1245,4
2168,272,1
2168,1921,1
2168,2692,1
2168,1694,3
2168,1678,1
2168,2890,3
2168,3271,4
2168,1797,4
2168,714,1
2168,529,1
2168,2912,3
2168,1682,1
3693,161,1
2168,1639,1
2168,3000,1
2168,2571,1
2168,162,1
2168,3007,2
2168,1617,4
2168,3893,1
2168,3617,3
2168,3852,3
2168,3317,2
2168,3285,4
2168,3623,4
2168,3718,3
2168,3318,3
2168,3185,2
2168,3578,2
2168,3408,3
2168,3556,3
2168,3571,1
2168,3751,4
2272,2023,2
2272,647,3
2272,3527,3
2272,2985,3
2272,2916,4
2272,1321,1
2272,1527,3
2272,1343,4
2272,1955,2
2272,1956,1
2272,1266,4
2272,1285,2
2272,1344,4
2272,1953,3
2272,1206,1
2272,858,4
2272,1221,1
2272,1136,4
5723,1136,1
5723,879,2
5723,2315,3
1733,3900,4
4585,1073,4
5333,750,4
4042,1090,3
4042,4,1
2332,2132,2
2332,1957,3
2332,3095,1
2332,3350,4
2332,1247,3
2332,1233,4
2332,3467,2
2332,926,1
2332,1219,4
2332,910,3
2332,1267,4
2332,904,1
2332,942,4
2332,1952,3
2332,1254,4
2332,908,1
2332,2396,2
2332,922,1
2332,1207,2
2332,912,3
2332,1945,2
2332,3549,1
2332,2969,3
2332,1299,4
2859,3897,3
2332,1212,2
2332,852,3
2332,3948,1
2332,3916,4
2332,3468,1
2168,3683,3
2168,1953,4
2168,2936,4
2168,1266,2
2168,1197,3
2168,923,1
3519,3317,2
3519,3897,3
1352,190,2
462,2668,1
1051,2671,4
1051,3786,2
4126,1285,1
3751,1608,3
930,2128,2
2764,1136,1
2764,2936,1
2764,1947,1
2764,1296,4
2764,1247,1
2764,2692,4
2764,1197,2
2764,1307,4
2764,969,3
2764,916,3
1265,2010,2
1265,1719,2
343,580,2
4042,1422,4
5333,2966,4
195,2844,3
2504,1997,3
2504,3253,1
2504,3254,2
2504,1198,3
2504,1291,1
2504,2115,1
2504,2301,2
2504,3785,4
2504,2231,1
2504,1089,3
2504,296,4
2504,3701,3
2504,506,1
2504,2288,4
2504,3726,4
2504,2628,3
2504,2532,3
2504,2642,3
2504,2907,4
2504,2700,4
2504,3185,2
349,3821,4
349,2296,4
2504,2724,4
2504,2395,1
2504,2394,2
2504,2013,4
2504,2568,1
2504,3354,3
2504,407,2
2504,785,1
2504,2318,3
2504,2995,2
2504,2716,1
2504,3578,2
2504,3409,4
2504,3159,2
2504,2959,2
2504,3113,1
2504,3408,3
2504,1093,4
2504,2541,4
2504,3016,3
2504,2147,4
2504,2710,4
2504,3593,1
2504,2683,4
2504,2492,4
3963,1237,3
3963,3006,1
3963,3897,3
3963,1387,4
3963,2571,2
3963,3360,2
3963,1196,1
3963,1411,4
3963,1228,2
3963,529,4
3963,909,3
3963,3735,1
3963,246,1
3963,903,2
3963,1204,2
3963,1267,2
3963,1797,3
3963,2959,2
3963,3492,4
3963,2140,3
3963,2797,1
3963,2745,3
3963,508,2
3963,950,3
3963,910,1
3963,3435,4
3963,1269,3
3963,2624,4
5333,1292,3
3503,2959,4
3503,172,4
3503,3264,3
3503,553,1
3503,3873,3
1088,2469,4
3503,3519,3
3503,466,1
3503,3053,4
3503,1488,2
3503,2890,4
3503,1670,3
3503,1960,4
3503,16,3
3503,1845,3
3503,373,3
3503,1249,4
3503,1358,3
3503,2762,2
3503,1265,4
3503,914,2
3503,1944,1
3503,160,3
3503,1644,2
3503,1590,3
3503,1689,3
3503,1464,3
3503,1627,1
3503,2875,3
3503,1092,4
3503,1589,2
3503,3476,3
3503,1333,3
3503,1407,4
3503,799,2
3503,1994,4
3503,1783,2
3503,1920,2
3503,2329,1
3503,318,1
3503,2840,3
3503,1997,2
3503,25,1
3503,3760,1
3503,3858,2
3503,971,4
3503,3498,3
3503,1527,4
2119,919,2
319,3111,4
2063,3510,2
4126,2174,1
195,2968,2
4042,3300,4
4042,44,3
4042,3638,4
4042,3479,4
4042,1037,1
4042,173,4
4042,172,4
4042,2690,2
4042,2720,3
4042,780,4
4042,1224,2
4042,464,2
4042,3269,2
4042,3802,2
4042,3175,4
4042,494,3
4042,442,2
4042,2020,2
4042,3729,3
4579,2248,1
4579,1103,1
4579,1136,2
4579,1260,4
4579,1678,2
4579,1079,3
4579,1340,3
4579,2927,3
4579,3911,2
4579,1321,3
4579,909,2
4579,728,3
4579,3896,4
4579,3317,1
4579,3915,2
3233,3365,3
743,3083,4
4371,2987,1
4371,3908,4
4371,2763,2
4371,3565,1
4371,2396,1
4371,2724,4
4371,2485,3
4371,2395,2
4371,2841,1
4371,3157,4
4371,43,2
4371,2686,3
4371,2394,1
4371,2598,2
4371,1513,4
4371,2093,3
4371,3483,2
4371,1959,4
4371,24,4
4371,2443,2
4371,2490,2
4371,2723,2
4371,2622,1
4371,2581,4
4371,913,4
4371,3752,1
4371,2690,4
4371,2761,1
4371,3826,1
4371,2719,4
4371,2333,3
4371,2861,4
4371,2688,2
4371,2605,1
4371,2336,4
4371,2888,3
4371,2959,2
4371,1911,1
4371,2881,4
4371,223,2
4371,3863,1
4371,2355,2
4371,3004,2
4371,2710,4
4371,2683,4
4371,2706,1
4371,2188,2
5831,3732,3
5831,3508,2
3013,2599,1
462,3512,2
462,2496,3
4591,3481,2
1243,2706,3
4030,2529,3
1421,1193,2
496,593,3
487,1288,3
4277,3720,2
2969,355,4
2650,62,1
2650,3479,2
2650,1947,2
2650,1206,4
2650,1952,2
2650,1376,4
4478,1797,4
5074,3911,1
5074,2440,1
1088,1183,3
4126,1535,3
3054,2206,4
3054,1468,2
3054,3354,4
3054,3785,4
3054,3534,2
3054,3535,4
3054,3854,1
3054,3578,1
3054,3571,4
3054,1200,1
3054,1394,2
3054,1307,1
3054,2018,4
3054,1966,3
3054,2398,4
3054,953,3
3054,2360,2
3054,1172,4
3054,3911,1
3054,1258,1
3054,1956,1
3054,1186,2
3054,3134,3
3054,3424,4
3054,501,4
3054,307,1
3054,1198,4
3054,2186,2
3054,2357,1
3054,3201,2
3054,2739,2
3054,1734,3
3054,3019,1
3054,3145,4
3462,3301,1
3462,3707,4
3462,2294,2
3462,1214,2
4042,2502,1
1579,77,3
1579,2406,3
1851,528,2
1851,3392,4
1851,413,1
1851,2471,4
1851,1608,3
1851,2023,2
1851,2470,1
1851,1285,3
1851,858,4
1851,2361,2
1851,1955,1
1851,1321,3
1851,1293,1
1851,1221,3
1851,594,1
1851,1266,1
1851,1197,2
1851,650,1
3013,2141,2
3013,2136,3
3013,2874,4
3013,901,3
3013,3812,3
3013,3552,1
3013,1083,3
3013,2946,3
487,1449,4
3013,2150,2
3013,937,1
3013,1162,2
3013,3086,2
3013,3507,4
3013,3814,2
3013,3349,4
3013,2875,1
3013,924,2
4042,475,2
1265,2692,3
3125,434,1
4126,3020,4
4126,3255,3
1141,3396,4
1141,1641,2
1141,3911,2
1141,300,1
1141,1220,1
1141,364,4
1141,1249,1
1141,592,4
1141,261,3
1141,1288,4
1141,915,1
1141,1097,4
1141,2248,2
1141,1947,4
1141,778,1
1141,1036,1
1141,2080,3
1141,1913,4
1141,3606,4
1141,534,1
1141,1674,4
1141,1673,2
1141,1210,2
1141,337,1
1141,2847,1
1141,1278,4
1141,2918,2
1141,1,3
1141,918,3
1141,2611,4
1141,3507,1
1141,529,2
1141,262,4
1141,596,4
1141,920,1
1141,314,2
1141,1358,2
1141,1704,4
1141,928,3
1141,1188,3
1141,3114,4
1141,2501,2
1141,910,2
1141,2313,4
1141,908,1
1141,2300,3
1141,899,4
1141,260,4
1141,1148,4
1141,50,2
1141,1219,1
1141,318,2
1141,2162,2
1141,986,3
1141,2628,4
1141,2470,1
1141,1527,2
1141,1569,1
1141,2161,1
1141,2005,1
1141,2916,1
1141,1073,1
1141,594,4
1141,356,4
1141,1240,2
1141,1197,2
1141,593,3
1141,1221,2
911,3028,1
827,1344,4
827,1955,2
827,1953,1
827,1073,2
827,1293,3
827,599,4
827,1197,2
827,1240,1
827,2936,2
827,923,1
827,858,1
827,1221,4
827,593,4
827,1206,4
1605,3795,4
827,2455,3
827,111,3
827,2023,4
2195,1608,4
1088,915,3
1088,7,2
270,3948,2
270,3897,3
270,21,1
270,3755,3
270,3798,3
270,3893,3
270,3825,4
270,3753,1
270,3916,4
270,593,3
270,923,2
4258,3745,4
3041,381,3
3041,3176,4
3041,2959,4
3041,214,2
3041,3083,3
1579,3826,3
4085,1902,1
4085,3949,3
4085,2529,4
4085,3617,3
4085,616,2
4085,1344,3
4085,1073,4
355,858,4
4005,3785,2
4005,1312,1
235,3830,1
235,3858,3
235,3392,3
235,413,2
279,2404,3
279,2402,2
279,1391,3
279,466,3
279,1586,2
279,2427,1
279,3441,1
279,1183,2
279,2476,2
279,1619,4
279,780,3
279,946,2
279,3753,3
279,2106,1
279,3742,4
279,1094,3
279,155,1
279,161,4
279,1289,1
279,3654,4
279,1090,3
279,3062,1
279,969,3
279,2890,1
279,1184,1
279,266,4
279,2944,4
279,2067,1
279,110,1
279,356,2
279,1233,2
149,923,3
5723,1276,4
1088,94,4
1088,2716,4
1088,1086,3
1088,2398,1
5387,2333,4
2114,2315,3
2022,2502,2
343,2502,4
3462,2336,1
1611,3799,1
1611,2092,2
1611,888,2
1611,1920,3
1611,1025,1
1611,2089,2
1611,783,3
1611,1032,3
1611,2099,1
1611,2096,2
1611,2018,4
1611,2085,1
1611,2087,1
1611,1029,4
1611,1023,1
1611,1022,1
1611,594,2
1611,596,1
1611,595,2
4042,3717,4
3547,2916,4
3547,1955,1
3547,1293,2
4042,3264,1
4042,674,1
4042,2163,4
4042,724,1
6001,132,1
6001,1438,2
6001,1687,4
6001,2672,2
6001,170,3
6001,1003,4
6001,3249,1
6001,481,4
6001,3686,4
6001,1552,4
6001,1658,4
6001,2346,1
6001,454,1
6001,2600,4
6001,1370,1
6001,1683,1
6001,1653,3
6001,589,3
6001,3147,3
6001,2917,1
6001,3947,1
6001,457,1
6001,965,1
6001,1036,4
6001,1358,2
6001,1249,4
6001,2875,4
6001,1711,4
6001,1732,2
6001,3481,1
6001,3751,2
3562,2570,4
1556,1333,2
1556,923,2
1556,1201,2
4823,320,4
3459,3793,4
3459,3536,2
3459,3578,2
3459,3481,4
3459,3264,1
3459,3173,4
3459,2023,3
3459,528,1
3459,2916,2
3459,356,4
3459,1449,4
3459,1982,4
3459,1206,2
3459,1222,3
3459,1221,1
3459,858,3
3459,923,1
3459,1197,4
3459,603,4
3459,1198,3
3459,317,1
3459,377,3
3459,480,2
3459,3255,3
3459,2424,3
4042,3879,2
4448,2361,3
4950,3365,3
4950,1344,4
4950,3809,2
4950,1321,2
4950,1293,4
4647,538,4
1317,3074,3
2859,3751,2
4543,3484,3
4543,3225,3
4543,3943,2
4543,3882,4
4543,3617,2
1413,1247,4
4543,3755,2
1413,1204,4
1413,987,3
1413,2704,1
1413,1394,4
1413,2248,2
1413,1211,4
4543,3863,3
4543,3830,2
1413,1228,3
4543,3861,1
4543,3948,1
1413,3822,2
4543,3852,3
4543,3618,3
4543,3952,4
5991,1797,1
5991,3784,1
3125,551,4
3125,1711,1
3125,1453,4
3125,276,1
3125,2385,4
3125,105,2
3125,1541,1
3125,339,2
3125,3426,1
3125,1895,1
3125,39,4
3125,17,1
3125,425,3
3125,173,3
3125,329,2
3125,3827,3
3125,3793,2
3125,1556,4
3125,547,1
3125,3257,3
3125,1644,1
3125,786,4
3125,1752,3
3125,1687,1
3125,736,3
3125,1479,3
3125,230,4
3125,22,4
3125,587,3
3125,350,3
3125,628,3
3125,280,3
3125,1625,1
3125,3755,3
3125,3893,1
3125,3555,1
3125,151,1
3125,707,2
3125,1367,4
3125,3753,1
3512,1597,1
4934,457,4
4934,3083,1
5333,3855,2
1861,2985,4
1861,647,2
1861,923,3
1861,3551,3
195,1729,4
4543,3916,4
1243,650,3
1243,1092,4
4543,3509,4
1243,2916,2
1243,594,4
1243,3508,1
1243,1222,3
1243,1293,3
1243,1266,3
1243,858,3
1243,593,1
4543,3204,3
3592,344,3
4543,2788,3
4543,3793,2
4543,2890,4
4543,581,3
4543,1124,2
4543,3536,3
4543,3007,1
4543,930,1
4543,3765,4
3119,2657,4
3119,3827,3
3119,1917,1
3119,1375,2
3119,3702,3
3119,1199,3
3119,924,4
3119,1253,3
3119,1374,4
3119,1376,2
3119,2529,4
3119,1077,2
3119,750,4
3119,1097,2
3119,2053,4
3119,849,3
3119,3156,4
3119,1544,4
3119,185,1
3119,1573,4
3119,316,2
3119,2012,4
3119,780,2
3119,1356,2
3119,1372,1
3119,329,3
3119,1580,1
3119,1909,4
3119,2916,1
1516,3007,1
1516,1503,2
1516,2959,4
1516,1887,3
1516,818,2
1516,248,4
1516,157,3
1516,1342,4
1516,1586,2
1516,3254,1
1516,542,4
1516,442,4
1516,2297,2
1516,3869,3
1516,585,2
1516,231,1
1516,2124,3
1516,3264,2
1516,170,3
1516,216,4
1516,1027,4
1516,3259,1
1516,104,2
1516,524,3
1516,2334,1
1516,1541,2
1516,1339,1
1516,506,3
1516,1517,4
1516,344,1
1516,1268,3
1516,367,3
1516,3499,2
1516,380,1
1516,2294,2
1516,2496,2
1516,562,2
1516,3253,2
1516,590,3
1516,2273,1
1516,700,4
1516,3105,3
1516,2291,3
1516,508,1
1516,441,3
1516,337,4
1516,364,4
1516,1682,4
1516,32,2
1516,1500,2
1516,1704,1
1516,1639,4
1516,1249,3
1516,293,3
1516,527,1
1516,720,4
1516,3717,4
1516,3785,4
1516,3745,2
1516,3861,1
3171,2203,1
3171,3341,4
3171,2583,3
3171,950,1
3171,1466,1
3171,1953,4
3171,1234,4
839,1186,3
839,3659,4
839,1814,1
839,2602,3
839,2390,1
839,2542,4
839,1049,4
839,70,4
839,1264,4
839,2323,4
839,2439,4
839,3911,1
839,851,2
839,2766,1
839,2320,4
839,3627,1
839,1648,3
2859,1193,4
2859,1028,2
2859,1247,4
2859,1250,3
2859,3785,2
2859,3882,2
2859,2387,2
2859,1784,1
2859,150,1
2859,2890,2
2859,161,1
2859,194,1
2859,1682,2
2859,1500,2
2859,110,4
2859,16,1
2859,1729,3
2859,2396,4
2859,1089,2
2859,296,4
2859,923,1
1088,1079,4
1369,1161,1
1369,1391,3
1369,3342,1
1369,161,2
1369,1925,4
1369,3448,2
1369,356,3
1369,151,1
1369,1298,4
1369,1960,3
1369,1208,2
1369,1299,4
1369,1078,1
1369,1294,2
1369,1090,3
1369,527,3
1369,1256,3
1369,965,1
1369,913,3
1369,2375,1
1369,2053,3
2986,3515,4
2986,3328,2
2986,1208,4
1643,3706,1
1643,1748,2
1643,2182,3
1643,2987,2
1643,1344,3
1643,1179,3
1643,922,4
1643,2186,2
1643,3683,2
1643,1252,3
1643,913,2
1643,3435,3
1643,1267,3
1643,1617,1
1643,541,3
4934,580,4
4934,1682,3
4934,2657,3
4934,3911,4
4934,1728,1
4934,1449,2
3013,2034,4
3013,788,4
3013,2364,4
3013,2093,3
3013,3269,3
1426,599,4
5333,2834,1
4829,3000,3
3695,123,3
3695,778,2
3695,1231,1
3695,111,3
3695,2450,1
3695,327,1
3695,3704,2
3695,3033,2
3695,741,2
3695,1037,4
3695,23,3
3695,1483,4
3695,1320,4
3695,18,2
3695,490,2
3695,319,1
3695,1653,2
3695,3147,1
3695,593,3
3695,161,2
3695,527,1
1164,492,2
1164,1892,1
1164,1484,2
1164,3706,2
1164,3386,1
1164,451,4
1164,904,4
1164,903,4
1164,1086,4
1164,3549,1
1164,3206,3
1164,2497,2
1164,1906,3
1164,1353,3
1164,2316,3
1164,74,3
1164,804,3
1164,1894,4
1164,1629,1
1164,237,1
1164,2297,4
1164,1100,3
1164,1415,2
1164,236,4
1164,195,4
1164,1409,4
1164,803,2
1164,2802,2
1164,289,3
1164,224,1
1164,1835,1
1164,2062,4
1164,105,1
1164,2570,2
1164,1339,1
1164,3261,1
1164,605,4
1164,613,1
1164,1380,3
1164,2704,4
1164,2025,4
1164,469,4
1164,46,3
1164,35,3
1164,1569,4
1164,2145,4
1164,361,4
1164,339,1
1164,1722,4
1164,342,1
1164,2426,4
1164,1088,2
1164,1542,4
1164,708,3
1164,1755,4
1164,3479,2
1164,1101,1
1164,2572,3
1164,222,3
1164,3259,3
1164,1057,3
1164,249,4
1164,2065,4
1164,3244,4
1164,1656,3
1164,932,2
1164,2801,2
1164,1441,3
1164,2621,2
1164,3044,3
1164,2125,2
1164,39,1
1164,1735,3
1164,377,1
1164,1549,2
1164,539,3
1164,11,1
1164,2919,2
1164,1197,4
1164,1216,2
1164,497,3
1164,534,1
1164,2943,1
1164,1829,2
1164,2108,4
1164,2708,4
1164,930,3
1164,129,3
1164,1850,3
1164,1230,1
1164,1416,3
1164,3540,3
1164,2773,3
1164,3618,3
3792,3617,2
3792,3901,1
3013,2355,3
3013,339,2
1010,3317,2
4126,2335,3
1125,3798,1
4277,3717,3
737,47,2
737,2762,4
4042,1276,3
1354,1321,4
1354,1285,4
1354,1344,3
1354,2706,2
1354,1953,2
1354,1222,4
1354,1956,4
1354,923,2
44,2297,4
44,539,1
44,151,4
44,920,4
44,249,4
44,3108,2
44,902,4
44,2020,4
44,912,4
44,2311,3
44,2875,3
44,1754,1
44,3386,1
44,2747,1
44,3264,2
44,2097,2
44,1339,3
44,3928,1
44,1345,3
44,2011,1
44,741,1
44,1584,1
44,552,1
44,2135,1
44,316,1
44,2133,3
44,349,2
44,2470,1
44,380,1
44,2,2
44,3153,2
44,2115,1
44,2006,4
44,2167,2
44,2406,3
44,1215,1
44,2968,2
44,590,1
44,733,3
44,3412,2
44,969,2
44,3175,4
44,1073,1
44,1580,3
44,592,2
44,3612,1
44,3771,4
44,3000,4
44,1291,1
44,2253,3
44,2017,1
44,2043,2
44,2054,1
44,2021,3
44,317,2
44,2193,1
44,3489,1
44,2161,2
44,3466,3
44,1967,4
44,2872,2
44,3251,2
44,904,4
44,587,3
44,2699,3
44,3623,3
44,736,4
44,2110,3
44,1573,4
44,1552,3
44,2550,1
44,543,2
44,2617,1
44,494,4
44,3798,3
44,1645,1
1088,3752,4
1088,3095,1
2878,1307,1
195,3273,4
1958,2496,4
1101,2721,3
3512,1907,3
3512,1639,2
3512,2890,1
3693,3317,4
5795,1748,3
5795,3706,1
5795,3738,3
5795,3717,2
5795,930,4
5458,1909,3
5458,3019,4
5458,1127,4
5458,2987,1
5458,1259,3
5458,1274,4
5458,919,3
5458,1220,2
5458,589,4
5458,1240,1
5458,457,4
5458,1196,3
5458,1214,2
4600,2975,4
1051,65,3
1051,2793,1
1051,1973,4
1051,422,4
1051,3438,2
5087,36,1
1051,1268,2
1051,1699,3
1051,1729,1
1051,1223,3
1051,241,1
1051,1987,1
1051,196,4
1051,188,2
4600,1522,2
5087,265,3
5087,1073,1
5087,3831,2
4600,2710,2
4600,3498,1
4829,680,4
795,2289,4
795,2243,2
343,2456,1
1265,3948,4
343,2232,4
1265,3949,2
1265,3000,3
1265,17,3
1265,3504,3
1265,3854,3
343,1645,2
343,2300,2
343,2612,2
343,2153,4
1748,933,3
1125,3300,1
1798,3392,2
1798,1092,2
1798,1608,3
1798,2023,3
1798,2628,4
1798,1527,4
1798,1222,4
1798,599,2
1798,594,3
1798,1293,4
1798,1982,3
1798,986,2
1798,650,3
1798,356,1
1798,2985,3
1798,1569,4
1798,2916,3
1798,1321,3
1798,647,4
5458,1614,1
1798,1285,4
5458,92,2
1798,3508,3
1798,1955,3
1798,1449,4
1798,1266,2
1798,1197,1
1798,1240,1
1798,1953,4
1798,3551,4
1798,1956,1
1798,1206,2
1798,593,1
1798,3683,1
1798,923,1
1798,858,3
4042,529,2
1733,1114,2
641,3317,4
641,3408,4
641,3479,2
641,2005,2
641,2797,3
641,2100,1
641,1073,3
641,260,1
208,2181,1
208,908,1
208,1288,1
208,2687,4
208,1409,2
5322,1220,4
1451,3554,3
5250,2243,2
496,2628,4
149,356,1
149,3077,1
149,1321,2
149,1955,2
149,1344,3
2070,1206,3
2070,2541,1
2070,144,1
1088,2730,3
1733,117,3
5536,224,4
3436,3898,2
3436,3753,4
3436,3717,1
3436,3755,3
3436,3578,1
3436,3593,1
3436,3190,1
3436,3354,4
3436,3864,1
3436,3300,3
3436,3745,3
3436,3863,1
3436,3793,4
3436,3827,3
1088,1254,1
1088,982,2
1088,954,3
2041,3101,3
2041,2420,1
2041,280,1
2041,832,3
2041,1663,1
2041,52,3
2041,1344,4
2041,3549,2
2041,3100,4
2041,2987,3
2041,1012,3
2041,1407,1
2041,2081,4
2041,596,1
2041,900,3
2041,2103,2
5493,1954,3
5493,3733,1
5493,1387,1
5493,3471,3
5493,1272,3
5493,1193,1
5493,2883,1
5493,1907,4
5493,2589,1
5493,1171,3
5493,280,4
5493,875,2
5493,1897,2
5493,1523,3
5493,2841,1
5493,535,1
5493,2276,4
5493,1095,1
5493,3499,4
5493,767,1
5493,162,4
5493,1041,2
5493,1361,3
5493,3524,4
5493,2371,1
5493,2247,4
5493,2407,1
5493,1321,3
5493,2347,4
5493,3448,2
5493,2743,4
5493,3505,3
5493,3039,2
5493,3526,3
5493,1220,2
5493,2929,4
5493,2313,2
5493,3098,1
5493,2917,1
5493,1994,2
5493,1302,1
5493,3703,3
5493,2919,3
5493,1961,2
5493,1962,4
5493,2130,2
5493,2194,1
5493,1674,4
5493,1291,3
5493,2791,1
5493,2076,1
5493,1228,3
5493,1960,1
5493,1231,2
5493,3529,2
1395,1395,1
1395,2643,2
1395,2641,2
1395,2642,4
1395,2640,3
1395,3304,1
1395,1772,1
1395,1220,2
1395,2447,1
1280,3793,3
1280,3798,4
1280,2907,4
1280,3081,2
1280,3617,2
1280,1513,4
1280,3753,1
1280,2581,2
1280,3354,3
1280,3826,1
1280,3578,3
1280,3717,1
1280,3510,2
1280,2861,4
1280,2888,1
1280,2722,2
1280,3285,2
1280,1127,4
1280,2572,1
487,3176,1
487,2762,4
487,3174,3
487,2761,2
487,2712,1
487,3408,1
487,2683,3
403,3897,2
872,2161,2
872,3264,1
872,57,2
872,356,3
872,2985,4
872,1449,2
872,1956,1
872,1955,1
872,1266,4
872,1293,3
872,599,2
872,3365,1
872,1197,3
5329,2916,1
5329,190,2
5329,1293,1
5329,1449,1
5329,3551,2
5329,3852,1
5493,2968,3
5493,924,2
5493,1090,1
5493,1208,3
5493,2329,3
5493,111,3
5493,3342,1
5493,1956,4
5493,1955,1
5493,3551,2
5493,1293,3
5493,923,2
5493,3124,4
5493,3864,2
5493,3302,4
5493,3534,3
5493,3798,4
5493,3795,2
5493,3717,1
5493,3752,4
5493,3536,3
5493,3624,3
5493,3535,3
5493,3514,2
5493,3747,2
5493,3949,4
5063,110,4
2841,3484,4
2841,3316,2
2841,3752,4
2841,3717,4
2841,3906,2
2841,3285,1
2841,3318,2
2841,3950,3
2841,2918,3
2841,946,2
2841,1483,2
2841,2908,2
2841,1406,4
2841,1211,4
2841,2966,1
2841,1953,2
2841,228,4
2841,2068,4
2841,1037,1
2841,1544,3
2841,3300,4
2841,2600,4
2841,2393,4
2841,1965,3
2841,3527,2
2841,2407,1
2841,2311,1
2841,1196,2
3824,1719,4
3824,2542,3
3824,2320,4
1260,1611,3
1260,1682,4
1260,647,2
1260,1660,2
1260,2329,3
1260,3501,1
1260,2745,4
1260,2247,3
1260,2114,3
1260,2474,4
1260,2420,2
1260,1135,4
1260,3480,2
1260,1321,3
1260,2463,2
1260,1663,3
1260,1297,2
1260,2240,3
1260,1994,1
1260,2288,2
1260,2100,2
1260,3613,1
1260,3543,3
1260,3072,2
1260,1228,4
1260,3396,2
1260,2779,1
1260,3836,1
1260,2866,2
1260,1082,1
1260,3363,3
3751,2763,3
3751,2961,1
3751,2686,2
3751,3219,1
3751,2622,3
3751,2690,3
3751,2390,1
3751,2720,1
3751,2688,2
3751,2769,1
3751,3317,1
3751,2683,2
3751,2881,2
3751,2706,2
3751,2908,3
3751,2433,2
195,3911,3
2986,2360,3
2820,3593,2
2820,3826,3
2820,3798,3
2820,3755,1
2820,3578,4
2820,3949,3
5394,2005,2
5394,2985,2
5394,1240,4
5394,3783,3
1285,1996,1
1285,2375,1
5605,491,1
5605,2886,4
5605,2025,2
5605,2114,2
1285,2928,1
5605,3552,3
5605,2889,2
5605,2437,1
5605,2967,2
5605,3868,1
5605,2455,4
1958,2428,3
5605,3936,2
5605,3871,1
5605,1680,3
5605,2502,4
5605,3658,1
5605,3949,2
1579,1169,4
1733,215,3
5723,32,3
5723,2762,4
5723,2746,3
5723,3147,4
5723,3448,4
5723,1653,4
5723,3052,1
5723,1827,2
5723,2797,1
5723,1732,1
5723,1285,3
1107,3831,1
4634,3527,3
4634,2006,1
4634,3654,4
4634,377,3
4634,3418,4
4634,260,1
4634,1233,3
4634,1240,4
4634,3703,4
4634,2028,4
4634,1885,1
4634,1147,3
4634,176,1
1958,2580,4
3067,2857,3
3067,1035,2
3067,1951,4
3067,3546,3
3067,1028,2
3067,2067,2
3067,1084,3
3067,902,4
3067,1304,1
3067,1267,4
3067,1207,1
3067,1952,1
3067,915,4
3067,916,3
3067,926,2
3067,969,1
3067,922,3
3067,1104,3
3067,904,1
3067,2018,3
3067,973,2
3067,3792,4
3067,906,1
3067,943,1
3067,930,1
3067,898,1
3067,928,2
3067,3870,4
3067,942,4
3067,3435,2
3067,2840,4
3067,1648,2
3067,172,4
3067,61,3
3067,2062,2
3067,2190,3
3067,2441,1
3067,72,1
3067,613,3
3067,835,4
3067,261,1
3067,3723,3
3067,322,1
3067,388,1
3067,235,4
3067,2280,1
3067,2822,1
3067,455,1
3067,1562,3
3067,153,1
3067,786,3
3067,145,4
3067,1377,2
3067,3861,4
3067,3392,2
3067,2162,1
3067,413,2
3067,2346,1
3067,1285,3
1219,2530,1
1219,2532,2
1219,2529,2
1219,2533,1
1219,2531,2
5387,880,2
5387,273,4
5387,1862,4
5387,2782,4
5387,2654,4
2176,3741,1
151,3618,3
1865,2442,3
1865,1061,4
1865,319,3
1865,2435,2
1865,1354,4
1865,262,3
1865,1183,3
1865,2441,3
1865,3148,1
1865,1625,2
1865,1584,4
1865,3044,3
1865,1393,1
1865,302,2
1865,571,1
1865,994,2
1865,3252,1
1865,2766,3
1865,3246,1
1865,161,3
1865,2357,3
1865,2610,4
1865,3386,1
1865,308,1
1865,2329,4
1865,1358,3
1865,1280,1
1865,1277,4
1865,28,2
1865,215,1
1865,2544,2
1865,3147,2
1865,1089,4
1865,3418,3
1865,307,2
1865,1413,1
1865,3105,2
1865,1249,3
1865,2571,2
1865,1704,1
1865,213,3
1865,1639,4
1865,150,3
1865,523,4
1865,1361,4
1865,3515,2
1865,3481,3
1865,3783,1
1865,2128,4
3695,1391,2
3695,2273,4
3695,292,3
3695,3082,4
3695,1690,3
3695,1788,2
3695,1047,2
3695,2692,4
3695,288,2
1088,3068,4
3277,2791,4
3277,1680,3
3277,910,1
3277,39,3
3277,2174,4
3277,2248,2
3277,1960,2
3277,3625,4
3277,1387,4
3277,1294,1
3277,3499,4
3277,1307,4
3277,1267,2
3277,1282,1
3277,1094,1
3277,1394,4
3277,3897,2
3277,920,3
3277,1484,3
3277,265,2
3277,2700,4
3277,1885,4
3277,25,3
3277,1247,4
3277,1214,4
3277,1198,4
3277,260,1
3277,1206,2
3277,1201,3
3277,3819,4
3277,1196,4
3277,1089,2
3277,602,2
3277,750,1
3277,903,1
3277,1952,4
3277,1221,3
3277,541,2
3277,858,4
2176,594,1
2176,2731,3
3125,2316,3
3125,185,1
3125,237,3
3125,3249,1
624,2330,2
3125,371,1
3125,7,1
3125,288,3
3125,231,4
3125,2803,2
3125,2106,3
3125,1027,2
3125,1747,1
3125,3178,3
3125,1476,1
3125,1645,4
3125,104,1
3125,3107,1
3125,1095,1
3125,832,3
3125,265,1
2380,1978,3
2380,1979,1
2380,2471,2
3125,1188,4
1597,1266,1
1597,1240,4
3125,448,3
2380,923,4
3125,2599,2
3125,2671,4
3125,1653,1
3125,2268,3
3125,356,4
3125,293,3
3125,1,1
3125,1198,2
4834,296,4
4834,1179,1
4834,2268,1
4834,8,2
4834,10,2
4834,349,4
4834,2045,2
4834,733,2
4834,2006,2
4834,380,1
4834,590,1
4834,110,2
3125,2959,4
5394,3854,1
5394,741,1
4834,3114,4
4834,474,1
4834,1089,3
4834,1358,2
4834,3147,3
4834,608,2
4834,695,3
4834,1617,1
4834,1625,2
4834,1645,2
4834,1248,3
4834,3730,3
5333,1484,3
737,3213,3
737,3176,1
897,3316,4
897,3623,3
2784,3421,2
2784,3201,4
2784,1080,3
2784,3733,4
2784,1208,1
2784,3551,1
2784,3735,3
2784,1244,3
2784,2932,3
2784,1214,4
2784,1234,2
2784,1953,1
2784,3471,3
2784,3152,3
2784,3363,2
2784,2303,1
2784,1294,3
5723,1233,4
5063,1704,4
1051,2433,2
343,691,3
1340,2902,2
1340,3535,3
1340,2549,3
1340,1862,4
1340,3826,3
1340,3745,3
1340,2116,2
5636,3769,3
5636,3185,3
5636,3090,4
4126,193,1
4126,1682,3
5458,3328,1
5458,3317,1
5458,3481,1
5458,3897,2
1958,1358,2
5458,3010,1
5458,1569,4
5458,296,1
5458,2686,3
5458,2502,4
5458,3267,4
5458,3185,3
5458,1586,1
5458,2580,3
5458,639,4
5458,3090,2
5458,590,4
5458,999,3
2898,3943,4
1733,184,1
5636,2094,3
5636,733,2
5636,151,3
5636,879,3
5636,832,2
5636,1825,1
5636,509,2
5636,2490,4
5636,3177,4
5636,2723,3
5636,3591,3
5636,62,2
5636,52,4
5636,1831,1
5636,3703,3
5636,1544,1
5636,2468,1
5636,479,1
5636,2405,1
5636,1586,1
5636,449,3
5636,2794,4
5636,2353,2
5636,849,3
5636,225,3
5636,1370,1
5636,1175,4
5636,163,2
5636,432,1
5636,16,4
5636,3740,3
5636,2625,3
5636,1732,4
5636,1631,2
5636,1440,4
4834,3555,1
4834,3827,3
5636,2542,1
4834,1266,4
5536,2731,3
5536,423,1
5536,2443,2
5536,1136,2
5536,1080,3
4834,1355,3
5411,1941,4
5411,3723,3
5411,1411,4
5411,3668,4
3430,2943,4
1421,3754,4
1943,1267,4
4579,3225,3
4579,3717,1
4579,3719,2
4579,3744,1
4579,3512,3
4579,2340,4
4579,3264,3
4579,2706,1
4579,647,3
4579,2671,3
4579,356,1
846,858,3
1733,1112,3
3971,3717,3
169,3160,4
2018,2170,3
2018,913,4
2018,2333,1
2018,2952,2
2018,3480,1
2018,1865,2
2018,3618,1
1088,866,4
3074,1511,1
3074,3911,4
3074,3912,1
5394,2356,2
2114,3024,1
2114,1982,3
2114,1387,4
2114,1345,4
343,1749,3
3029,3326,1
3029,3831,1
3029,3893,3
3029,3317,2
195,1655,3
3359,926,1
3363,2870,4
3363,3911,1
3363,3555,2
3363,3536,3
1164,3514,4
1164,3536,2
1164,3566,3
1164,3408,3
1164,3556,1
1164,3822,2
1164,3571,4
1164,3515,4
528,3911,1
528,413,2
1015,512,3
1015,3238,1
1015,3553,1
1015,3328,3
1015,3326,3
846,2018,1
846,2078,4
846,1097,4
1088,3414,2
1088,348,2
3095,3238,2
3095,3510,1
5054,3547,2
5054,3134,4
5054,2179,4
5054,945,1
5054,959,3
5054,3262,4
1733,2589,1
3057,2248,2
3057,1923,3
3057,1258,4
3057,1196,1
3057,2762,2
3057,1639,1
3057,904,4
3057,1247,2
3057,1617,3
3057,2571,2
3057,1089,1
3057,260,1
3057,50,4
3057,1221,4
2022,2617,1
1019,678,2
1019,3112,1
846,1797,1
846,1136,1
846,1299,4
846,1230,4
846,1253,3
846,2019,4
846,1225,1
846,3095,4
846,2908,2
846,2248,3
1728,1201,4
1728,1754,3
1728,1270,1
5723,780,1
5723,1391,2
5723,1183,1
5723,356,3
5723,2890,3
5723,1927,1
5723,1035,4
5723,2078,1
5723,2300,1
5723,3889,4
5723,3879,1
5723,3623,1
5723,3744,4
5723,3481,3
5723,1660,1
5723,1222,4
1556,32,3
2063,3618,1
5096,21,4
5096,1060,4
5096,1639,3
5096,1704,3
5096,3246,1
5096,509,2
5096,1673,3
237,589,1
5096,994,1
5096,515,1
5096,1694,3
5096,334,2
5096,2289,4
5096,247,2
5096,34,1
5096,1213,4
5096,296,4
5096,1245,1
5242,1711,4
5242,3701,4
5242,2280,2
5242,367,4
5242,3019,1
5242,3521,4
5242,50,4
5242,2692,4
5242,608,4
5242,3178,3
5242,1953,3
5242,2912,2
5605,1301,4
5605,3481,2
5605,2550,3
5605,111,1
5605,2248,4
3057,2369,1
3057,2694,2
3057,3005,3
3057,2683,1
3057,2707,1
3057,2572,3
5394,316,4
5394,2046,4
5394,1653,4
5394,1352,1
195,2804,1
1019,3578,2
267,1242,2
267,3911,3
343,3114,4
343,1,1
3821,2488,4
4258,3408,1
3471,1234,2
3471,1263,1
3471,1204,4
1352,1923,4
3410,3317,4
4680,3317,3
1243,2155,4
5949,3555,2
5949,3578,4
5394,3822,2
4042,1292,4
4042,1562,3
4042,153,3
4042,1377,2
4042,592,4
4042,1704,2
2188,3798,3
3824,3893,1
3824,2889,4
1265,1197,2
1748,1266,4
4823,2871,4
624,3822,3
5096,2671,3
3055,1895,1
5359,1208,4
2092,379,4
2092,3144,1
2092,1013,2
2092,3372,4
2092,2896,2
2092,2993,1
2092,2983,1
2092,2285,3
2092,902,3
2092,2969,2
2092,3467,2
2092,1947,2
2092,3638,4
2092,2520,2
2092,3230,4
2092,1161,3
2092,2971,1
2092,2009,3
1733,1916,2
4950,2346,4
1524,1307,2
1051,2195,2
3457,1266,1
3457,215,2
3457,1411,1
3457,501,4
3457,3617,1
3457,3916,1
3457,3910,2
5956,2504,3
5956,3067,2
5956,337,4
1733,806,2
1352,2706,3
1352,1343,4
1352,2346,1
1980,3914,2
1088,1066,1
1088,1103,4
5956,2735,4
169,1344,1
169,1073,2
169,2005,1
169,1046,1
169,1135,2
4126,3479,4
195,1203,3
1579,2471,3
1579,3948,1
1579,3916,1
1579,3952,4
1579,3910,1
319,1197,2
319,3545,2
319,111,3
319,1997,3
319,1387,2
319,1234,1
319,3011,3
319,1964,3
319,2303,1
319,1012,4
319,1082,1
319,3813,4
319,1302,1
319,3950,1
319,2739,1
319,2439,4
319,1103,2
319,2866,2
319,3471,3
319,1096,4
319,3135,2
319,2070,2
319,2020,3
319,1090,3
319,3069,1
319,2194,1
319,2132,3
319,3733,1
319,3741,4
319,1097,2
319,1272,2
319,3201,3
319,1957,2
319,3498,1
319,3019,1
319,1954,1
319,2333,1
319,3147,1
319,3152,4
319,3347,4
319,2313,3
319,3062,4
319,1263,4
319,1208,2
319,1084,3
319,1952,2
319,1961,4
319,3360,4
319,3730,1
319,3789,1
319,3379,1
319,1244,1
319,920,1
319,3006,4
319,953,4
319,1950,2
319,3359,3
319,2612,4
319,1949,1
319,3068,4
319,3735,4
319,908,4
319,1228,3
319,1231,1
319,919,2
319,1250,3
319,1104,3
319,1247,3
319,912,4
319,1225,1
319,1207,2
319,3655,2
319,858,3
319,1221,3
319,3949,2
319,3646,2
319,3915,3
319,3173,3
319,986,3
319,2470,2
319,1955,1
319,1222,2
319,1956,1
319,3683,4
319,1293,2
319,3365,3
319,923,1
2041,2236,2
2041,475,4
2041,671,3
2041,1907,4
2041,2106,3
2041,1374,2
2041,1220,3
2041,805,1
2041,1584,2
2041,32,2
2041,1994,1
2041,592,1
2041,1103,3
2041,3071,3
2041,1210,1
2041,2020,4
2041,381,3
2041,1673,4
2041,1834,4
2041,150,1
2041,1179,2
2041,1413,3
2041,3499,4
2041,3000,4
2041,3152,1
2041,1962,4
2041,6,1
2041,1296,3
2041,3114,3
2041,1358,2
2041,3751,3
2041,3510,3
2041,3911,1
2041,3566,1
4829,1944,2
4829,1370,2
4829,2273,2
4829,3418,4
4829,592,3
4829,1220,3
4829,1376,4
4829,2194,3
4829,2527,3
4829,2013,4
4829,2640,1
4829,3066,3
4829,3062,1
4829,2944,1
4829,2662,4
4829,3300,2
1329,3617,2
1415,3902,1
1415,3624,1
1415,3623,1
5956,193,2
5956,1680,2
5956,2155,2
5956,377,4
5956,3844,4
5956,736,4
5956,207,2
5956,208,4
5956,1777,1
5956,2134,4
5956,3809,2
4258,1186,4
846,2425,4
846,2640,4
4600,2587,4
4600,1193,4
593,3623,4
593,3948,4
593,3556,1
593,3951,1
593,3720,3
593,3831,2
593,3408,1
593,3911,4
593,3949,2
5281,1071,3
102,1127,3
102,3177,3
102,3555,2
102,3326,1
102,3189,3
102,3745,4
102,3755,3
102,3618,4
102,3298,4
102,3534,2
102,3566,4
102,3915,1
102,3535,2
102,3357,2
102,3536,1
102,3578,1
102,3512,2
102,3751,2
3648,333,1
3648,1064,4
3648,2374,1
3648,2378,1
102,3793,3
102,3408,3
3648,2040,1
3648,2413,3
102,3554,1
102,2699,4
102,2416,3
102,912,4
102,1240,4
102,1755,2
3648,2423,4
3648,3501,1
3648,3033,4
3648,2249,2
3648,1380,2
3648,3785,2
3648,2247,3
3648,1194,1
3648,3301,2
1426,1220,3
1426,2421,3
1426,2431,3
1426,3254,2
1426,2706,4
3648,500,2
3648,2683,4
3648,2150,3
3648,2145,4
3648,3861,4
3648,2424,4
3648,367,1
3648,514,2
3648,2109,2
3648,2134,3
3648,3028,1
3648,3617,4
3648,3591,3
3648,3040,2
3648,2407,1
3648,3174,2
3648,2011,3
3648,3535,4
3648,3398,2
3648,1020,4
3648,2003,2
3648,1081,4
3648,3087,1
3648,2502,4
3648,141,1
3648,3397,4
3648,2144,2
3648,1663,1
3648,2174,4
3648,2243,1
3648,3039,4
3648,1297,3
3648,2915,2
3648,2795,2
3648,3526,2
3648,39,1
3648,1060,1
3648,1885,3
3648,2797,4
3648,3608,4
846,162,2
3648,1073,3
3648,45,3
3648,3361,1
3648,2716,3
3648,1968,2
3648,2396,1
5304,3301,2
5304,3753,1
5304,3793,3
5304,3287,4
5304,3751,4
3648,3563,3
3648,71,3
3648,2404,1
3648,315,3
3648,502,4
3648,393,1
3648,546,2
3648,1626,1
3648,886,3
3648,3440,4
3648,3432,4
3648,1681,3
3648,1170,4
3648,3877,2
3648,3768,4
3648,160,1
3648,20,3
3648,611,3
3648,459,2
3648,3257,4
3648,1562,1
3648,3710,4
3648,360,4
3648,438,4
3648,849,4
3648,2322,3
3648,2986,4
3648,2402,1
3648,420,4
3648,1373,2
3648,3705,4
3648,208,1
3648,204,3
3648,44,4
3648,2815,3
3648,2468,2
3648,2531,1
3648,809,1
3648,517,4
3648,1205,2
3648,423,4
3648,1320,4
3648,3444,3
3648,1825,3
3648,3717,4
3648,42,1
3648,2735,2
3648,2530,3
3648,2532,1
3648,387,4
3648,3404,3
3648,748,2
3648,3704,1
3648,3082,2
3648,3698,4
3648,2334,3
3648,2403,4
3648,2427,3
3648,145,4
3648,2414,3
3648,2641,3
3648,780,2
3648,2001,3
3648,3744,4
3648,1587,2
3648,10,4
3648,2105,1
3648,998,2
3648,2476,1
3648,3107,3
3648,2533,1
3648,1101,2
3648,3740,3
3648,2193,3
3648,1378,1
3648,1722,4
3648,3702,4
3648,368,1
3648,1580,2
3648,1376,3
3648,1527,1
3648,592,1
3648,1408,4
3648,1261,4
3648,2872,1
3648,555,1
3648,2000,2
3648,3310,4
3648,1210,3
3648,1200,4
3648,1196,4
3648,2422,4
3648,1978,3
3648,1979,1
3648,2471,3
3648,3392,4
3648,413,3
3648,528,2
3648,2421,3
3648,3173,2
3648,3254,3
3648,2470,3
3648,1092,3
3648,2005,1
3648,2916,1
3648,2985,2
3648,356,1
3648,1036,3
1120,2761,2
1120,3361,4
3833,1234,4
2041,1983,2
2041,2471,4
2041,3392,3
2041,2431,1
2041,2421,4
2041,3254,1
2041,3264,4
2041,2005,3
2041,3527,3
2041,2470,2
2041,2161,3
2041,1321,1
1958,3916,4
1958,3484,3
3693,2485,4
3982,3548,2
343,3671,1
343,2565,3
4763,2692,3
1778,1639,2
3312,2721,1
3312,1059,4
3312,3668,2
3312,477,1
3312,1961,1
3312,1958,2
3312,1797,2
3312,799,3
3312,1895,2
3312,171,3
3312,3174,4
3312,3852,1
3312,3536,4
3312,2324,2
3312,586,3
3312,3396,3
3312,2018,3
3312,1031,2
3312,1562,3
3312,2422,1
3312,2835,1
3312,839,2
3312,3946,3
3312,20,3
3312,434,1
3312,2405,4
3312,3704,1
3312,1833,2
3312,3452,1
3312,3717,4
3312,3702,1
3312,1356,3
3312,610,3
3312,457,3
3312,862,4
846,1207,3
4867,3033,1
4867,2325,1
2849,3051,3
2849,2707,1
2849,2683,1
2849,2706,3
2849,2699,3
2849,2492,1
2849,2572,3
624,2529,1
624,1295,2
624,1230,1
1422,2316,2
5996,2572,4
3471,110,1
3471,836,3
3471,1270,3
3471,3740,1
3471,3535,4
3471,3004,4
3471,1690,2
3471,1320,3
3471,1352,2
3471,1721,2
3471,2841,1
3471,1797,1
3471,3408,4
3471,671,4
3471,3175,3
3471,1,4
3471,342,3
3471,2871,3
3471,3328,2
3471,1305,1
3471,599,4
3471,650,1
3471,1952,3
3471,3598,2
3471,3000,2
3471,2932,3
3471,1079,1
1500,1240,3
1500,2504,1
1611,1259,4
1101,2422,4
1101,2471,2
1101,2421,3
1101,3254,4
1101,3173,4
1101,2706,4
1101,2470,3
1101,1956,4
1101,356,1
1101,1955,2
1101,1953,1
1101,923,3
1101,3683,1
1352,1741,1
5333,2911,1
1285,3571,1
1352,1206,1
1088,1408,2
1369,674,4
1369,1094,1
1369,2531,4
1369,2533,1
237,3147,3
4116,1220,4
4116,2993,4
4116,3639,4
4116,3635,3
4116,2947,2
4116,2949,4
4116,2944,2
4116,2948,3
4116,1953,2
4116,3654,3
4116,1387,1
4116,3418,1
846,1978,3
846,3254,4
846,3918,4
846,1983,1
846,2706,3
846,165,4
846,1092,2
846,356,2
846,1343,2
846,1370,2
846,2361,2
846,3253,1
846,3365,3
846,599,3
846,3683,2
846,3186,1
846,3717,4
4842,1884,3
1958,3821,1
5539,2068,1
5539,318,4
5539,527,1
2092,3499,1
2092,3498,2
2092,900,3
2092,915,4
2092,2070,1
2092,681,1
2092,3071,4
2092,966,2
2092,3604,2
1352,1266,4
343,95,2
4950,1197,3
3531,3952,2
3531,3751,4
3531,3911,3
3531,3897,3
3531,3783,4
5394,191,2
5394,455,4
5394,1833,2
5394,1884,3
5394,511,3
5394,764,3
5394,1271,4
5394,1735,3
5394,535,3
5394,3148,1
5394,150,3
5394,94,2
5394,1295,3
5394,1242,2
5394,1381,3
5394,3699,2
5394,2382,4
5394,2383,2
5394,2380,1
5394,2381,1
5394,2379,1
5394,2458,2
5394,2408,3
5394,3387,1
5394,2468,3
5394,2088,4
5394,2735,1
5394,2072,4
5394,2011,3
5394,2261,4
5394,2301,4
3285,471,1
3285,2761,3
3285,1320,3
3285,3618,4
1125,724,2
3995,1625,1
3995,3147,4
3995,608,4
3995,2762,1
3995,1036,2
3995,1219,2
3995,1079,1
3995,1210,3
3995,3702,1
3995,3300,3
3995,3186,3
3995,924,4
5205,3826,3
5205,3646,1
5205,3177,1
5205,3948,2
5205,3536,1
5205,3911,4
5205,3285,3
5205,3593,1
5205,3879,4
5205,3452,2
5723,2019,4
5333,3580,4
5333,3116,1
5333,3553,4
4748,923,4
4258,3785,1
1019,3932,2
1019,369,1
1019,806,1
1019,1721,1
1019,1268,3
1019,1836,1
1019,123,1
1019,506,4
1019,1358,4
1019,3571,3
343,1429,1
343,3717,4
5938,3859,1
5938,2494,1
5938,319,4
5938,1407,4
5938,482,4
5938,373,3
5938,1674,1
5938,2186,2
5938,924,4
5938,247,1
5938,457,4
5938,1200,2
5938,903,2
5938,908,2
5938,1248,4
5938,50,1
5938,160,4
5938,2,3
5938,303,3
412,3901,4
5938,2735,4
5938,1009,1
5938,1676,4
5938,3698,3
5938,112,4
5938,2133,1
5938,1261,2
412,3893,4
3057,3146,1
5938,349,4
5938,1073,3
5938,29,4
5938,1259,3
412,3783,4
3057,3897,4
5938,3254,2
5938,2005,1
5938,2671,2
5938,923,2
5938,3683,2
5938,3718,3
5938,3625,4
5938,3327,4
5938,2581,4
5938,2699,1
5938,537,4
5938,1513,3
5938,1391,4
5938,1904,3
5938,2060,3
5938,2759,2
5938,417,4
5938,2683,3
5938,1885,1
5938,344,4
5938,187,2
5938,562,3
5938,2572,2
5938,471,1
5938,3253,3
5938,1966,1
5938,1265,4
5938,1923,1
5938,3948,2
5938,3317,4
5938,3786,2
937,292,4
5412,165,2
1125,177,4
1125,2167,2
1125,3175,1
195,3158,4
3219,1608,4
195,2483,2
173,3698,2
173,2046,4
173,648,3
173,2641,1
173,2879,3
173,2528,4
173,1615,3
173,2880,4
173,2968,1
173,3699,4
173,1372,1
173,1374,3
173,2406,3
173,2115,4
173,10,3
173,1129,2
173,1261,3
173,2640,4
173,1376,4
173,1275,1
173,3168,1
173,480,3
173,590,2
173,1254,1
173,1085,1
173,1210,2
173,969,1
173,2366,1
173,1215,1
173,1274,2
173,1303,4
173,1198,4
173,2970,2
173,29,3
173,3000,4
173,1783,1
173,707,3
173,3706,4
173,2987,3
173,3683,2
173,164,3
1274,3419,2
1274,1244,2
1274,2728,3
1274,2132,2
1274,2067,3
1274,2920,2
1274,2203,1
1274,1284,3
1274,944,1
1274,2671,4
1274,356,3
1274,2006,1
1274,3076,3
1274,1202,1
1274,1343,2
1274,2985,2
1274,3253,3
1274,645,2
1274,1956,3
1274,3077,4
1274,1285,3
1274,1274,2
1274,3683,4
1651,2890,4
1651,599,4
1651,3196,4
1651,3441,4
1651,3512,1
1651,1210,1
1651,1090,4
1651,1262,1
1651,1222,2
1651,356,1
1651,266,4
1651,969,2
1651,1270,3
1651,912,4
3359,3089,1
5475,2770,2
897,2706,3
897,1092,3
897,2985,3
897,3527,1
897,1285,2
897,1955,4
897,1293,4
897,1240,2
1051,1598,1
1422,3798,1
3821,931,1
195,233,2
195,3835,3
195,2770,3
195,1518,3
195,85,1
195,2124,4
195,1274,1
195,969,2
195,1253,2
195,495,1
482,416,1
482,193,1
482,234,1
482,71,1
482,2461,2
482,2027,3
482,839,1
482,1882,2
482,55,2
482,276,4
482,2060,2
482,168,4
482,315,2
482,2606,2
482,2558,3
482,2435,2
482,237,2
482,2597,2
482,1100,2
482,95,2
482,1835,3
482,3173,4
482,2497,4
482,1485,2
482,112,4
482,507,3
482,3274,4
482,500,1
482,1385,2
482,1721,4
482,3186,1
482,1527,4
482,1807,2
482,408,1
482,650,3
482,1584,4
482,104,4
482,848,1
482,147,1
482,1442,3
482,141,2
482,1407,3
482,249,3
482,11,1
482,3100,4
482,2442,2
482,162,3
482,3163,1
482,62,3
482,1923,1
482,1245,1
482,3499,1
482,678,1
482,448,1
482,1,1
482,3916,3
482,3326,3
482,3534,1
482,3786,1
482,3452,1
482,3755,1
482,3298,3
482,3753,3
482,3793,3
4517,1625,4
1390,3861,1
1390,3751,1
1611,3101,2
1611,3478,1
1611,216,2
2092,3038,1
2092,2010,2
2092,944,2
2092,943,1
2092,1296,2
2092,3733,2
2092,2501,4
2092,1952,3
2092,2346,3
2092,1266,3
2092,1772,2
4448,431,3
953,3328,1
5394,252,1
5394,367,1
5394,852,3
5394,1485,3
5394,728,4
5394,2864,3
1125,3160,3
4277,3568,4
4277,1983,3
4277,3918,2
4277,2639,2
4277,3732,2
4277,3397,3
4277,1321,2
4277,3566,3
1958,3708,2
1834,587,3
1834,943,3
1834,1049,1
1834,2716,4
1834,3623,4
1088,3791,1
239,2435,3
5557,2019,3
195,3867,3
2015,1639,4
2015,2340,2
2015,1569,2
3519,2357,3
4829,3814,3
4829,3836,2
1647,3943,4
1647,413,1
1647,3254,4
1647,2706,1
1647,1953,3
752,1956,2
4867,1393,4
4842,2872,1
4842,3884,4
4842,2780,4
3301,1219,1
3301,2160,3
3301,2488,3
3301,3627,2
3055,1377,1
3055,1616,2
3055,3249,4
3055,3844,2
1556,904,1
1556,2010,4
2022,1569,4
2022,595,4
343,1635,1
2022,1721,2
2022,180,2
2840,466,2
2840,1479,4
2840,1320,1
2840,3438,4
2840,168,3
2840,1586,2
2840,303,4
2840,2427,1
2840,2617,4
2840,2812,4
2840,1037,3
2840,479,3
2840,2023,3
2840,288,2
2840,329,2
2840,493,4
2840,555,3
2840,6,3
2840,441,4
2840,2700,1
2840,3147,2
2840,293,4
2840,527,4
2840,1213,1
2840,2959,4
2840,1060,1
2840,3535,1
2840,3301,4
2840,3173,2
2840,3408,3
2840,2858,2
2840,1688,1
2840,1690,2
2840,1608,3
2840,410,4
2840,924,2
2840,2124,2
2840,344,3
2840,19,2
1125,3707,2
1125,31,3
1125,48,3
1125,2513,2
1125,1918,3
1125,3082,2
1125,1894,1
1125,1457,1
1125,2316,2
1125,1746,2
1125,1385,3
1125,163,2
1125,3157,4
1125,2085,3
1125,2331,2
1125,465,4
1125,835,2
1125,62,1
1125,2716,1
1125,1960,3
937,1978,3
937,1979,3
937,413,1
937,1983,2
937,2340,2
937,2005,4
937,1092,3
937,2639,1
937,2470,3
937,2327,4
937,2161,1
937,2346,1
937,3253,2
937,1569,1
937,3397,1
937,1343,2
937,1285,2
937,1449,1
937,1956,3
937,1982,1
937,356,4
937,1073,4
937,1240,2
937,1266,3
1125,2840,2
5484,2407,1
5484,3702,4
5484,1527,4
5484,1909,3
5484,1748,2
5484,3699,3
5484,1584,4
5484,1653,3
5484,1199,3
5484,1374,4
5484,3703,2
5484,1240,2
5484,1253,3
5484,1270,4
5484,1097,4
5484,2571,3
5484,1200,1
5484,541,4
5484,260,2
5484,1196,2
5484,2660,3
5484,589,1
5484,3430,4
5484,3471,2
5484,480,4
5484,3362,2
5998,1895,1
5998,3045,4
5998,351,2
5998,350,4
5998,2165,2
5998,253,3
5998,2432,1
5998,1399,2
5998,1589,1
5998,381,3
5998,1059,1
5998,1805,3
5998,832,1
5998,1683,2
5998,1747,4
5998,509,2
5998,3118,1
5998,508,3
5998,21,3
5998,16,3
5998,261,4
5998,1177,4
5998,805,2
5998,151,2
5998,1885,3
5998,3145,3
5998,2291,3
5998,2268,2
5998,337,3
5998,1038,4
5998,2333,2
5998,1094,3
5998,534,4
5998,2272,2
5998,150,2
5998,685,2
5998,475,1
5998,3713,4
5998,2442,1
5998,3260,2
5998,2959,2
5998,25,3
5998,608,4
5998,296,4
623,3683,2
623,1274,1
623,3747,3
4126,1487,1
5322,909,3
4753,1197,2
4753,1293,1
5998,538,1
5998,2433,2
5998,2439,4
5998,425,1
5998,299,2
5998,3176,4
5998,1397,1
5998,2712,4
5998,2125,1
5998,3252,3
5998,412,3
5998,1672,4
5998,224,2
5998,3186,4
5998,515,3
5998,222,1
5998,2250,2
5998,1183,3
5998,531,2
5998,3148,1
5998,2071,3
5998,1120,2
5998,3160,3
5998,1660,2
5998,345,3
5998,55,1
5998,1635,4
5998,1678,3
5998,994,4
5998,627,2
5998,628,4
5998,300,3
5998,477,1
5998,838,2
5998,3255,1
5998,3125,2
5998,265,3
5998,3108,4
5998,1810,4
5998,1061,2
5998,11,2
5998,1680,4
5998,1729,3
5998,647,3
5998,1179,2
5998,1721,2
5998,1594,2
5998,45,3
5998,1784,1
5998,1466,2
5998,161,3
5998,1271,3
5998,14,2
5998,562,2
5998,1673,4
5998,1041,4
5998,3418,2
5998,235,1
5998,1393,3
5998,1682,3
5998,590,3
5998,1639,1
5998,1060,2
5998,778,1
5998,3105,2
5998,1584,4
5998,36,2
5998,1354,2
5998,2336,4
5998,3386,1
5998,2908,3
5998,800,4
5998,110,3
5998,448,3
5998,866,1
5998,293,4
5998,1719,1
5998,2289,1
5998,3250,3
5998,3083,1
5998,535,2
5998,34,4
5998,2324,3
5998,3147,3
5998,1704,2
5998,2028,2
5998,593,2
5998,2858,3
5998,527,1
5998,1213,4
5998,318,1
5998,3825,1
5998,3914,3
5998,3952,4
5998,3317,3
5998,3949,2
5998,3897,4
5998,3910,4
3285,2826,2
5998,3753,1
5998,3409,3
5998,3510,3
5998,3556,2
5998,3298,3
5998,3594,4
5998,3408,2
5998,3578,4
3821,2569,2
4543,3752,3
4543,3510,1
4543,3578,2
3312,917,2
3312,2436,3
3312,2442,1
1733,1785,2
3312,3783,4
4867,1260,4
4867,2804,1
4867,2109,3
4867,1777,2
4867,2302,2
4867,45,1
4867,3174,4
4867,2500,4
4785,2135,4
1088,2006,3
3503,1517,3
3503,325,1
3503,1020,4
3503,2891,3
3503,1449,2
3503,2117,3
3503,3364,1
3503,3952,4
3503,180,2
3503,2717,4
3503,2195,4
3503,2674,3
3503,2386,1
3503,948,4
3503,170,3
3503,3285,1
3503,3326,4
3503,3566,3
3503,3831,4
3503,3408,1
3503,741,3
3503,1269,2
3503,3386,2
3503,2686,3
3503,903,1
3503,3910,3
3562,3148,2
2176,1260,3
4934,1196,1
4934,527,1
4934,2054,1
4934,2033,2
4934,1097,4
4934,1064,4
4934,1359,3
4934,586,3
4934,2384,1
4934,1688,4
4934,364,2
2859,1,1
2859,1148,4
2859,2502,2
2859,3901,2
1812,60,3
4867,3948,1
4867,2492,3
3106,2542,4
4277,2649,3
4277,1758,1
4277,3192,3
5394,3358,4
4312,444,1
4312,1351,1
4312,3919,2
4312,2953,1
4312,1439,2
4312,1726,3
4312,1644,3
4312,1440,3
4312,193,4
4312,1973,1
4312,3,4
4312,2713,4
4312,2269,1
4312,276,4
4312,1043,3
4312,3173,1
4312,2806,3
4312,885,2
4312,1856,2
4312,2581,4
4312,2977,2
4312,542,1
4312,2297,2
4312,3869,4
4312,2432,2
4312,697,1
4312,2694,2
4312,2316,3
4312,1920,3
4312,7,4
4312,892,4
4312,597,4
4312,339,1
4312,3053,2
4312,802,1
4312,344,2
4312,1609,1
4312,252,1
4312,372,1
4312,175,3
4312,1735,3
4312,524,4
4312,2124,3
4312,2600,1
4312,2294,4
4312,1441,2
4312,708,1
4312,1059,3
4312,595,2
4312,1473,1
4312,3390,4
4312,1988,3
4312,2862,1
4312,2264,1
4312,2950,1
4312,3042,3
4312,3707,3
4312,1088,2
4312,1205,2
4312,2146,4
4312,3398,1
4312,3844,1
4312,2076,2
4312,3679,3
4312,2114,3
4312,3672,1
4312,1371,1
4312,1194,2
4312,1009,4
4312,2034,3
4312,3682,3
4312,1007,1
4312,3040,3
4312,1327,4
4312,1987,3
4312,1972,2
4312,1975,4
4312,3938,4
4312,2668,1
4312,2900,2
4312,3660,1
4312,3918,2
4312,3917,1
4312,1130,1
1733,1939,4
1733,3365,2
4867,2770,1
4823,2529,2
1776,3755,1
1776,3882,2
1733,923,2
5689,36,2
1142,2622,4
3693,1207,3
331,517,1
331,1662,1
331,164,2
1279,2273,4
1943,3467,1
1780,2497,3
1125,1735,1
1780,3755,3
1780,3784,1
1780,2858,2
1780,3884,2
1780,1476,1
3592,2531,1
3592,3916,2
3592,3452,2
355,1376,2
355,1375,1
355,1356,4
355,329,3
4312,3394,3
4312,3593,1
4312,3597,3
4312,3946,3
4312,3826,2
4312,3616,2
4312,3285,4
4312,3717,2
4312,3752,4
4312,3452,2
4312,3825,1
4312,3798,2
4312,3513,1
4312,3785,3
4312,3860,3
4312,3755,1
4312,3617,4
4312,3753,3
4312,3831,4
4312,3556,1
4312,3555,2
4312,3623,2
4312,3300,1
4312,3535,1
4312,3298,1
4312,3948,1
4312,3893,1
4312,3408,3
4312,3863,3
4312,2080,3
4312,3793,2
4312,3178,4
4312,1094,4
4312,280,3
4312,1906,2
4312,1921,2
4312,3896,1
4312,1120,1
4312,2078,3
1733,1212,4
4312,3461,3
4312,3071,2
4312,3751,3
4312,969,2
4312,3952,1
4312,373,1
4312,3018,1
4312,2248,1
4312,1960,4
4312,3453,4
4312,3396,4
4312,3897,3
4312,912,4
3626,3039,1
3626,3253,4
3626,3536,4
3626,1285,3
3626,1276,1
3626,3897,2
3626,1394,2
3626,3088,3
3626,32,1
3626,903,2
3626,1617,2
3626,1136,2
3626,904,4
3626,541,2
5333,2329,4
195,1294,2
1597,2421,4
1597,2470,1
1597,1092,4
1597,3264,2
1597,2916,3
1597,356,3
1597,1293,4
1597,1955,3
1597,1073,4
1597,1285,4
1597,3551,4
1597,1197,2
1597,923,2
1597,3683,4
3512,1805,3
3512,2836,1
3512,2640,2
3512,597,1
3512,3526,1
3512,592,2
3512,62,4
3512,1635,1
3512,3255,3
3512,3916,2
3512,3481,3
3512,1079,1
3512,50,4
3821,928,2
4448,1449,3
3842,908,3
3842,1945,3
5475,3452,1
5475,2329,4
3471,1095,4
3471,3504,3
3471,2872,1
3471,3852,4
1851,3484,4
1851,3515,2
1851,3408,2
1851,3783,3
1851,1978,2
1851,1979,4
1851,2162,4
1851,1983,1
1851,2514,3
1851,1092,2
1851,3264,3
1851,356,4
1851,2161,4
1851,1982,2
1851,2006,4
1851,3077,3
1851,923,3
1851,461,2
1851,1073,2
4277,3625,4
1941,3916,1
1505,3618,4
840,1372,4
5394,2616,1
5394,2759,4
1954,3624,4
1954,3952,3
4934,3097,4
4934,232,1
4934,3044,1
3821,751,3
4934,1408,3
4934,2081,4
4934,1247,4
4934,2431,2
4934,1569,1
4934,2470,1
4934,647,2
4934,1073,3
4934,1641,2
4697,3484,1
4867,2273,3
5458,3035,4
1088,2177,1
239,745,2
4593,110,4
4593,3911,2
4593,1784,4
237,1387,2
237,3897,4
2022,1270,4
1733,2460,3
1733,1389,4
1733,2668,4
1733,2513,4
1733,3017,3
1733,3696,4
1733,3573,1
1733,2462,1
1733,1993,3
1733,2338,2
1733,1644,1
1733,3355,1
1733,183,3
1733,2880,4
1980,554,4
1421,101,2
195,2683,3
195,1517,2
195,1944,1
2076,1354,2
1611,3791,3
996,3897,2
1733,2138,3
438,2692,1
3562,3594,3
2898,482,4
2898,319,1
2898,457,4
2898,1682,3
2898,1120,4
2898,1584,3
2898,3052,2
2898,150,4
2898,1748,4
2898,2762,4
2898,1265,3
2898,2291,2
2898,2321,1
2898,2396,4
2898,1704,1
2898,3114,2
2898,47,1
2898,2890,3
2898,593,3
2898,318,1
2898,3481,2
2898,1639,3
169,3173,3
169,3254,3
5475,69,4
5424,500,4
5424,260,2
5424,1198,3
5424,3948,3
5424,3897,1
5956,3791,3
696,2683,1
696,2770,1
3688,1354,2
3688,3730,4
183,1293,3
183,1206,2
183,1719,3
183,3129,2
183,2770,1
2063,2169,2
2063,3147,2
727,2908,3
727,2858,4
5956,3910,2
5333,2726,3
5636,3266,3
5636,3836,4
5636,2941,4
5636,1244,4
5787,910,3
5787,3097,1
5787,2858,3
5787,2159,2
5787,824,3
5787,253,1
5787,1347,1
5787,3081,4
5787,1339,4
5787,2454,1
5787,1994,2
5787,407,4
5787,1321,3
5787,1407,2
5787,2654,4
5787,2633,4
5787,3476,1
5787,2288,1
5787,3727,3
5787,1258,1
5787,3018,2
5787,2118,2
5787,1982,4
5787,2716,4
5787,1261,3
5787,1997,4
5787,2644,3
5787,2664,3
5787,1333,2
5787,1340,1
5787,2648,3
5787,1387,2
5787,1219,4
5787,1348,1
5787,1278,3
5787,3920,1
5787,2161,4
5787,367,1
5787,2622,4
5787,788,4
5787,2100,2
5787,3706,4
5787,1179,4
5787,1248,1
5787,2203,3
5787,2186,1
5787,2950,3
5787,2642,4
5787,2051,3
5787,1562,1
5787,1605,2
5787,2735,2
5787,1591,2
5787,1917,1
5787,1373,4
5787,455,4
5787,153,2
5787,2471,3
5787,2429,2
5787,674,1
5787,1587,2
5787,2037,2
5787,3674,3
5787,208,3
5787,761,2
5787,2405,2
5787,329,4
5787,3672,4
5787,1552,2
5787,2615,1
5787,1371,1
5787,3807,2
5787,558,1
5787,380,3
5787,1377,1
5787,1049,3
5787,2005,3
5787,10,3
5787,1009,3
5787,2143,4
5787,2094,4
5787,648,2
5787,112,1
5787,552,1
5787,316,3
5787,2617,1
5787,107,1
5787,3036,1
5787,2414,3
5787,3834,4
5787,2115,4
5787,733,4
5787,2006,4
5787,3755,3
5787,2133,1
5787,3770,1
5787,3927,2
5787,2167,4
5787,1215,4
5787,1275,4
5787,2406,2
5787,592,2
5787,3104,3
5787,3461,2
5787,1183,2
5787,1222,1
5787,1263,3
5787,110,1
5787,3342,3
5787,1960,4
5787,1094,1
5787,1224,1
5787,946,1
5787,41,3
5787,2944,4
5787,1208,4
5787,2067,4
5787,920,1
5787,3196,1
5787,1090,4
5787,1944,2
5787,1250,4
5787,2028,4
5787,1272,2
5787,1294,2
5787,1299,1
5787,527,3
5787,1797,1
5787,1381,4
5787,2088,4
5787,1760,4
5787,327,2
5787,2135,2
5787,2877,2
5787,1688,4
5787,1288,2
5787,3675,4
5787,2946,3
5787,3604,3
5787,1057,1
5787,1088,3
5787,1022,3
5787,364,2
5787,1947,1
5787,2096,2
5787,1030,3
5787,1031,1
5787,1093,3
5787,1566,1
5787,2746,3
5787,1024,3
5787,3142,1
5787,2083,2
5787,2857,1
5787,1298,4
5787,1380,3
5787,2394,4
5787,1081,4
5787,3725,2
5787,588,2
5787,3199,2
5787,2081,2
5787,2099,4
5787,1282,1
5787,3061,4
5787,1951,3
5787,1220,3
5787,2078,3
5787,2863,4
5787,551,2
5787,3549,1
5787,1032,4
5787,1035,4
5787,2941,1
5787,2971,2
5787,900,4
5787,595,3
5787,3612,3
5787,1028,4
5787,1029,4
5787,914,3
5787,938,4
5787,945,3
5787,2080,4
5787,594,2
5787,918,1
5787,919,2
5787,2565,1
5787,3545,1
5787,346,4
5787,2300,4
5787,2951,4
5787,590,3
5787,416,4
5787,1007,3
5787,2012,3
5787,383,4
5787,458,2
5787,1378,2
5787,303,1
5787,266,3
5787,368,2
5787,3873,1
5787,1209,3
5787,3671,3
5787,1266,2
5787,714,3
5787,1201,2
5787,599,1
5394,353,1
5394,3422,3
5394,1101,3
5394,1408,1
5394,123,4
5394,555,2
5394,1210,2
5394,928,3
5394,25,3
1710,1399,1
4258,2759,4
4867,3893,4
4867,3752,1
1117,546,2
1117,2253,4
1117,2514,4
1117,3709,4
1117,3802,2
1117,486,4
1117,370,3
1117,3146,1
1117,3489,4
1117,3439,4
1117,2805,2
1117,3528,2
1117,786,3
1117,1727,2
1117,1037,2
1117,2393,3
1117,466,3
1117,2126,2
1117,586,1
1117,89,3
1117,95,4
1117,1917,1
1117,3869,3
1117,1920,3
1117,414,2
1117,2297,1
1117,3264,2
1117,597,2
1117,1699,4
1117,2165,4
1117,468,1
1117,1183,3
1117,3082,1
1117,1552,1
1117,805,2
1117,2826,2
1117,1835,2
1117,2710,4
1117,1573,2
1117,380,2
1117,3450,3
1117,491,4
1117,500,4
1117,339,4
1117,1429,1
1117,253,4
1117,156,4
1117,1485,3
1117,1614,3
1117,3261,3
1117,372,1
1117,2435,3
1117,2763,4
1117,345,2
1117,2496,4
1117,383,4
1117,2500,3
1117,507,3
1117,2447,4
1117,249,2
1117,1271,2
1117,1215,4
1117,377,2
1117,1057,3
1117,2394,3
1117,1517,2
1117,151,3
1117,2583,3
1117,1653,3
1117,3147,1
1117,1777,2
1117,1729,2
1117,2268,1
1117,1594,2
1117,180,3
1117,590,1
1117,741,4
1117,3148,2
1117,161,2
1117,307,1
1117,2542,2
1117,3100,1
1117,3499,4
1117,2693,4
1117,2580,4
1117,2336,3
1117,3386,4
1117,1223,4
1117,1923,2
1117,150,4
1117,194,1
1117,308,1
1117,32,1
1117,1635,2
1117,2599,1
1117,47,2
1117,3271,1
1117,1147,2
1117,1639,1
1117,2571,4
1117,800,3
1117,1148,1
1117,296,4
1117,3908,2
1117,3785,3
1117,3896,3
1117,3911,4
1117,3317,1
3363,1073,1
2063,3052,1
2063,1992,2
2063,830,4
2063,3213,2
2063,1648,4
1733,2465,4
4448,3897,1
5317,2774,2
5317,2596,1
5317,3949,2
5317,1644,4
5317,1464,2
5317,2076,4
752,3289,1
752,3747,4
2810,3253,3
2810,3397,1
2810,2916,2
752,3127,1
2810,1197,1
3203,1092,2
3203,2706,1
752,2773,1
3203,986,3
3203,2916,2
3203,3253,2
3203,1321,1
3203,1955,4
3203,356,3
3203,1956,2
3203,1036,3
3203,593,4
5333,908,4
5792,86,1
5792,2600,3
5792,2763,3
5792,2702,2
5792,2395,3
5792,2396,2
5792,2841,4
5792,2485,4
5792,2394,1
5792,3219,3
5792,2734,2
5792,2390,4
5792,2761,1
5792,2688,3
5792,3175,2
5792,2599,1
5792,3016,2
5792,2908,3
5792,2147,1
5792,223,3
5792,3863,2
5792,2683,2
1954,3865,1
5792,3949,2
1954,3914,2
5792,2677,4
5792,3007,1
5792,3182,1
5792,2064,3
5792,3254,3
5792,2470,2
5792,1092,1
5792,2639,4
5792,1321,3
5792,2706,4
5792,3527,1
5792,1344,3
5792,1982,1
5792,3253,2
5792,1370,1
5792,2916,1
5792,356,1
5792,1073,4
5792,1449,4
5792,1956,4
5792,1206,3
5792,1222,4
5792,1036,2
5792,1274,2
5792,3551,4
5792,3484,3
5792,3285,3
5792,3457,2
5792,3744,3
5792,3755,1
5792,3555,2
5792,3535,3
5792,3571,2
5792,3718,2
5792,3753,1
5792,3793,1
5792,3556,2
5792,3408,4
5792,3578,3
5792,3751,3
5792,3328,2
5792,2606,4
5792,2389,2
5792,2793,1
5792,2315,2
5792,196,3
5792,532,3
5792,1690,4
5792,382,1
5792,1645,4
5792,70,3
5792,2976,1
5792,1320,3
5792,3476,1
5792,2710,4
5792,3499,4
5792,1339,2
5792,1352,3
5792,29,2
5792,2674,1
5792,2447,3
5792,24,1
5792,2297,1
5792,31,1
5792,1611,3
5792,1542,4
5792,1589,2
5792,2433,4
5792,1027,1
5792,491,3
5792,358,1
5792,350,3
5792,1876,2
5792,345,3
5792,1701,1
5792,3261,1
5792,1805,3
5792,3107,3
5792,1093,3
5792,147,1
5792,2560,3
5792,11,3
5792,1810,1
5792,1051,4
5792,3174,4
5792,3145,1
5792,272,4
5792,3179,4
5792,481,1
5792,647,4
5792,2231,4
5792,2023,2
5792,232,3
5792,3176,2
5792,175,3
5792,988,2
5792,3115,4
5792,1693,4
5792,1694,2
5792,292,2
5792,2596,4
5792,253,2
5792,2271,2
5792,2442,1
5792,524,2
5792,778,1
5792,1729,1
5792,475,3
5792,16,4
5792,3252,1
5792,1721,3
5792,1179,4
5792,574,2
5792,3250,4
5792,62,4
5792,161,3
5792,590,4
5792,2071,4
5792,508,3
5792,766,4
5792,3060,3
5792,1584,4
5792,1120,4
5792,3147,3
5792,522,1
5792,2501,2
5792,3266,2
5792,3160,2
5792,1873,2
5792,73,3
5792,2333,3
5792,1704,1
5792,2289,2
5792,2966,3
5792,3386,3
5792,25,4
5792,235,3
5792,32,4
5792,150,1
5792,1095,4
5792,2329,4
5792,36,3
5792,2336,1
5792,318,4
5792,260,2
4867,2502,1
1117,2431,2
1117,3254,2
1117,1449,3
840,2639,3
840,1955,2
840,1569,1
840,3253,4
840,356,1
195,3266,3
3821,1331,2
195,774,2
195,2097,4
1265,3556,3
1265,3535,1
1265,3578,3
1265,3408,4
1265,3298,2
1265,3624,2
1265,3509,2
1265,3512,4
1265,3185,4
1265,3481,3
1265,3915,1
1265,1704,2
1265,1258,2
1265,2918,3
1265,293,4
1265,238,4
1265,2571,4
1265,1639,2
1265,3006,2
1265,3910,2
1265,32,2
1265,375,4
1265,3317,4
1265,1193,1
1265,2336,2
1265,1673,4
1265,2596,2
1265,47,1
1265,3114,3
1265,2329,1
1265,2997,1
1265,1292,2
1265,909,4
1265,3078,2
1265,1222,4
1265,904,1
1265,3181,3
1265,2959,3
1265,3897,3
1265,912,3
1265,1956,3
1265,1635,2
1265,1617,3
1265,2318,3
1265,1230,4
1265,260,4
1265,111,1
1265,916,4
1265,1247,1
1265,1206,2
1265,50,1
1265,541,1
1265,1199,3
1265,593,3
1265,3362,4
1265,2648,1
1265,1411,3
1265,954,1
1265,767,4
1265,2858,3
1265,750,1
1265,525,4
1265,318,4
1265,1952,2
1265,924,2
1265,608,2
1265,296,4
195,2762,3
4277,1364,3
4277,3513,3
4277,2320,2
3462,1059,3
3462,2987,2
3462,2763,3
3462,2106,3
3462,111,3
3462,2700,1
3462,3712,3
3462,551,1
3462,46,1
3462,1265,3
3462,858,3
3462,1097,1
3462,2369,2
3462,1343,4
3462,2997,3
3462,3275,3
549,3820,4
549,3300,1
549,3717,2
549,3744,1
549,3324,2
549,3617,2
549,3785,3
549,3536,2
549,3189,4
549,3825,4
549,2671,4
549,2763,1
5458,1244,1
5458,2301,2
1088,2245,1
1088,931,2
1088,1936,2
5565,1513,1
5565,468,1
5565,2492,2
5565,1629,4
5565,224,3
5565,7,2
5565,1377,3
5565,1689,4
5565,2424,4
5565,187,2
5565,2770,3
5565,537,4
5565,2436,4
5565,2539,3
5565,552,3
5565,2169,2
5565,3477,4
5565,471,3
5565,587,2
5565,2683,1
5565,1569,1
5565,1476,3
5565,2124,1
5565,597,3
5565,1648,3
5565,1485,4
5565,45,4
5565,1753,3
5565,2709,4
5565,2572,4
5565,3255,1
5565,539,1
5565,52,4
5565,1747,1
5565,450,4
5565,838,3
5565,232,3
5565,141,2
5565,1777,1
5565,2302,3
5565,1188,4
5565,514,4
5565,543,4
5565,2542,4
5565,2706,1
5565,551,1
5565,3874,3
5565,2324,4
5565,3253,2
5565,441,1
5565,1517,3
5565,2355,2
5565,588,1
5565,1923,2
5565,2395,1
5565,2502,4
5565,1,4
5565,1732,1
5565,2321,2
5565,2700,4
5565,1060,2
5565,356,2
5565,2997,3
5565,745,3
5565,1148,4
5565,3114,2
5565,2428,3
5565,3786,1
5565,3618,4
5565,3535,2
5565,3943,1
5565,3536,4
5565,3893,1
5565,3481,2
5565,3566,2
5565,3897,3
5565,2054,1
5565,2093,3
5565,2105,4
5565,2140,1
5565,2827,1
5565,1037,1
5565,3175,4
5565,2600,2
5565,1527,1
5565,1921,3
5565,3863,4
5565,1376,4
5565,2529,4
5448,3129,2
5448,2908,2
4867,2568,1
4867,1923,4
195,2615,3
195,2134,3
2380,3821,4
2380,3861,3
2380,3952,3
195,3787,1
195,300,2
1943,1250,1
5387,2648,1
5387,1999,3
5387,1984,2
5387,12,3
5387,1970,4
5387,3840,2
5387,879,2
5387,1327,1
5387,1991,4
5387,1998,1
5387,2367,2
5387,3917,4
5387,1690,4
5387,3785,2
3768,3000,2
1579,3331,2
1579,2374,3
1579,1091,2
1579,2145,2
1579,3525,3
1579,2378,2
1579,2792,2
1579,3087,1
1579,2301,4
1579,1378,3
1579,2423,1
1579,1285,1
1579,2077,1
1748,2936,3
1748,3683,4
1579,2431,4
137,1391,1
137,3053,2
137,1586,1
137,1619,2
137,303,1
137,1266,2
137,383,4
137,553,4
137,266,2
137,1343,1
137,50,4
137,47,4
137,1603,3
137,1876,4
137,780,1
137,1527,3
137,1573,2
137,2393,4
137,1653,2
137,32,4
137,1921,1
137,2497,3
137,736,3
137,1801,4
137,3,1
137,2340,3
137,236,3
137,7,1
137,252,4
137,1479,1
137,1441,4
137,587,1
137,249,3
137,2424,4
137,852,2
137,597,2
137,1183,3
137,105,1
137,509,4
137,539,3
137,58,2
137,440,1
137,2291,3
137,1680,4
137,11,4
137,1777,3
137,265,2
137,2998,1
137,1094,4
137,357,4
137,377,2
137,1639,3
137,25,4
137,356,3
137,1265,4
137,1464,4
137,1590,1
137,2873,3
137,1422,1
137,1092,1
137,2583,4
137,1909,1
137,1597,4
678,1167,1
137,1617,3
137,3386,3
137,242,4
137,1057,3
137,1416,4
137,551,1
137,595,4
137,2394,1
137,196,1
137,253,4
137,532,1
137,1339,4
137,1407,2
137,1920,3
137,317,3
137,300,3
137,235,2
137,2890,1
137,1584,4
137,1120,3
137,36,3
137,150,3
137,1704,2
137,34,4
137,1213,4
137,1280,2
137,527,2
137,318,1
137,762,3
137,2002,3
137,70,3
137,1711,1
137,3247,4
137,1918,4
137,1645,2
137,367,1
137,164,4
137,1732,2
137,2268,2
137,296,4
137,608,1
137,1089,1
137,3107,3
137,507,3
137,288,2
137,316,3
137,2273,1
137,3256,1
137,42,1
137,2353,3
137,2427,1
137,1408,3
137,3418,1
137,457,2
137,2571,4
137,110,2
137,2692,2
137,2028,2
137,1610,1
137,589,2
137,168,1
137,2617,1
137,3269,4
137,1894,1
137,1377,4
137,208,4
137,1544,2
137,1676,3
137,648,3
137,653,4
137,329,3
137,1049,2
137,349,4
137,1372,1
137,2006,3
137,2628,2
137,1356,3
137,1580,3
137,733,2
137,986,1
137,590,2
137,2167,3
137,2916,3
3072,1455,4
1088,1124,4
3562,144,1
4933,970,4
2188,308,2
5394,165,4
5394,1370,4
5394,2161,1
5394,1036,3
5394,1206,2
5394,3913,1
5394,2883,4
3821,2594,2
4867,2060,1
4867,3326,4
4867,3897,2
4867,2706,3
3519,74,1
355,1754,3
355,2273,4
2395,380,3
2395,2871,1
2395,3706,3
4258,3536,3
1715,2769,4
1715,1036,2
1715,593,1
3013,1850,3
1088,2203,2
1088,2268,1
1088,2180,4
2395,3566,4
2395,3255,4
2395,2700,3
678,3555,4
678,3784,1
1219,913,2
1219,3827,1
1219,3452,2
2188,3168,3
2395,1892,3
749,3598,3
749,1428,1
2023,3896,4
2023,3949,3
2023,1221,2
2023,858,2
3940,1900,1
3410,2959,1
2060,1060,1
4126,1094,1
3462,1235,4
438,3852,4
438,3163,4
2114,593,2
5413,3949,3
5413,2769,4
4089,356,3
4089,1073,1
1203,2161,3
1203,2470,4
1088,2612,2
2106,2952,3
727,2312,3
727,2499,1
2106,1292,2
3547,3749,3
3547,3858,2
593,2774,4
1954,2721,3
1954,3827,2
1954,3794,1
3051,2366,3
3051,1639,2
3051,2771,1
3051,1080,4
3051,3565,2
3051,3825,1
3051,3785,4
3051,3301,4
3051,3948,4
3051,3535,3
3051,3624,2
3051,3566,4
338,2891,3
1733,2149,4
1733,2340,1
1733,3254,2
1733,356,3
1733,3253,2
1733,3052,3
5956,2266,3
1421,3608,2
4867,3556,4
897,3793,4
897,1735,2
2022,249,4
2022,1639,1
2022,3489,1
2022,2628,2
2022,367,3
2022,3301,3
2022,1552,3
2022,368,3
2022,380,1
2022,2912,2
2022,2916,2
2022,450,4
2022,235,1
2022,1500,4
2022,2302,2
2022,1883,4
2022,588,1
2022,1923,2
2022,551,2
5998,1387,2
5998,1388,1
5998,1389,2
4829,924,2
4829,968,2
4829,2528,3
4829,1129,1
3821,3415,2
1556,1260,1
1556,258,1
1556,354,4
1556,3751,4
1556,2932,3
1551,2889,4
2060,3911,3
3520,593,3
2760,1212,1
1733,882,4
1733,1880,1
5956,2628,4
1088,900,4
5333,306,2
2060,1483,1
3410,3911,4
3410,1784,4
3821,3793,1
4697,1866,3
5991,461,3
5991,3077,4
624,1860,2
2168,1293,4
2168,3253,2
2168,1036,4
2168,1955,3
4867,3481,3
1088,3264,1
1088,356,1
331,1302,3
331,3361,3
331,2973,2
331,1258,2
1088,628,2
331,483,4
331,246,4
331,2624,1
331,3827,3
331,3457,3
331,3298,2
331,3747,3
331,3534,3
331,3566,3
331,3911,2
331,3751,3
331,3946,3
331,3623,1
331,3952,1
331,3318,2
331,3355,4
331,2769,1
331,1958,4
331,2918,2
331,2915,4
331,2423,4
331,3552,2
331,3868,1
331,2791,2
331,3072,3
331,2716,2
331,1079,2
331,1394,2
331,3210,1
331,1198,1
331,1291,4
195,866,3
331,2942,1
331,2259,1
331,1101,2
331,2369,2
331,2146,3
331,1088,1
331,2145,2
331,1290,3
331,1210,4
331,2406,1
331,2100,4
331,1307,1
195,3054,3
195,2793,3
195,1390,1
195,3481,2
195,919,2
4126,2072,3
4126,2085,1
1088,3504,1
1303,903,1
5492,473,3
5492,2997,2
331,3547,4
331,3684,2
331,1961,4
331,3649,1
331,2243,1
331,3071,4
331,1172,1
331,1211,4
331,1231,2
331,2194,2
331,592,1
331,2985,4
331,3104,2
331,3102,4
331,1200,2
331,3101,4
331,2349,4
331,1994,1
331,1036,2
331,1240,2
331,3527,1
331,3505,1
331,2917,1
331,3683,3
331,3706,2
331,3005,1
331,2676,3
331,3835,4
331,3518,3
331,335,3
331,481,1
331,707,2
331,2561,2
331,2281,1
331,999,3
331,259,3
331,1647,1
331,1053,4
331,2280,2
331,1601,2
331,2425,1
331,290,3
331,1266,3
331,198,3
331,1396,4
195,858,1
195,2689,2
4867,3911,3
4867,1920,3
4867,3618,4
4771,916,1
4771,1902,3
4771,3357,2
343,185,4
343,3825,4
1605,3117,1
1605,1185,4
1605,2390,4
1605,2441,1
3821,1295,2
1088,3801,4
1088,1207,2
195,899,3
943,3952,3
5333,308,3
943,318,4
943,2268,4
2918,1173,3
2918,3090,1
2918,2918,2
2918,2248,4
2918,3210,2
2918,1198,1
5565,527,1
5565,318,3
5565,3354,4
5565,3793,4
5565,3745,1
1980,2679,4
331,2912,3
331,412,1
331,322,2
331,2966,2
331,448,3
331,1187,3
331,1733,2
331,1120,2
331,3060,1
331,1245,1
331,431,3
331,300,2
331,2682,1
331,2607,3
331,2293,3
331,36,4
331,3183,3
331,3128,1
331,521,2
331,2267,4
331,3055,2
331,422,1
331,1352,3
331,997,3
331,247,4
331,627,3
3512,2826,1
840,3255,4
1088,3468,1
1088,1296,1
3693,915,2
3693,3203,4
3833,1303,2
2188,858,4
496,1208,4
1274,3910,2
1274,2173,1
3041,3408,3
3768,3442,4
3768,2411,2
3768,9,2
3768,2410,2
3768,3782,4
3768,1858,3
3768,2403,2
3768,2376,3
3768,1378,3
3768,2457,1
3768,2990,1
3768,2989,2
3768,1101,4
3768,2949,4
3768,2167,3
3768,2947,3
3768,1429,2
3768,2948,3
3768,3265,3
3768,2746,4
3768,2764,3
3768,1396,4
3768,903,4
3768,266,1
3768,1927,2
3768,3551,4
3768,3660,3
3768,173,4
3768,3024,3
3768,1591,1
3768,2722,3
3768,3926,4
3768,3745,3
3768,3704,4
3768,3932,2
3768,3859,2
3301,523,1
3301,778,4
3301,1358,2
3301,190,4
3301,1635,2
3301,363,3
3301,214,3
3301,1354,2
3301,199,3
3301,1900,3
3301,3003,3
3301,307,2
3301,356,4
3301,1258,2
3301,2639,2
3301,1569,4
3301,2729,3
3301,1956,3
3301,1202,3
3301,1206,3
3301,909,3
3301,1248,2
3301,908,2
3301,1104,1
3301,2186,3
1519,230,1
5991,1704,4
5991,3000,4
5991,1204,1
5991,1702,3
5991,3438,1
5991,2100,2
5991,2174,2
5991,914,2
5991,1188,3
5991,866,1
5991,1307,3
5991,3097,3
5991,3030,1
5991,1136,2
5991,916,1
5991,1276,1
5991,1238,4
5991,2082,1
5991,317,1
5991,586,3
5991,1688,4
5991,2085,2
5991,2294,2
5991,158,1
5991,588,3
5991,1282,2
5991,1073,2
5991,3751,2
5991,3159,2
5991,1907,3
5991,1,1
5991,919,3
5991,3114,3
5991,34,2
195,2654,3
5991,2657,3
5991,426,1
5991,2407,1
5991,1527,2
5991,3175,1
5991,3471,3
5991,2140,2
5991,1580,2
5991,2968,2
5991,1214,3
5991,1965,1
5991,1206,3
5991,1270,3
5991,1077,4
5991,1097,2
5991,3503,1
5991,2664,4
5991,750,3
5991,260,1
1733,149,2
5991,2081,2
5991,377,2
5991,1947,4
5991,357,4
5991,902,2
5991,1210,4
5991,915,2
5991,2065,1
5991,920,3
5991,2935,1
5991,2243,4
5991,1265,1
5991,899,2
5991,1244,4
5991,17,2
5991,1230,4
5991,1247,2
5991,2208,3
5991,3108,1
1579,2389,1
1579,1204,3
1579,1287,1
1579,3597,4
1579,3717,3
1579,3825,1
1579,3798,1
1579,3784,4
4823,2924,1
4823,94,2
4823,2908,1
4823,1902,1
4169,2299,4
4169,3126,4
4169,3229,1
4169,3314,3
4169,3154,3
4169,1930,1
4169,2214,2
4169,3857,3
4169,3239,2
4169,3895,4
4126,1544,3
4126,2953,4
5956,2609,2
5956,113,1
2841,3298,2
2841,3456,2
2841,3863,2
4593,924,3
1980,2883,4
1611,2034,4
3518,1835,2
4823,3903,2
2050,3893,4
2050,3897,3
2050,3895,3
2050,3535,3
2050,3189,3
2050,3408,2
2050,3578,1
2050,1569,3
2050,356,4
4823,1221,1
4823,858,2
911,2861,1
2106,3362,1
1599,3901,3
1051,3553,1
1051,1057,4
1551,3556,3
1958,1258,1
1958,3752,3
2063,3786,2
2986,1956,1
2063,3945,3
169,2325,2
3733,3950,4
3733,3067,3
3733,3253,1
3733,778,3
3733,260,2
3733,2396,3
3733,2028,3
3733,2289,3
3733,1198,4
3733,3174,2
3733,2324,3
3733,1136,2
3733,3178,3
3733,3147,1
3733,1271,2
3733,3186,2
3733,2580,2
3733,2959,4
3733,3361,4
3733,2858,3
3733,2329,1
4116,3893,2
2232,1747,4
2232,2435,3
2232,159,3
2232,3176,2
2232,838,3
2232,161,4
2232,1271,3
2232,1120,1
2232,302,3
2232,1735,1
2232,272,4
2232,475,3
2232,2890,4
2232,300,4
2232,535,4
2232,1183,2
2232,1095,3
2232,1678,3
2232,3100,2
2232,16,2
2232,45,3
2232,1885,2
2232,1179,2
2232,994,2
2232,866,4
2232,531,3
2232,448,4
2232,150,1
2232,1094,1
2232,1041,1
692,1449,4
3751,2340,2
3751,2635,2
3751,647,2
3751,1036,4
4867,3273,2
4867,3507,3
4867,3016,1
4867,3067,4
4867,1997,4
4867,3499,2
4867,3114,3
4867,2398,1
4867,1235,2
4867,2075,2
4867,1449,3
4867,3745,1
4867,1862,2
4600,3052,3
5054,2346,4
5054,2431,1
5054,2730,4
4697,2589,4
3285,1127,2
2060,50,1
1611,3698,2
195,223,3
195,2607,2
953,2637,3
953,3551,2
953,1090,2
953,2638,4
953,1222,2
953,3077,1
953,909,1
953,1258,1
953,1036,2
953,593,1
2772,3408,3
2772,3897,2
2918,2701,1
2918,1562,1
2918,2808,3
2918,2549,4
2918,3495,4
2918,2431,4
2918,485,2
2918,2253,3
2918,327,3
2918,520,1
2918,3243,1
2918,2840,2
2918,1027,3
2918,1544,2
2918,2335,3
2918,3274,2
2918,170,2
2918,185,2
2918,165,2
2918,380,4
2918,31,1
2918,830,4
2918,1884,1
2918,316,4
2918,2598,3
2918,2723,2
2918,344,2
2918,2714,1
2918,88,2
2918,1092,3
2918,157,3
2918,62,4
2918,2616,2
2918,2387,1
2918,2424,4
2918,2617,1
2918,253,4
2918,70,2
2918,3020,4
2918,1552,2
2918,1611,4
2918,3263,4
2918,2763,2
2918,2334,3
2918,216,4
2918,3254,2
2918,3425,2
2918,2433,1
2918,333,1
2918,2502,3
2918,832,1
2918,141,3
2918,597,1
2918,587,3
2918,2693,1
2918,532,1
2918,386,4
2918,2702,1
2918,429,2
2918,175,1
2918,806,4
2918,1093,1
2918,1597,4
2918,2268,2
2918,481,1
2918,454,4
2918,144,2
2918,1429,4
2918,851,3
2918,230,2
2918,147,2
2918,733,1
2918,1513,3
2918,288,2
2918,2770,1
2918,104,3
2918,3264,4
2918,852,4
2918,1393,4
2918,2112,3
2918,766,1
2918,1904,4
2918,372,3
2918,539,2
2918,1682,1
2918,1466,3
2918,3178,4
2918,2384,3
2918,3809,2
2918,1747,4
2918,2696,2
2918,3773,3
2918,272,3
2918,3147,2
2918,1639,2
2918,3246,1
2918,3253,1
2918,994,1
2918,3007,3
2918,3108,3
2918,2580,4
2918,1245,3
2918,1094,4
2918,337,4
2918,600,1
2918,2677,4
2918,3260,3
2918,194,2
2918,334,3
2918,3160,1
2918,150,2
2918,2609,3
2918,714,4
2918,307,3
2918,720,2
2918,3355,4
1912,524,3
1912,3915,4
2063,3453,2
2063,3718,4
2063,3784,4
149,1734,2
5333,1280,2
1599,1674,1
1599,3285,1
1599,3243,2
1599,1584,2
1599,3720,3
338,3512,4
1088,907,3
1611,2546,3
3229,3287,3
3229,461,3
3229,3163,2
3229,1,4
1491,2693,4
1491,3396,4
3229,3114,4
3229,1219,3
3229,1068,4
3229,1262,4
3229,3035,4
3229,1949,1
3229,1087,4
3229,950,1
3229,3736,3
3229,1250,1
3229,1204,1
3229,750,2
3229,260,3
3229,771,2
3229,3435,3
3229,3038,1
3229,965,4
3229,1123,3
3229,1193,3
3229,3307,2
3229,3504,4
3229,2974,1
3229,1252,4
3229,1260,3
3229,912,2
3229,1207,3
3229,1545,3
3229,3855,2
3229,3467,3
3229,1301,2
2597,3347,1
2597,580,3
97,3334,3
97,898,2
3013,462,3
3624,3055,1
3483,3595,4
3483,3318,2
1125,1487,4
1125,11,3
1125,987,1
1125,1222,1
1125,32,2
1125,1196,4
1980,3436,4
1980,35,1
1980,2491,1
1980,140,2
1980,2942,4
1980,2388,1
1980,779,3
1980,3103,2
1980,2316,1
1980,2146,4
1980,2297,1
1980,2497,4
1980,1043,2
1980,1707,2
1980,2498,2
1980,65,2
1980,2339,1
1980,3325,2
1980,3048,3
1980,2408,1
1980,2849,3
1980,429,1
1980,486,3
1980,2492,4
1980,489,2
1980,84,1
1980,3240,1
1980,2715,1
1980,2136,3
1980,195,4
1980,1816,3
1980,1135,2
1980,414,3
1980,3786,3
1980,2766,1
1980,2134,1
1980,2861,4
1980,2718,3
1980,2518,2
1980,2417,3
1980,2759,2
195,3502,3
1980,3675,2
1980,1035,4
1980,2565,1
1980,3061,4
1980,1416,3
1980,1022,3
1980,900,4
1980,2863,3
1980,2857,4
1980,1128,1
1980,2903,1
1980,1330,3
1980,3017,1
1980,2456,4
1980,2149,4
1980,3830,4
1980,1983,1
1980,879,2
1980,2315,3
1980,2120,3
1980,2787,2
1980,2717,1
1980,1327,1
1980,2454,3
1980,1130,3
1980,1350,1
1980,1696,4
195,426,2
195,1215,1
195,435,3
195,1221,2
1243,165,3
1243,1370,3
1243,457,1
1243,1956,3
1243,272,4
1243,3077,1
1243,1036,1
1243,1090,4
1243,3897,1
588,1449,2
588,921,3
588,1694,1
588,2920,3
840,2420,2
840,2054,4
4697,1748,1
1265,2952,4
5100,2433,1
4508,358,4
5948,722,3
5948,898,3
5948,1394,4
5948,3019,3
5948,978,2
5948,1250,4
5948,3654,2
5948,1944,2
5948,3811,2
5948,1254,2
5948,2648,3
5948,920,4
5948,929,3
5948,1235,3
5948,1952,3
5948,1204,3
5948,2019,3
3768,1955,2
3768,1982,3
3768,2782,2
840,2191,2
840,368,4
840,3831,4
3518,3568,4
3519,3568,3
3106,1086,2
3106,1625,1
3106,1267,3
3106,913,4
3106,1247,2
3106,1213,1
3106,1617,4
3041,3538,3
3041,1735,3
3041,1258,1
5636,718,4
2106,3900,3
2106,3000,3
2106,1197,4
2106,3785,4
2106,1207,2
2106,483,4
2106,3797,1
2106,3912,2
2106,1046,4
4126,2763,1
2106,3114,3
2106,1186,3
2106,750,1
710,3254,4
710,1218,3
4042,3897,4
4834,3910,2
2071,356,1
5812,96,3
1389,2706,1
1088,1299,4
3693,2706,2
3693,1221,2
3693,1643,3
4600,2841,4
5626,3074,4
1421,1094,3
1421,1136,2
1551,3618,2
1551,1079,2
1958,691,2
2784,1189,2
2784,3543,2
2784,1394,4
2784,2070,3
2784,1228,1
2784,1307,4
2784,1270,3
2784,3019,1
1748,1544,2
1748,2530,2
1748,2531,2
1748,2532,2
1748,2533,3
1748,1047,4
1748,3318,1
5539,970,2
5539,934,4
5539,1963,2
5539,2779,3
5539,3244,2
5539,1292,1
5539,3422,1
5539,3210,1
1611,361,3
1611,25,1
1611,3614,1
1611,3408,2
1611,3145,1
1611,2412,2
1611,2409,2
1611,2410,2
1611,1835,4
1203,3826,2
1203,1073,2
1203,1955,2
1203,1956,2
1203,1293,4
1203,2936,4
4126,2717,4
2247,1073,3
2247,3826,3
2247,3795,4
2247,3952,1
2247,3914,4
4058,3360,1
6002,1945,2
6002,144,2
293,1743,1
293,3916,2
293,3318,4
752,3410,1
752,3568,1
5539,1265,2
5539,129,2
4589,1080,1
4589,3504,4
4589,3897,2
4589,2289,3
4589,3030,2
4589,3072,3
4589,2321,2
4589,1285,3
4589,3671,2
4589,2150,4
4589,3060,3
4589,39,3
4589,1270,3
4589,1747,4
4589,3361,3
4589,3819,1
4589,1234,3
4589,1060,1
4589,2915,1
4589,1235,1
4589,2064,4
4589,3685,2
4589,1292,4
4589,1307,4
4126,1984,1
4126,3707,1
4126,2107,2
4126,891,4
4589,1172,2
4126,1986,2
4126,1982,2
4126,1983,3
4126,1985,2
4589,3543,2
4589,2973,2
4589,1629,4
4589,1394,3
4589,2858,2
4589,1230,1
4589,590,4
4589,2275,1
4589,1580,3
4589,1287,4
4589,1197,3
4589,1198,1
4589,2905,2
4589,969,3
4589,260,2
3462,3751,1
3462,427,3
856,2639,3
856,647,3
856,461,2
856,1569,3
856,2346,2
856,2712,1
856,272,1
2272,2353,1
911,1136,2
1265,94,1
1265,2324,1
1265,3912,2
1265,1046,1
1717,3509,2
1717,3787,3
1980,3253,3
1980,1091,3
1980,818,4
1980,903,3
1980,3555,2
1980,3118,4
1980,736,2
1980,2524,1
1980,1101,3
1980,306,3
1980,2427,2
1980,1923,4
1980,2641,3
1980,1376,3
1980,1480,4
1980,2095,3
1980,534,2
1980,2028,3
1980,3831,4
1980,3688,3
1980,3689,4
1980,2013,4
1980,1187,4
1980,1959,3
1980,3620,1
1980,288,2
1980,2249,1
1980,2996,1
1980,3623,2
1980,2988,3
1980,575,3
1980,2746,1
1980,663,2
1980,2468,4
1980,2,2
1980,905,4
1980,252,3
1980,1610,3
1980,2301,4
1980,948,4
1980,3175,3
1980,3115,1
195,1261,2
1317,702,2
869,1021,4
869,2042,2
869,1461,4
869,3669,2
869,2350,2
869,3146,4
869,881,2
869,153,3
869,88,3
869,603,4
869,829,3
869,432,2
869,275,4
869,1005,3
869,2252,1
869,3688,3
869,3712,1
869,3031,3
869,2016,2
869,2050,2
869,1440,1
869,1014,1
869,360,3
869,413,2
869,135,3
869,435,4
869,569,1
869,486,4
869,3130,3
869,784,4
869,2416,3
869,3258,4
869,3646,2
869,1011,3
869,870,2
869,267,2
869,1091,1
869,2374,2
869,2552,1
869,1018,2
869,2796,4
869,466,3
869,542,1
869,719,1
869,1460,3
869,256,2
869,656,3
869,1016,4
869,1135,2
869,2498,2
869,410,2
869,2072,2
869,3388,2
869,1503,4
869,3841,3
869,2375,4
869,1918,4
869,2913,4
869,2794,2
869,2155,4
869,1377,3
869,1588,3
869,818,1
869,3247,3
869,2478,1
869,2082,4
869,586,4
869,3869,4
869,1391,4
869,840,3
869,478,4
869,801,1
869,186,1
869,2301,4
869,518,3
869,3591,3
869,2470,3
869,520,3
869,2014,4
869,2110,2
869,1083,2
869,830,3
869,2926,2
869,5,1
869,3809,2
869,663,3
869,453,2
869,2384,3
869,2035,3
869,2002,4
869,2124,1
869,107,1
869,2504,4
869,2095,3
869,344,1
869,1379,1
869,216,4
869,2169,1
869,218,4
869,2387,1
869,2031,1
869,2012,2
869,63,3
869,500,4
869,3450,1
869,1010,2
869,2371,3
869,2249,4
869,1020,3
869,2335,1
869,1885,4
869,1456,1
869,3070,3
869,2407,4
869,372,4
869,2500,1
869,3263,3
869,1753,1
869,2836,2
869,1485,3
869,1884,4
869,2144,1
869,141,4
869,2413,4
869,333,3
869,45,3
869,231,3
869,1866,2
869,3255,3
869,1713,2
869,3156,2
869,2011,4
869,2060,3
869,2134,3
869,2860,3
869,671,3
869,2133,4
869,3608,1
869,1392,3
869,1007,1
869,250,4
869,2015,3
869,2883,4
869,1747,1
869,3477,2
869,3087,4
869,3033,3
869,1028,1
869,2261,2
869,52,3
869,2567,3
869,2302,3
869,1641,1
869,2423,1
869,2040,2
869,1517,2
869,3526,2
869,1711,3
869,700,2
869,2195,4
869,3900,2
869,450,3
869,1500,2
869,1732,3
869,3893,3
869,3052,4
869,441,2
869,1234,4
869,2889,2
869,223,2
869,2596,1
869,2864,3
869,322,1
869,3611,3
869,3775,4
869,2888,2
869,122,4
869,3719,3
869,2468,3
869,1088,3
869,802,4
869,1409,2
869,2469,1
869,2145,4
869,2589,1
869,1854,2
869,3225,1
869,2065,4
869,1947,4
869,852,2
869,3668,1
869,1441,1
869,900,1
869,1639,4
869,3665,4
869,3830,1
869,2367,4
869,1130,3
869,328,1
869,1645,2
869,437,4
869,3254,3
869,2431,1
869,2421,4
869,1042,2
869,3397,4
869,647,2
869,3398,4
869,358,2
869,1073,2
1447,1974,1
1447,1979,4
1447,3477,2
1447,2606,2
1447,3301,1
1447,101,1
1447,3948,4
1447,2282,3
1447,2542,1
1447,3190,2
1447,3285,3
293,2571,4
293,253,4
1599,3052,4
4126,3360,2
1980,459,3
1980,1320,4
1980,1479,3
1980,1792,2
195,1676,2
1980,2600,4
1980,3285,2
1980,1713,2
1980,3398,3
1980,2430,4
1980,2323,2
1980,1702,3
1980,3153,2
1980,2087,4
1980,1340,3
1980,72,2
1980,2086,3
1980,2535,1
1980,2291,3
1980,1911,2
1980,3044,4
1980,3015,3
1980,2357,1
1980,2618,3
1980,1345,3
1980,3552,2
1980,1518,1
1980,541,1
1980,74,4
1980,1377,4
1980,592,2
1980,153,3
1980,3272,1
1980,2012,4
1980,34,1
1980,2707,4
1980,2163,2
1980,2699,4
1980,1917,3
1980,1215,4
1980,2294,2
1980,3706,2
1980,3897,3
1980,1225,3
1980,588,3
1980,1214,1
3462,766,4
3462,1982,4
3462,2716,2
3462,1240,1
3462,3392,1
3462,2385,3
3462,2107,4
3462,489,4
3462,1461,1
3462,3821,3
3462,2052,2
3462,2169,2
3462,442,4
3462,455,4
3462,1014,1
3462,2060,3
3462,3,3
3462,2803,2
3462,2605,4
3462,3247,3
3462,616,3
3462,542,4
3462,2478,2
3462,586,4
3462,1367,4
3462,2717,3
3462,1091,2
3462,2269,1
3462,2354,3
3462,2794,1
3462,3861,3
3462,2469,3
3462,3686,1
3462,2787,3
3462,3005,4
3462,3033,1
3462,3269,4
3462,216,1
3462,1013,2
3462,3249,2
3462,3617,2
3462,1339,2
3462,1088,3
3462,2111,1
3462,805,4
3462,2134,2
3462,3863,1
3462,3015,4
3462,1092,1
3462,2145,4
3462,2407,1
3462,481,1
3462,1645,3
3462,553,4
3462,3594,2
3462,1029,1
3462,2112,3
3462,408,4
3462,3499,3
3462,1103,2
3462,2406,2
3462,1268,1
3462,1955,1
3462,1186,4
3462,47,4
3462,364,2
3462,1653,1
3462,34,2
3462,1247,1
5367,489,2
5312,3861,1
5723,2329,2
1415,1879,3
1415,971,3
1415,912,2
1415,3037,1
1415,858,2
1415,1263,2
1946,3951,4
624,954,4
5869,247,4
5869,1835,1
5869,370,4
5869,3868,4
5869,3869,3
5869,2712,1
5869,2126,3
5869,2805,4
5869,924,4
5869,2542,2
5869,1385,4
5869,2424,2
5869,1917,3
5869,2028,3
5869,1653,4
5869,2600,2
5869,832,1
5869,2858,2
5869,3578,1
5869,480,4
5869,2273,2
5869,356,4
5869,2959,1
1088,2427,4
1125,3882,4
1125,2858,1
5475,804,4
65,3948,1
1265,1186,4
1943,926,2
1088,1955,1
755,924,4
2070,3052,4
2070,1909,2
2070,3317,2
2070,380,3
2070,2916,3
2070,1,3
2070,1923,1
2070,2628,2
2070,2396,4
2070,3916,3
2070,2094,1
2070,3006,2
2070,3510,2
5841,2395,3
1265,619,3
1265,1006,2
1265,216,4
1265,165,4
2451,1073,1
1551,2160,2
1395,3525,1
1395,2137,2
1395,3253,2
1395,2005,2
1395,2706,2
1395,1274,4
1395,356,2
1395,924,4
1556,3566,2
1556,1917,3
1556,1287,3
1556,1215,4
1556,1021,4
1556,34,1
1556,11,1
1556,3871,3
1556,899,3
1556,1221,2
1941,3861,3
1941,3617,1
1941,3901,4
1941,3623,1
1941,2555,1
5202,1079,1
5475,3911,3
1941,2552,1
1941,208,3
1941,2626,2
1941,486,4
1941,248,2
1941,490,1
1941,2340,3
1941,2436,4
1941,3174,1
1941,621,3
1941,524,4
1941,1411,2
2105,2529,3
2969,2353,3
271,1024,2
271,239,1
271,1405,4
271,1023,1
271,2294,2
271,1681,3
271,258,2
271,455,3
271,688,3
271,711,2
271,2135,3
271,2641,1
271,2692,4
271,2959,3
271,3481,1
271,1639,2
271,2134,2
271,2335,1
271,208,1
271,1747,3
271,1591,3
271,1779,1
271,377,3
271,3698,4
271,1513,2
271,186,4
271,180,3
271,3702,4
271,3703,4
271,173,1
271,172,3
271,60,3
271,786,4
271,2881,4
271,3052,2
271,2772,4
271,1645,2
271,160,4
271,784,3
271,223,1
271,158,4
271,585,2
271,2167,3
271,1562,3
271,34,2
271,2706,2
271,1688,2
271,3897,4
4058,417,4
4058,3911,2
5723,1288,4
5723,1676,4
5723,2640,2
5723,2275,1
5723,3355,3
5723,3498,2
5723,2161,2
5723,370,1
5723,3578,3
5723,1261,4
5723,353,2
5723,1036,1
5723,2137,2
5723,110,1
5723,1215,4
5723,3593,4
5723,3007,1
5723,2706,1
5723,2542,2
5723,319,2
5723,47,4
5723,3300,2
5723,1590,2
5723,1876,3
5723,2699,4
5723,1573,2
5723,3704,1
5723,3745,1
5723,2011,1
5723,2600,3
5723,1527,1
5723,3863,2
5723,1909,1
5723,3702,4
5723,1748,3
5723,3793,4
5723,2916,2
5723,480,2
5723,1584,2
5723,1200,2
5723,3703,2
5723,1127,2
5723,1199,4
5723,1921,1
5723,1206,3
5723,1240,1
5723,541,4
5723,1196,1
5723,29,3
5723,589,1
5723,1197,4
5723,2396,2
5723,903,4
5723,924,4
5723,1220,2
5723,968,4
5723,3081,4
5723,2747,1
5723,2716,1
5723,1278,2
5723,1387,2
5723,2054,4
5723,1126,1
5723,2105,3
5723,2021,1
5723,2193,1
5723,2968,1
5723,260,3
5723,2174,1
5723,1073,4
5723,17,2
5723,1208,4
5723,296,4
5723,318,1
5723,3896,2
5723,198,2
5723,555,3
5723,2391,4
5723,3328,2
5723,3265,4
5723,1396,3
5723,592,2
5723,6,2
5723,2912,3
5723,2692,2
5723,1089,1
5723,293,3
5723,608,4
5723,1617,3
5723,1025,3
5723,2700,1
5723,2087,3
5723,2018,2
5723,3000,4
5723,1274,4
5723,1797,1
5723,2064,2
5723,3775,4
5723,1013,3
5723,2081,3
5723,2046,1
5723,3034,4
5723,2294,2
5723,2005,1
5723,551,3
5723,2140,1
5723,1028,1
5723,2761,3
5723,919,3
5723,1282,4
5723,1097,1
5723,1,4
5723,2840,3
5723,1198,3
5723,750,4
5723,3114,4
5723,2858,4
5723,527,3
5723,593,4
5723,50,2
5723,3751,4
5394,2435,1
1088,1911,3
4258,2718,3
5333,951,2
624,82,3
4682,1616,1
2106,3108,2
2106,3882,4
2106,909,4
4680,2915,1
4680,1194,1
4680,1968,4
4680,1296,4
4680,2065,4
4680,176,3
4680,1240,2
4680,3114,3
4680,1254,2
1941,2473,4
4680,1198,2
1941,2301,3
1941,3550,4
1941,2928,3
1941,2416,2
1941,2659,2
1941,2246,1
1941,2463,1
1941,1957,2
1941,3590,2
1941,2116,3
1941,1964,2
1941,2949,2
1941,3205,2
1941,3011,1
1941,3468,2
1941,750,2
1941,3375,4
1941,938,4
1941,1935,1
1941,3316,3
1941,1932,4
752,3515,4
752,1585,4
2321,3717,4
1980,3480,4
1980,477,1
1980,144,1
1980,3723,3
1980,125,1
1980,3676,4
1980,1913,3
1980,1921,2
1980,1449,2
1980,1271,3
1980,319,4
1980,1860,3
1980,2714,4
1980,1080,2
1980,2271,1
1980,899,2
1980,953,3
1980,3549,3
1980,3713,1
1980,1966,3
1980,2398,2
1980,2964,2
1980,1728,1
1980,3858,2
5312,3409,2
5394,82,1
5394,965,2
5394,3182,2
4258,2395,3
3693,2329,2
4600,3005,3
1088,3152,1
3833,3159,1
5475,2686,3
3313,2660,1
3313,1591,1
3313,3926,3
3313,750,3
3313,919,3
3313,2648,4
3313,1204,3
5626,2013,2
5626,2688,3
5333,3365,3
195,3358,4
1019,223,1
1551,1252,3
4842,3150,3
4842,3949,1
1088,1617,1
624,2245,3
624,2571,1
3685,3798,1
5475,3148,4
1101,2936,3
1088,948,1
1812,1047,3
1605,2919,3
1605,1814,3
1605,2443,1
3693,2331,4
678,3300,3
678,29,2
624,509,4
624,1921,4
4607,260,1
624,3949,1
4607,3766,4
4607,247,2
4607,2023,2
4607,3203,2
4607,3145,2
4607,838,3
4607,364,4
4607,52,2
3550,393,2
4607,2280,1
4607,1919,3
4607,555,1
4607,2583,1
4607,1729,1
4607,543,1
4607,2427,2
4607,1921,3
5397,1639,2
4607,377,3
4607,2671,4
5397,180,1
4607,475,2
4607,1517,2
4607,1594,4
4607,3920,3
4607,1885,4
4607,471,2
4607,101,1
4607,474,1
4607,2690,1
4607,2302,4
4607,538,4
4607,1805,4
4607,6,3
4607,47,4
4607,1408,3
4607,3147,2
4607,1357,2
4607,1584,1
4607,728,3
4607,1682,4
4607,1907,2
4607,293,2
4607,515,3
4607,1404,2
4607,3108,4
4607,190,3
4607,534,3
4607,551,4
4607,3358,3
4607,1190,3
4607,150,2
4607,194,1
4607,497,4
4607,2108,2
4607,357,2
4607,1060,4
4607,590,3
4607,39,3
4607,2071,2
4607,272,4
4607,300,1
4607,334,3
4607,1183,4
4607,1912,2
4607,2442,1
4607,2384,2
4607,1641,1
4607,1673,3
4607,1966,4
4607,1245,2
4607,162,3
4607,529,3
4607,1411,4
4607,1120,3
4607,3000,2
4607,1223,3
4607,1699,1
4607,3181,4
2395,1625,2
1266,1982,3
1266,593,2
1733,34,1
1733,778,2
1733,25,1
1733,3006,2
1733,1858,2
1051,2968,4
1051,3571,4
1051,2485,4
1051,3598,1
1051,705,2
343,3604,4
4042,3512,4
943,3822,4
5312,2289,2
5312,2746,3
5312,3068,2
2760,2712,1
2760,2671,2
2760,2730,3
2760,1948,2
2760,272,3
2760,1258,4
2760,3471,1
2760,1222,1
2760,1090,2
2760,924,3
2760,909,1
2022,3210,2
4277,1650,4
4277,3316,2
4277,1640,2
2986,3556,2
2986,3618,4
3017,3525,3
1776,327,4
1611,1057,2
195,3608,1
195,3704,2
3824,2501,2
3824,652,4
1088,1294,3
1930,2300,4
1088,1610,4
195,1867,4
2022,2268,1
2609,3316,3
2609,3513,2
1733,3219,3
343,934,3
1779,2672,3
1779,3753,2
1779,2502,1
1779,2606,4
1779,2722,4
1779,2683,1
1413,3183,4
1413,2360,1
1413,1876,4
1413,1518,4
1413,1374,3
1413,2000,2
1413,2006,3
1413,1527,1
1413,1376,3
1413,2529,2
1413,1215,1
1413,1291,2
1413,1210,3
1413,2194,4
1413,1089,3
1413,3008,1
1413,947,2
1624,2422,4
1624,2421,2
1624,2149,2
1624,3254,4
1624,3918,4
1624,2005,4
1624,2730,2
1624,2671,3
1624,3397,1
1624,2706,4
1624,3398,2
1624,2639,1
1624,2268,2
1624,1449,1
1624,3396,2
1624,2137,3
1624,1258,1
1624,3525,4
1624,180,4
4802,2681,4
1624,3052,2
1624,223,2
1624,1639,2
151,3901,4
151,3598,1
151,3950,2
151,1449,3
151,3823,3
4697,838,3
4697,2396,4
593,3751,4
593,3481,2
2395,3798,4
3462,594,2
3462,1644,2
3462,3286,3
3462,2329,3
3462,2505,4
3462,1370,1
3462,3173,2
3462,2346,4
3462,3471,1
3462,1449,2
3462,2529,3
1980,3453,1
1980,3793,2
1980,3553,2
1980,3747,1
3210,3556,3
3210,3578,2
3210,3831,1
3210,3915,4
3210,3408,2
3210,3514,4
1421,2571,3
4697,1625,4
4697,2026,1
4697,1215,1
4697,1619,1
3055,3798,1
749,2532,4
749,2531,4
749,2530,2
749,2533,3
1611,3052,2
1611,2686,1
235,157,2
235,3396,4
235,272,4
235,1449,1
235,1090,4
235,2729,3
235,581,3
884,1996,2
884,1993,4
884,2995,1
884,1992,2
884,2338,2
884,1644,2
884,2107,1
884,2713,1
884,1388,2
884,2026,4
884,2719,4
884,1974,1
884,2279,4
884,2121,2
884,1995,4
884,2004,3
884,1991,4
884,2367,2
884,2710,3
884,724,2
884,3081,1
884,1982,3
884,2747,2
884,1345,4
884,1994,1
884,799,1
884,2716,3
884,1333,1
884,2232,3
884,47,3
1551,2109,3
884,608,2
884,3147,2
884,1617,3
2868,3253,2
2868,1090,1
2868,1036,3
2868,1222,3
2868,1258,2
2868,1264,3
884,318,4
884,527,3
1120,3479,1
1120,3911,1
173,2440,3
173,3075,1
173,1699,4
173,314,4
173,428,2
173,3627,3
173,1262,3
173,1201,2
1088,3072,1
1088,1266,4
1415,3555,3
5394,2330,2
5394,1865,2
5394,480,3
2047,986,1
2047,910,2
2047,1258,1
3550,2231,1
4682,2841,1
4682,3077,3
4682,1449,4
4802,3189,3
4802,3147,4
4682,1631,2
4682,3000,4
4682,2607,2
4682,3820,2
4682,3827,1
4682,3896,3
4682,3952,2
4682,3515,4
4682,3556,2
4682,3317,1
4682,3948,4
4682,3865,1
4682,3905,3
1733,3858,1
1088,788,1
299,1276,2
299,1719,2
299,1240,3
299,1259,4
299,1233,1
299,919,4
299,1080,4
299,1225,2
299,541,3
299,3469,2
299,1204,3
299,928,3
299,1136,4
299,1387,3
299,296,2
299,1247,4
299,1358,3
299,1172,4
299,1207,1
299,2728,1
1551,1262,2
2070,1136,3
2070,648,3
2070,2571,1
2070,3952,3
1645,3827,1
1645,904,4
1645,2035,1
1645,834,2
1645,836,3
1645,2340,4
1645,1222,1
1645,457,4
1645,2137,3
624,3062,2
624,2918,2
624,858,4
624,3681,2
624,1221,3
3368,3386,2
5312,19,4
5312,1839,4
5312,3804,3
5312,818,4
5312,333,2
5312,3500,2
5312,5,2
5312,344,4
5312,585,2
5312,3254,2
5312,784,1
5312,3869,2
5312,1425,3
5312,500,3
5312,2356,2
5312,2539,2
5312,141,3
5312,371,4
5312,3045,2
5312,1485,1
5312,231,2
5312,1614,4
5312,3258,1
5312,3809,4
5312,2109,4
5312,3040,2
5312,2302,4
5312,1747,3
5312,205,2
5312,3536,4
5312,3868,1
5312,3253,2
5312,1883,3
5312,2795,3
5312,2108,4
5312,3897,3
5312,3729,2
5312,110,1
3391,3949,4
3391,3761,4
3106,2424,3
1605,306,4
1605,417,1
3106,1466,4
1088,592,4
1088,2329,1
1088,2891,1
1088,3175,2
1733,320,3
496,3624,3
338,3513,3
1851,3661,2
1851,258,2
1851,3663,1
1851,737,1
1851,519,3
1851,880,4
1851,1862,1
1851,2450,3
1851,2643,4
1851,546,4
1851,3156,2
1851,2525,2
1851,674,1
1851,173,2
1851,1882,4
1851,2034,2
1851,3802,4
1851,256,4
1851,1590,3
1851,1779,4
1851,2549,1
1851,2053,1
1851,3024,1
1851,405,4
1851,2986,2
1851,2808,3
1851,2456,2
1851,2322,3
1851,1924,2
1851,2900,1
1851,185,4
1851,849,4
1851,172,3
1851,2054,2
1851,2448,4
1851,3926,2
1851,338,4
1851,435,2
1851,1917,3
1851,1391,3
338,2485,3
1851,2046,1
1851,2454,2
1851,2554,1
1851,3698,1
1851,3758,3
1851,512,4
1851,748,4
1851,379,4
1851,1037,1
1851,1334,1
1851,788,3
1851,2662,2
1851,2010,1
1851,2664,3
1851,1653,1
1851,1253,3
1851,3300,2
1851,3937,2
1851,196,4
1851,2553,1
1851,2287,1
1851,3177,4
1851,3717,4
1851,3821,3
1851,3616,4
1851,3785,3
1851,3273,4
1851,3355,2
1851,3755,4
1851,3555,2
1851,3452,4
1851,3753,2
1851,3409,1
1851,3513,4
1851,3298,4
1851,3751,3
1851,3569,1
1851,3481,4
338,1907,1
1851,2422,2
1851,2431,3
1851,3525,1
1851,2005,2
1851,3254,2
1851,2149,2
1851,2340,1
1851,165,2
1851,1370,4
1851,2671,2
1851,2137,4
1851,190,4
1851,2075,2
1851,3052,4
1851,2729,3
1851,1258,3
1851,1222,1
1851,3396,3
1851,1036,4
1851,2268,3
1851,1449,3
1851,457,4
1851,272,3
4697,1653,4
4697,2605,3
884,1580,1
884,32,4
884,924,4
884,1270,1
884,1097,4
884,1210,4
884,1196,1
884,260,3
884,551,2
884,1947,4
884,2080,3
884,1028,3
884,1951,3
884,2081,3
884,588,3
884,1220,3
884,595,1
884,919,4
884,1387,3
884,2366,4
884,1214,3
884,1258,2
884,1219,1
884,2762,4
884,1073,1
884,1544,4
884,480,1
884,3160,1
1088,3467,4
1252,3115,2
531,804,2
2063,3830,2
1733,3852,3
195,778,4
195,810,1
1579,1013,3
1579,1895,4
1579,2248,2
1088,1799,4
1088,3247,1
1088,76,1
5002,3703,4
5002,903,1
5002,1203,2
1088,2090,3
5002,1704,1
5002,2858,4
1088,1881,4
1088,1363,2
1088,1593,3
1088,1629,4
1088,1409,4
1088,575,4
1088,2713,4
1088,2720,2
1088,1015,4
1088,1566,2
1579,3555,3
1579,3624,3
1579,3535,3
1579,3755,4
1088,1953,1
1088,2558,4
1088,830,2
1088,3243,3
1088,2888,1
1088,2772,4
1088,2541,1
1088,724,2
1088,158,3
1088,2710,1
1088,2036,4
1088,1031,4
1088,3285,2
1088,343,4
1088,828,3
1088,344,1
1088,19,4
2395,105,3
1088,3685,4
1551,1208,3
2023,2005,2
5302,274,2
3285,3504,3
3085,3113,3
3085,3257,3
3085,1801,2
3085,208,3
3085,3879,1
3085,2881,3
3085,1616,4
3085,517,4
3085,2334,3
3085,1608,4
3085,2490,1
3085,2023,4
3085,1552,2
3085,3623,4
3085,3082,1
3085,736,1
3085,2989,3
3085,170,3
3085,1687,2
3085,3755,2
3085,1722,2
3085,3639,1
3085,2763,3
3085,786,3
3085,288,3
3085,2617,4
3085,3555,1
3085,3624,3
3085,2115,1
3085,3717,2
3085,2278,2
3085,10,2
3085,2353,2
3085,380,3
3085,1101,3
3085,377,4
3085,3753,1
3085,1610,3
3085,3578,3
3085,1291,2
3085,2194,1
3085,1387,1
3085,6,2
3085,1287,4
3085,858,3
3085,1198,2
3085,1221,2
3085,2701,2
3085,3826,1
3085,1544,1
3085,2722,3
3085,1391,4
3085,1690,4
3085,1917,3
3085,3863,1
3085,2672,1
3085,1676,1
3085,1876,1
3085,788,2
3085,3698,1
3085,2628,1
3085,1573,4
3085,2916,2
3085,1580,1
3085,1199,3
3085,2600,2
3085,2640,3
3085,3793,4
3085,2985,3
3085,2529,2
3085,1527,1
3085,924,4
3085,32,3
3085,589,3
3085,1240,1
3085,541,2
3085,1196,4
3085,2571,1
3085,1214,3
3085,260,3
3085,2402,1
3085,1586,4
3085,3053,4
3085,2427,1
3085,1183,2
3085,780,2
3085,356,2
3085,2890,1
1597,1388,3
3085,3448,1
3085,1242,1
3085,920,2
1597,3525,3
3085,1200,3
3085,110,2
3085,969,3
3085,1272,2
1597,165,1
1597,2639,4
3085,3654,2
3085,750,4
3085,1250,4
3085,527,2
3085,1263,4
3085,1208,2
3085,1233,1
3085,912,2
1597,1370,4
1597,2340,4
1597,2712,2
1597,2005,2
1597,3052,4
1597,2268,1
1597,1956,3
1597,190,2
3085,2712,1
1524,2183,3
1597,3253,1
1597,1206,1
3085,165,3
1524,903,3
1597,457,4
1597,924,4
1597,3471,3
1597,1036,2
1597,3396,3
3085,1370,4
3085,1222,3
3085,1206,4
1597,1222,1
1597,1090,4
1597,1449,2
1597,593,4
3085,1036,1
3085,593,2
3085,1090,1
6040,1221,3
5996,3861,4
5996,3798,3
2451,3555,3
1733,3794,1
1088,2005,3
1088,1445,4
1088,2186,4
1088,3864,1
1088,2352,4
1113,750,1
438,2890,4
1958,175,1
453,1234,4
453,913,1
453,1284,3
453,3007,2
453,1084,4
624,2706,3
624,848,4
624,457,4
1348,1580,2
1348,2571,2
1355,1090,2
3560,3098,3
2282,3863,3
3560,1350,4
2282,3005,2
1348,3098,2
2282,3155,3
3560,588,2
3560,2302,1
1348,3551,4
1348,2806,3
3560,39,4
3560,3397,4
3560,1220,4
3560,3916,3
3560,3684,1
3560,1023,1
3560,3608,3
3560,1060,2
3560,2779,1
3560,2423,1
3560,477,4
1348,2202,1
3560,2081,3
3560,1094,3
3560,1028,3
3560,441,4
3560,1246,4
1348,3159,1
3560,592,1
3560,1958,4
3560,364,3
3560,2797,4
3560,1947,2
3560,2874,1
3560,2080,3
3560,3361,4
1348,2718,1
3560,3499,1
3560,953,1
3560,3408,1
3560,150,3
3560,1500,4
3560,3317,4
1348,39,3
3560,1674,3
1348,3408,3
3560,900,2
343,2336,3
3560,2908,4
3560,223,2
3560,1302,3
3560,1307,4
3560,1954,2
3560,3028,3
3560,2291,4
3560,3421,2
3560,508,3
3560,1968,2
3560,1086,4
3560,1197,2
3560,1258,1
3560,1276,1
3560,914,2
3560,1097,4
3560,1961,2
3560,356,2
3560,1962,2
3560,1,4
3560,1203,1
3560,2716,1
3560,1196,3
3560,1032,2
3560,3396,3
3560,2248,2
3560,608,2
3560,1721,3
3560,260,2
3560,1234,3
3560,1259,3
3560,2018,2
3560,1225,1
3560,1219,1
3560,919,1
3560,899,1
3560,1247,4
3560,3897,2
3560,1198,3
3475,1073,3
3475,1845,2
3475,919,1
3475,1816,4
3475,2335,3
3475,805,4
3475,1722,4
3475,3176,3
3475,3330,1
3475,2097,4
3475,1240,2
3475,2146,4
3475,1556,4
3475,1104,4
3475,589,4
3475,742,2
3475,3087,2
3475,2463,4
3475,2248,3
3475,2231,2
3475,523,2
3475,2915,2
3475,2410,2
3475,2411,1
3475,1231,1
3475,1954,1
3475,2090,1
3475,2176,2
3475,1197,2
3475,1219,2
3475,928,2
3475,1103,2
3475,733,4
3475,373,3
943,3720,1
3475,3271,2
3475,3608,3
3475,3688,2
3475,3527,2
3475,1921,1
3475,2289,3
3475,3256,1
3475,1298,4
3475,788,1
3475,1178,2
3475,3396,2
3475,3591,2
3475,3499,1
3475,2240,4
3475,1136,2
3475,2058,4
3475,1249,2
3475,954,4
3475,277,1
3475,288,3
3475,500,4
3475,2873,1
3475,3836,2
3475,2746,3
3475,2183,4
3475,1267,4
3475,1294,2
3475,2952,1
3475,1614,2
3475,3468,3
3475,3469,3
3475,1285,1
3475,1594,1
3475,780,1
3475,1387,1
3475,252,3
3475,610,1
3475,246,2
3475,3450,2
3475,3448,1
3475,2716,2
3475,2717,1
3475,1201,3
3475,1247,2
3475,1262,4
3475,1753,2
3475,1953,2
3475,1095,2
3475,1033,2
3475,3686,3
3475,3259,4
3475,2605,2
3475,1312,3
3475,2313,4
3475,1649,4
3475,1282,3
3475,3435,3
3475,3362,3
3475,3730,2
3475,1962,2
3475,2471,1
3475,1277,3
3475,1088,3
3475,1036,2
3475,724,4
3475,750,3
3475,3471,1
3475,2866,2
3475,1991,3
3475,2677,1
3475,1968,4
3475,1699,2
3475,1304,1
3475,1597,1
3475,923,3
3475,3272,1
3475,3089,3
3475,2950,3
3475,1084,1
3475,1468,4
3475,866,3
3475,3250,2
3475,2683,3
3475,2384,4
3475,2788,2
3475,2015,3
3475,924,1
3475,85,2
3475,1222,2
131,1717,3
2321,3752,3
2321,3408,4
3219,2421,3
3219,3173,3
3219,2431,1
3219,1370,1
3219,165,1
3219,2340,2
3219,3253,2
3219,3052,1
3219,2671,4
3219,2005,2
5520,2231,3
5520,1711,2
5520,1650,2
1203,444,4
1203,1556,3
1203,405,4
1203,2701,1
1203,1562,3
1203,2977,3
1203,737,1
1203,880,2
1203,2448,4
1203,2296,4
1203,2827,2
1203,2629,3
1203,3130,1
1203,3835,3
1203,3802,1
1203,1503,4
1203,2995,1
1203,1831,2
1203,485,1
1203,432,2
1203,694,2
1203,2953,2
1203,1644,1
1203,2385,3
1203,673,1
1203,172,4
1203,3063,1
1203,3841,3
1203,2589,3
1203,849,3
1203,3257,1
1203,2389,2
1203,2504,3
1203,697,1
1203,2558,2
1203,1702,1
1203,640,4
1203,1726,2
1203,707,3
1203,338,4
1203,520,2
1203,1379,1
1203,140,4
1203,2266,3
1203,379,4
1203,580,3
1203,842,2
1203,2561,2
1203,31,4
1203,168,1
1203,365,1
1203,818,1
1203,3489,1
1203,1829,2
1203,3156,3
1203,413,1
1203,455,4
1203,3697,2
1203,201,3
1203,305,2
1203,435,3
1203,1391,2
1203,5,4
1203,3764,4
1203,1779,3
1203,48,1
1203,1911,3
1203,2316,2
1203,2505,2
1203,879,1
1203,2541,3
1203,4,1
1203,95,1
1203,516,4
1203,1037,3
1203,2805,2
1203,1917,4
1203,2560,4
1203,2279,3
1203,1544,1
1203,2875,4
1203,2577,1
1203,1027,3
1203,3127,1
1203,3438,1
1203,517,2
1203,1409,1
1203,236,4
1203,1353,2
1203,2393,1
1203,2598,2
1203,3528,3
1203,185,4
1203,1918,4
1203,2803,3
1203,81,4
1203,3056,3
1203,1727,3
1203,1513,4
1203,1801,3
1203,2724,3
1203,203,1
1203,3258,1
1203,13,4
1203,1920,2
1203,3219,4
1203,7,4
1203,1355,1
1203,2771,4
1203,1799,4
1203,802,4
1203,724,2
1203,481,2
1203,328,3
1203,1552,4
1203,282,2
1203,991,4
1203,2428,2
1203,521,2
1203,3262,1
1203,1603,2
1203,1717,4
1203,2002,2
1203,3247,2
1203,2297,3
1203,784,2
1203,3264,2
1203,107,2
1203,2590,3
1203,736,4
1203,2,1
1203,2082,2
1203,303,3
1203,1367,3
1203,488,1
1203,458,4
1203,2702,1
1203,2672,2
1203,352,1
1203,788,3
1203,1816,3
1203,105,4
1203,1377,2
1203,2826,3
1203,2581,3
1203,1020,4
1203,1876,4
1203,410,2
1203,585,2
1203,70,4
1203,482,1
1203,783,1
1203,292,1
1203,3425,4
1203,1597,4
1203,382,2
1203,376,1
1203,1676,4
1203,3274,1
1203,1688,1
1203,2710,1
1203,3686,3
1203,653,3
1203,468,1
1203,207,1
1203,1619,3
1203,648,1
1203,158,4
1203,586,4
1203,3614,2
1203,3249,1
1203,2567,1
1203,2012,2
1203,2683,3
1203,1916,4
1203,2023,2
1203,369,3
1203,2801,2
1203,2490,4
1203,1608,1
1203,1836,2
1203,2006,4
1203,1429,1
1203,361,4
1203,565,1
1203,1049,2
1203,454,4
1203,3082,4
1203,3426,1
1203,35,1
1203,1043,4
1203,1092,1
1203,198,4
1203,3107,4
1203,43,4
1203,1620,4
1203,266,2
1203,2628,3
1203,1416,4
1203,1586,2
1203,2424,1
1203,2025,4
1203,288,3
1203,3125,2
1203,469,4
1203,1279,3
1203,537,2
1203,3261,2
1203,780,1
1203,1399,3
1203,14,4
1203,1573,4
1203,2231,2
1203,2433,2
1203,1735,4
1203,2539,4
1203,180,2
1203,224,4
1203,2353,3
1203,253,1
1203,2112,3
1203,999,4
1203,1372,4
1203,3155,2
1203,339,1
1203,465,2
1203,316,2
1203,1485,2
1203,1268,1
1203,3145,4
1203,380,4
1203,2046,2
1203,2583,2
1203,426,1
1203,3712,4
1203,500,1
1203,3263,3
1203,597,4
1203,2759,4
1203,3045,3
1203,222,3
1203,3259,2
1203,1754,3
1203,2294,1
1203,2891,4
1203,2125,2
1203,539,1
1203,492,3
1203,2155,2
1203,3809,2
1203,1892,1
1203,1441,1
1203,1625,3
1203,1580,3
1203,1645,2
1203,2600,1
1203,2083,3
1203,1810,4
1203,1693,1
1203,1614,1
1203,1190,2
1203,41,3
1203,538,1
1203,2278,1
1203,2572,3
1203,2766,3
1203,1748,2
1203,249,3
1203,2394,1
1203,3176,1
1203,1120,3
1203,52,2
1203,377,3
1203,3723,3
1203,2706,4
1203,1643,3
1203,1566,1
1203,2302,4
1203,1653,4
1203,555,3
1203,1059,4
1203,1500,2
1203,2841,2
1203,534,3
1203,3175,2
1203,2883,4
1203,3181,4
1203,45,4
1203,2611,2
1203,1357,3
1203,1094,3
1203,2610,3
1203,3046,4
1203,1393,4
1203,1449,1
1203,590,3
1203,509,2
1203,28,2
1203,3007,4
1203,3006,4
1203,2761,4
1203,3861,3
2022,1711,2
4802,2215,3
3055,3555,1
2063,491,4
2063,585,1
3055,1405,4
3055,2950,4
3055,2088,4
3055,1371,2
3055,1009,1
3055,2470,4
3055,3699,4
3055,1073,4
3055,919,3
3055,1373,4
3055,153,1
3055,2881,1
3055,466,1
3055,3441,4
3055,2393,4
3055,329,2
3055,748,1
3055,165,3
3055,2699,2
3055,1375,4
3055,2414,3
3055,3020,2
3055,2613,3
3055,2344,2
3055,3623,1
3055,1370,2
3055,2985,4
3055,2001,4
3055,1374,4
3055,592,3
3055,1954,1
3055,1240,4
3055,1036,2
3055,1387,2
3055,533,1
3055,3689,2
3055,3688,3
3055,1208,2
3055,3755,3
3158,1527,4
2071,2085,2
2071,2090,2
2071,2078,4
2071,3398,1
2071,2294,4
2071,1032,2
2071,1019,2
2071,2384,2
1266,2585,1
1978,1021,1
1978,3869,2
1978,2706,2
2246,3624,1
2246,3317,3
2246,3793,2
2246,3949,3
2246,3408,4
2246,3571,4
3055,3863,4
3055,2890,3
3055,196,2
3055,1396,4
3055,527,3
3055,504,1
3055,89,2
3055,1833,1
3055,364,3
3055,2912,2
3055,780,4
3055,170,2
3055,3409,1
3055,1343,4
3055,2122,3
3055,1321,4
3055,3031,4
1107,2762,2
3055,3669,1
3055,1562,3
3055,2549,3
3055,2719,3
3055,1644,3
3055,2026,3
3055,784,2
3055,552,3
3055,1342,3
3055,2002,4
3055,1320,4
3055,185,3
3055,188,1
3055,1917,1
3055,1690,1
3055,1422,1
3055,2672,4
3055,1762,4
3055,2279,1
3055,2124,2
3055,379,2
3055,3219,2
3055,550,1
3055,382,4
3055,1092,2
3055,3264,3
3055,236,2
3055,1517,1
3055,1480,3
3055,468,1
3055,3270,3
3055,3107,3
3055,1620,2
3055,253,1
3055,3081,4
3055,1498,1
3055,648,1
3055,1615,2
3055,587,4
3055,1441,4
3055,2841,2
3055,539,2
3055,300,1
3055,800,4
1560,2125,3
1560,3612,3
1560,1639,1
1560,39,1
1560,2248,3
1560,17,1
1560,902,4
1560,898,3
1560,969,3
1560,1307,3
1560,1265,1
1560,945,3
1560,899,2
1560,2748,4
1560,3889,3
1560,3519,3
1560,1801,2
1560,208,2
1560,172,3
1560,2253,1
1560,1037,4
1560,303,3
1560,2815,3
1560,2167,1
1560,780,1
1560,3444,3
1560,1049,1
1560,3441,1
1560,1917,3
1560,2723,2
1560,3698,2
1560,2468,1
1560,1379,4
1560,2613,2
1560,3763,4
1560,1378,1
1560,2628,3
1560,2115,1
1560,2376,3
1560,380,2
1560,1215,3
1560,376,2
1560,1375,1
1560,2617,2
1560,1573,3
1560,316,2
1560,10,4
1560,3704,1
1560,2916,3
1560,1275,4
1560,1876,1
1560,2001,2
1560,3633,1
1560,2985,2
1560,2006,4
1560,1222,4
1560,377,3
1560,2193,2
1560,1220,2
1560,110,3
1560,1580,4
1560,3702,3
1560,3104,4
1560,2640,1
1560,2529,2
1560,1210,4
1560,3703,2
1560,2944,1
1560,1291,1
1560,1527,1
1560,1374,1
1560,457,3
1560,2406,1
1560,1242,1
1560,1954,1
1560,1387,1
1560,3418,3
1560,3000,4
1560,1197,3
1560,2366,4
1560,2194,3
1560,1036,2
1560,2571,4
1560,260,4
1560,2363,2
1560,3646,3
1560,3785,2
4126,19,4
1958,223,1
1181,2940,4
2376,1044,2
4697,2580,3
4697,2600,3
195,1321,2
1369,2539,4
1369,2145,1
195,928,4
195,1204,2
1369,2144,3
1369,3016,1
1369,3535,1
1369,1345,3
1369,1321,3
1369,3499,3
1369,3676,2
1369,3018,2
1369,3706,3
1369,2186,1
1369,3683,3
1139,3949,4
1369,968,2
1369,3932,1
1369,1301,4
1369,2393,2
1369,1371,3
1369,1356,2
1524,180,2
1524,3461,2
5333,3083,3
1113,260,1
496,1639,4
169,2328,1
1113,3897,2
3333,1136,3
2246,3198,1
2246,1250,3
2246,1207,2
2246,1535,2
2246,1247,4
2246,1411,2
2246,750,2
2246,1348,4
2246,2996,4
1113,2706,3
1113,1212,3
4802,2207,3
3520,2422,2
1413,2267,2
1413,163,1
1413,2206,3
1413,1127,4
1413,2952,2
1413,161,3
1413,1748,2
1413,2763,1
1413,2707,3
3520,1388,2
3520,2259,1
3520,2431,3
1413,933,2
1413,1610,3
1413,1834,4
3520,3525,2
1413,1845,4
1413,190,1
3520,3254,2
1413,1674,3
1413,3518,1
1413,1653,1
3520,3527,2
3520,2671,3
3520,358,3
3520,1042,1
3520,2268,3
3520,3398,4
3520,2346,1
3520,1206,2
3520,457,4
3520,2729,2
3520,1036,4
1413,1240,2
1413,47,1
3520,909,4
1413,866,4
1413,293,2
1413,593,1
1413,1248,4
3520,3949,2
1413,1307,2
1413,2289,4
1413,909,1
1413,898,3
1413,2396,2
1413,1188,3
1413,2973,1
1413,176,2
1413,1904,1
1413,1449,2
1413,72,2
1413,1256,3
1413,3354,3
1413,1193,3
1413,1244,4
1413,3362,4
5333,2692,3
343,910,1
3012,3717,2
3012,3593,1
3012,3826,3
3012,3864,1
3012,2004,3
3012,3450,4
3012,3147,4
3012,2046,1
3012,1301,1
3012,2533,1
3012,3770,2
3012,1748,4
3012,2407,3
3012,2408,2
3012,160,1
3012,2038,2
3012,1250,1
3012,3257,2
3012,1339,4
3012,2793,2
3012,3421,3
3012,1274,3
1458,1748,1
1458,1345,2
1458,3751,1
1458,1673,2
1458,2455,1
1458,924,3
1458,2580,4
1458,3608,3
1458,3624,2
1458,2174,1
1458,2529,2
1458,2081,1
1458,32,1
1458,2890,1
1458,551,4
1458,2682,2
1458,3949,4
1458,1923,1
1458,2700,1
1458,588,4
1458,2987,1
1458,1194,2
1458,1120,4
1458,596,4
1458,2391,3
1458,235,1
1458,1199,4
1458,1721,1
1458,2871,2
1458,1210,4
1458,2959,2
1458,150,3
1458,1968,3
1458,337,4
1458,1387,1
1458,47,3
1458,1639,2
1458,608,2
1458,223,1
1458,2918,2
1458,1089,4
1458,541,1
1458,1704,1
1458,720,2
1458,1136,1
1458,1208,4
1458,750,2
1458,3114,3
1458,1565,2
149,647,4
149,3398,3
149,3396,3
149,1942,1
1812,1699,4
1812,2797,4
1812,748,2
1812,3841,4
1812,1320,2
1812,2793,3
1812,2188,2
1812,1321,1
1611,1301,1
1101,3253,3
1274,272,1
1274,2729,3
1274,3949,2
1274,581,2
5317,594,1
5317,3282,4
5317,933,4
5317,1387,4
1611,1136,3
1611,1080,2
3051,2829,4
2969,2793,4
2969,11,1
5734,3253,4
5734,3052,3
5734,1948,3
5734,272,3
5734,647,4
3285,2889,4
195,2273,4
195,3624,3
329,3649,3
4829,3897,2
4829,2529,1
496,223,2
1647,2431,4
1647,165,2
1647,1370,3
1647,2671,4
1647,3327,1
5333,2617,3
2810,12,1
2321,3623,2
2321,2431,4
2321,2671,1
2321,2268,1
2321,3253,1
2321,1042,2
2321,1222,3
2321,2429,3
2321,3536,1
2321,2997,2
1484,2965,1
1484,520,1
1484,157,1
1484,3247,1
1484,461,4
5397,98,1
1484,208,4
1484,2805,1
5397,2706,4
5397,2329,1
1484,1093,2
5397,1077,1
1484,1092,2
1484,2269,4
1484,586,3
1484,882,1
1484,216,1
1484,884,4
1484,3120,2
1484,500,1
1484,3274,2
1484,507,4
1484,3141,4
1484,1711,2
1484,2320,2
1484,369,2
1484,2683,4
1484,312,4
1484,2249,4
1484,454,2
1484,367,2
1484,3020,2
1484,1054,4
1484,85,2
1484,1542,1
1484,2112,1
1484,1513,2
1484,144,4
1484,806,3
1484,2124,1
1484,2710,2
1484,991,2
1484,1268,3
1484,648,3
1484,627,1
1484,3255,2
1484,1909,3
1484,57,2
1484,229,3
1484,766,2
1484,1701,3
1484,1343,4
1484,635,4
1484,708,1
1484,259,1
1484,468,3
1484,380,4
1484,999,1
1484,3044,2
1484,481,2
1484,663,1
1484,440,3
1484,356,3
1484,2278,3
1484,2702,1
1484,2770,3
1484,2231,2
1484,493,4
1484,1788,2
1484,764,4
1484,149,3
1484,3809,4
1484,585,1
1484,3712,3
1484,3263,4
1484,3386,1
1484,1365,2
1484,555,2
1484,1405,3
1484,1747,4
1484,1693,2
1484,1682,3
1484,431,3
1484,1885,2
1484,377,4
1484,299,4
1484,428,2
1484,2302,4
1484,150,4
1484,3105,4
1484,1120,2
1484,728,4
1484,373,2
1484,893,3
1484,3267,3
1484,2318,2
1484,1057,1
1484,58,1
1484,1408,1
1484,531,3
1484,1845,3
1484,632,3
1484,3499,4
1484,272,2
1484,3000,2
1484,509,2
1484,337,2
1484,314,2
1484,194,3
1484,1358,3
1484,16,4
1484,1147,2
1484,45,1
1484,25,1
1484,3418,4
1484,223,3
1484,83,4
1484,2391,2
1484,300,2
1484,2028,1
1484,2692,2
1484,265,2
1484,2762,1
1484,3246,2
1484,2890,4
1484,2952,4
1484,47,4
1484,117,3
1484,1245,4
1484,2329,4
1484,1912,2
1484,475,1
1484,720,2
1484,527,4
1484,1617,2
1484,50,2
1484,858,2
3832,1060,4
3832,3363,4
3832,1228,2
3832,541,2
3832,1136,2
3832,919,2
3832,3362,2
3832,1945,3
3832,2935,1
3832,1196,4
3832,111,4
3832,2804,3
3832,1225,1
3832,1041,4
3832,904,4
3832,1104,4
3832,1219,2
3832,3435,1
3832,1254,4
3832,923,1
3832,1221,4
3832,2593,4
3832,3929,4
2784,921,3
4079,3035,1
5333,3421,1
5333,3949,1
1980,2073,2
5317,1951,2
5317,2883,3
5317,1022,2
5317,3554,2
5317,2915,4
5317,803,4
5317,3499,4
5317,1271,4
5317,1266,1
5317,2398,1
5317,3210,1
5317,3083,1
5317,1282,2
5317,1291,3
5317,1270,2
5317,899,3
5317,3543,3
5317,1240,3
5317,1258,4
5317,1199,1
5317,3897,2
5317,1249,1
4771,1475,1
5317,3024,3
5317,914,2
5317,2160,4
5317,908,4
5317,1104,3
5317,1952,4
4771,1188,2
4771,866,2
4771,1874,3
5317,3911,2
1457,3943,3
1457,3911,1
755,3098,4
755,2000,4
755,1682,4
755,154,4
755,2918,4
755,3578,2
755,1411,3
755,3871,1
755,1272,2
755,2890,1
755,1517,2
755,1276,3
755,1231,3
755,25,3
755,1291,3
755,1200,2
755,2716,2
755,1446,2
755,2268,1
755,3147,3
755,2028,2
755,1197,1
755,1278,3
755,2396,2
755,1104,2
755,1172,2
755,2762,4
755,1244,2
755,953,2
755,110,1
755,2858,4
755,1617,4
755,2571,3
755,919,2
755,1730,3
755,593,4
755,3114,2
755,3811,2
755,318,1
755,3911,3
1484,3671,3
1484,590,2
1484,599,3
1484,1266,3
1484,1619,1
1484,3083,2
1484,3129,1
1484,3527,4
1484,2712,3
1484,457,3
1484,3396,2
1484,2268,3
1484,924,4
1484,1258,4
624,3852,3
531,69,1
4831,2359,3
4831,3350,3
4831,3342,3
4831,111,1
4831,1224,2
3562,3825,4
5312,2996,1
5312,2599,2
755,348,1
755,3068,4
755,1584,1
755,1220,4
755,300,4
755,1358,3
755,1610,3
755,1302,3
755,2020,2
755,1961,1
755,2686,1
755,1960,3
755,1,2
755,589,4
755,1784,3
755,538,1
755,3044,4
755,34,1
755,1090,3
755,1962,4
755,2006,3
755,1265,3
755,1097,4
755,1834,1
755,1794,1
755,1674,2
755,3108,2
755,497,3
755,1954,1
755,3072,3
755,1683,1
755,3655,4
755,2336,3
755,1086,4
755,1183,4
755,1307,4
755,3006,3
755,17,3
755,150,2
755,1041,4
755,3066,3
755,1242,2
755,1270,4
755,2973,1
755,1293,2
755,2324,3
755,994,1
755,1044,4
755,2997,4
755,1704,1
755,1240,2
755,1673,1
755,915,4
755,1387,3
755,2871,4
755,3181,4
755,2728,2
755,1210,1
755,527,3
755,1089,2
755,50,4
755,969,4
755,608,4
755,1193,2
755,912,2
755,541,1
755,1233,1
755,296,4
755,1225,3
755,913,4
755,1219,1
755,2599,2
755,922,3
755,904,4
755,1198,2
755,1213,3
755,858,1
755,260,3
755,923,3
3285,1449,3
3285,1357,4
5394,3785,2
4448,1834,3
2688,2889,3
1717,3416,4
2176,1093,3
2176,2683,3
2176,3070,1
890,3264,4
890,3257,3
890,3489,3
890,3841,1
890,818,2
890,185,1
890,1894,1
890,881,3
890,1468,1
890,1320,4
890,158,3
890,31,4
890,2429,1
890,2699,3
890,1479,4
890,2710,2
890,586,1
890,95,2
890,1457,3
890,1866,4
890,2278,4
890,3477,1
890,1456,3
890,3263,4
890,1645,1
890,231,1
890,1608,3
890,1777,3
890,1093,3
890,39,3
890,832,4
890,362,4
890,1923,2
890,500,2
890,253,1
890,2671,4
890,1120,1
890,353,4
890,1527,2
890,3267,4
890,2692,4
890,1213,3
890,2161,4
890,2162,4
890,126,2
890,3751,3
4126,1804,4
424,1625,1
424,356,3
424,3507,3
424,2202,1
424,3098,4
424,914,4
424,3100,1
424,2176,4
424,2321,3
424,2243,3
424,2206,4
424,337,2
424,3608,4
424,2137,2
424,2313,2
424,3039,1
424,194,3
424,1968,1
424,1060,2
424,933,2
424,3812,3
424,1302,1
424,3198,1
424,3148,2
424,25,2
424,565,2
424,2018,2
424,3360,3
424,906,2
424,129,1
424,534,2
424,2918,4
424,2398,4
424,1259,1
424,1073,2
424,3451,2
5250,1676,1
424,2791,2
424,953,1
424,1294,4
424,2329,2
424,2501,1
5250,1895,1
424,1203,3
424,2212,3
424,1221,4
424,1269,2
424,3468,1
424,1517,4
424,1590,1
424,2671,1
424,3253,2
2071,2671,2
1447,168,3
1447,1276,2
1447,1034,2
1447,23,3
1447,3726,3
1447,3555,4
1447,1658,3
1447,3147,2
1447,678,1
1173,1042,2
1447,928,1
1173,3471,4
1173,2268,3
1173,3949,3
1173,2442,1
1173,147,1
531,3616,2
531,144,1
2395,1923,1
2395,590,2
2395,2502,1
2395,1784,3
3013,3751,4
3518,1198,1
3518,911,3
3518,915,3
3518,916,2
3518,945,1
3518,247,3
3518,3893,4
1203,836,3
1203,2639,4
1203,3254,3
1203,165,1
1203,1370,4
1203,2346,4
1203,2730,2
1203,272,2
1203,3397,4
1203,2340,2
1203,3396,2
1203,2729,3
1203,3527,2
1203,909,4
1203,2137,4
1203,924,1
1203,3471,1
1203,1222,3
2321,1079,3
2321,1307,4
2321,1610,3
2321,47,4
2321,1674,4
2321,1240,1
2321,377,3
2321,457,1
2321,1036,4
2321,2692,1
5602,3624,3
5602,3751,4
3518,3317,1
3971,3911,2
3013,1184,2
3013,154,4
487,3911,3
1958,1377,3
1958,1197,4
5543,2115,1
3547,3702,1
3547,1535,2
3547,1183,2
3547,1264,2
3547,1036,2
3547,2917,1
3547,2858,3
3547,858,1
3547,1221,3
897,2890,3
897,3100,3
897,2959,1
897,2289,2
897,3114,1
897,3593,2
897,3324,1
897,3916,2
897,3408,3
897,3740,3
897,2671,3
897,1036,1
897,1258,3
3203,3949,3
3773,3821,4
293,1208,2
293,2502,4
5302,2141,2
3055,2710,3
737,1203,2
737,223,1
737,3052,3
5100,3948,3
5100,3852,3
5071,720,4
5071,923,4
5071,3819,3
5071,1262,1
5071,3634,1
5071,50,2
5071,912,2
5071,1207,4
5071,318,4
5071,1950,4
329,3914,3
329,3882,3
4834,1721,2
4834,3719,1
1266,437,4
1266,836,4
1266,2431,3
1266,157,1
1266,60,2
1266,3254,2
1266,165,2
1266,2671,4
1266,2639,3
1266,358,2
1266,2346,2
1266,3397,4
1266,3396,1
795,2166,1
180,3514,3
180,3753,1
180,3317,1
180,3328,2
180,3534,2
180,3301,2
180,3785,4
180,3831,4
180,3189,1
180,3618,1
180,3751,4
180,3481,1
180,3578,4
180,3298,4
180,3510,1
180,3571,4
180,3408,1
4700,541,4
4700,2997,3
4700,1148,2
4700,2565,4
4700,2080,4
4700,3612,1
4700,2300,2
4700,2093,1
4700,2021,2
4700,653,1
4700,1009,2
4700,3479,1
4647,3514,3
2986,3317,2
2986,2976,1
1969,2533,2
1969,2532,2
1969,2531,1
1733,3951,2
1733,494,1
5621,508,1
943,1573,4
943,2762,3
1088,1276,3
3210,3823,1
3210,3822,4
3210,3783,2
3210,3456,3
2114,368,2
2114,2403,2
2114,2335,3
2114,1754,2
710,2185,2
169,1753,4
1733,1529,1
856,3150,4
856,3949,4
856,3910,2
856,3301,4
496,3717,1
856,3298,4
856,3328,4
856,3783,4
5250,3882,3
5250,144,1
5250,1259,1
1182,1407,4
1182,2706,4
1943,3948,2
2063,2042,2
1088,3599,1
1243,3408,3
3685,165,4
195,1591,2
195,2359,2
195,1909,2
195,1845,3
195,1862,1
195,1779,4
195,2026,3
195,1754,2
195,1911,3
3824,1479,1
3824,1752,1
3824,707,3
3824,3257,2
3824,2803,1
3824,1833,4
3824,95,4
3824,1615,2
3824,2177,3
3824,1687,3
3824,292,1
3824,1769,4
3824,1616,4
3824,2605,1
3824,423,2
3824,3249,1
3824,1805,1
3824,2273,1
3821,930,3
3824,2210,3
2047,3950,4
6040,161,3
6040,1784,2
6040,1921,4
6040,2917,2
6040,232,3
6040,3671,4
6040,457,4
6040,1673,3
6040,2725,2
6040,953,3
6040,1333,4
6040,2571,3
6040,1211,2
6040,1947,3
6040,2068,4
6040,1270,4
6040,3421,2
6040,1258,1
6040,3362,4
6040,1212,4
6040,2575,4
116,2421,3
116,2422,4
116,1388,4
116,157,2
116,3918,3
2688,3189,3
116,3254,1
116,165,4
116,2340,4
116,3253,1
116,1370,3
116,3052,1
116,3527,3
116,1036,4
116,1222,3
116,924,2
116,1274,3
116,2268,3
116,1258,4
116,1090,3
116,3949,3
116,3911,2
1717,3386,3
1717,1950,2
1717,1247,4
1717,1235,4
1717,608,3
1717,1281,4
1717,25,4
1717,549,1
1717,1094,1
1717,1947,1
1717,2028,4
1717,2324,3
1717,3167,1
1717,1265,1
1717,2202,2
1717,34,3
1717,1537,1
1717,3421,1
1717,1249,3
1717,3089,1
1717,3897,3
1717,3504,4
1717,3347,3
1717,1358,4
1717,2692,3
1717,1387,3
1717,969,4
1717,190,4
1717,1172,2
1717,2819,3
1717,363,3
1717,1511,3
1717,1066,4
1717,1956,4
5492,3593,2
5492,3286,4
5492,3864,2
5492,3408,1
1182,915,3
1182,955,2
1182,356,1
1182,1103,4
1182,1927,4
1182,898,3
1182,2366,2
1182,1939,3
1182,1254,2
1182,969,4
1182,922,3
1182,783,4
1182,2078,3
1182,1028,3
1182,2081,4
1182,900,2
1182,1032,4
1182,1022,3
1182,899,1
1182,594,4
1182,595,2
1182,2883,4
1182,1784,2
1347,587,1
1347,708,3
1347,3081,1
1347,2166,3
1347,2496,3
1347,2125,4
1347,380,2
1347,2978,4
1347,440,4
1347,302,1
1347,2424,1
1347,2581,2
1347,2080,4
1347,539,3
1347,1777,3
1347,1658,2
1347,1733,4
1347,1441,4
1347,357,4
1347,3668,1
1347,543,3
1347,2081,1
1347,2572,4
1347,1059,2
1347,838,3
1347,555,1
1347,11,1
2986,3756,4
1347,1895,2
1347,3536,2
1347,902,3
2047,2529,3
1347,1639,4
1347,215,4
1347,3796,1
5118,2268,2
1930,32,4
5173,231,3
839,3617,4
343,1183,2
4753,452,4
4753,3078,1
343,914,2
343,1028,1
343,594,3
343,2081,3
343,588,4
343,1022,2
343,2096,4
343,919,3
343,595,2
343,266,1
293,194,4
293,2762,4
2063,3483,3
2063,3911,3
293,3355,1
293,3825,2
293,3753,3
293,3317,1
3940,3753,4
4277,2236,4
4277,1914,2
4277,3115,1
1912,265,1
3475,2870,2
3475,2109,4
3475,2657,3
3475,3388,4
3475,2378,2
3475,2347,4
3475,3104,4
3475,2797,1
3475,2174,3
3475,1885,3
3475,678,3
3475,2379,2
3475,2422,4
3475,2405,4
3475,2386,3
3475,2022,1
3475,2338,2
3475,247,4
3475,454,1
3475,160,1
3475,1562,3
3475,1732,3
3475,420,4
1202,471,4
1202,2302,3
1202,1883,3
1202,1914,1
3475,2701,4
3475,1531,3
3475,208,2
3475,762,4
1202,3911,3
3475,216,4
3475,719,4
3475,2387,2
3475,2829,4
3475,350,1
3475,278,2
3475,141,4
3475,1777,1
3475,1580,1
3475,2302,4
3475,2700,1
3475,1923,3
3475,1184,2
3475,3441,2
3475,3753,4
3475,540,1
3475,3755,2
3475,539,1
3475,2671,1
3475,3791,1
3475,1124,2
1980,1027,1
2796,2294,3
2796,2893,1
2796,2015,2
2796,3398,4
2796,1641,3
2796,508,2
2796,2390,4
2796,3253,2
2796,2085,2
2796,1017,4
2796,3397,1
2796,1246,1
2796,2144,3
2796,917,2
2796,915,1
2796,538,3
2796,2916,2
2796,2115,1
2796,2706,3
2796,3608,2
2796,2797,3
2796,971,3
2796,955,3
2796,1517,4
2796,1673,3
2796,2599,4
2796,2302,2
2796,531,2
2796,949,3
2796,1285,4
2796,3039,1
2796,2948,4
2796,1073,1
2796,2174,3
2796,1968,4
2796,1103,2
2796,1704,1
2796,1296,1
2796,1079,2
2796,596,2
2796,940,3
2796,2947,1
2796,1080,4
2796,2336,3
2796,272,1
2796,1099,2
2796,1962,2
2796,1907,2
2796,2944,2
2796,3396,3
2796,2959,3
2796,3360,3
2796,1259,1
2796,1084,3
2796,3451,1
2796,529,1
2796,1234,2
2796,1276,1
2796,1957,3
2796,2018,3
2796,3363,2
2796,2997,2
2796,2398,4
2796,1961,1
2796,296,1
2796,3095,4
2796,1023,2
2796,34,1
2796,922,2
2796,916,1
2796,1012,1
2796,1394,3
2796,953,4
2796,1250,2
2796,1927,1
2796,2804,4
2796,1136,1
2796,1007,2
2796,1378,3
2796,2478,1
2796,2016,2
2796,1379,2
2796,1201,2
2796,3871,1
2796,1304,3
2796,590,4
2796,1445,2
2796,466,3
2796,1676,3
2796,3448,3
2796,1294,3
2796,110,4
2796,912,2
2796,1262,2
2796,2028,2
2796,1204,4
2796,527,1
2796,1499,1
2796,2827,3
2796,185,3
2796,3063,1
2796,288,2
2796,481,1
2796,95,2
2796,3082,3
2796,165,1
2796,10,4
2796,1092,3
2796,3546,4
2796,3249,4
2796,832,3
2796,2212,1
2796,1370,1
2796,376,3
2796,2550,2
2796,1722,3
2796,3763,1
2796,1343,3
2796,1610,1
2796,3461,4
2796,627,3
2796,293,2
2796,2183,3
2796,904,1
2796,593,2
2796,1069,1
2796,50,1
2796,908,4
2796,2450,2
2796,2643,4
2796,546,2
2796,173,3
2796,172,2
2796,3802,3
2796,2642,3
2796,2034,3
2796,1373,3
2796,1831,2
2796,2408,4
2796,1591,4
2796,2093,4
2796,1037,4
2796,3638,4
2796,2091,4
2796,1391,1
2796,1371,4
2796,1544,1
2796,2054,1
2796,24,1
2796,2393,4
2796,1917,3
2796,2011,4
2796,329,2
2796,2094,4
2796,2615,3
2796,2641,3
2796,2116,4
2796,2105,2
2796,2699,4
2796,316,3
2796,1375,1
2796,2046,2
2796,1372,3
2796,2012,2
2796,1876,4
2796,3527,1
2796,3033,3
2796,1653,4
2796,2407,4
2796,780,2
2796,2140,1
2796,2527,1
2796,2640,1
2796,2628,4
2796,3927,4
2796,2968,2
2796,2021,4
2796,3701,3
2796,1253,3
2796,1127,4
2796,2287,1
2796,1376,4
2796,3932,3
2796,741,4
2796,1270,3
2796,480,3
2796,1356,1
2796,1097,4
2796,924,1
2796,1019,1
2796,1748,1
2796,2529,3
2796,1580,3
2796,1527,1
2796,258,1
2796,550,2
2796,3436,3
2796,3099,2
2796,202,2
2796,3257,3
2796,3,4
2796,2469,1
2796,2468,4
2796,2724,3
2796,224,1
2796,3094,2
2796,48,3
2796,2145,3
2796,1441,1
2796,736,1
2796,7,4
2796,543,1
2796,1535,1
2796,1777,4
2796,2424,3
2796,587,4
2796,1569,2
2796,3524,4
2796,1851,2
2796,353,2
2796,2100,1
2796,3479,1
2796,3699,1
2796,1101,1
2796,2721,4
2796,1094,1
2796,11,1
2796,597,2
2796,907,3
2796,440,1
2796,539,3
2796,380,4
2796,39,2
2796,357,4
2796,342,3
2796,902,1
2796,898,2
2796,2872,4
2796,2291,1
2796,356,3
2796,2396,2
2796,943,3
2796,933,3
2796,1210,3
2796,920,4
2796,377,4
2796,648,1
2796,1909,2
2796,1269,2
2796,903,4
2796,1086,2
2796,1030,3
2796,2088,1
2796,829,2
2796,2017,4
2796,1381,3
2796,661,2
2796,1032,3
2796,2096,2
2796,2081,2
2796,2078,4
2796,2083,4
2796,1380,1
2796,1022,2
2796,1031,2
2796,2135,3
2796,3675,2
2796,901,2
2796,899,2
2796,919,3
2796,1028,3
2796,1035,1
2796,2080,1
2796,2087,1
2796,1282,4
2796,2565,1
2796,1947,1
2796,551,1
2796,1029,3
2796,914,2
2796,364,1
2796,900,3
2796,2119,1
2796,3693,1
2796,1862,4
2796,2448,4
2796,2668,2
2796,2163,4
2796,2719,1
2796,2121,4
2796,3708,2
2796,2513,3
2796,2026,1
2796,1644,1
2796,724,1
2796,2717,4
2796,2456,3
2796,2428,2
2796,2656,3
2796,1342,2
2796,196,4
2796,2633,1
2796,2710,3
2796,1334,2
2796,1320,4
2796,70,1
2796,2617,4
2796,2657,3
2796,799,2
2796,2097,1
2796,3081,3
2796,1407,2
2796,2635,1
2796,1215,3
2796,2003,2
2796,2746,4
2796,1339,2
2796,2664,2
2796,2455,2
2796,2366,4
2796,1997,4
2796,1994,3
2796,2716,2
2796,1214,3
2796,913,2
2796,2987,3
2796,3000,3
2796,3355,4
2796,3786,1
2796,3745,1
2796,3408,3
293,1244,3
293,913,3
293,1254,4
293,1247,1
293,908,3
2188,3688,3
3688,3159,1
3688,3071,3
3688,948,3
3688,1103,4
3688,2155,3
3688,1961,4
3688,3365,4
3688,3358,4
3688,599,3
3688,2971,4
3688,2951,4
3688,16,2
3688,2022,1
3688,2087,1
3688,1249,1
3688,3201,2
3688,3222,3
3688,3098,4
3688,904,3
3688,3475,1
3688,2762,4
3688,242,1
1088,1213,3
1088,32,2
1088,2210,4
1447,2761,2
1447,720,1
1447,599,4
1447,3066,2
1447,2113,4
1447,2328,4
1447,2327,1
1447,188,3
1447,3016,3
1447,2976,2
1447,2649,2
678,3301,1
4640,1321,2
4640,1334,2
4640,2710,4
4640,366,4
4640,2167,3
5096,1921,3
2784,1247,2
195,1132,2
1182,2067,2
1182,2268,3
1182,3733,2
1182,1222,3
1182,2194,4
1182,3783,3
1182,1084,4
1182,1272,2
1182,2329,2
1182,3447,1
1182,1228,2
1182,1678,4
1182,1090,1
1182,953,3
1182,1945,2
1182,926,2
1182,36,4
1182,2132,3
1182,1287,4
1182,919,4
1182,3095,3
1182,3469,2
1182,111,1
1182,1719,3
1182,2612,4
1182,1104,2
1182,1207,2
1182,912,3
1182,3468,4
1182,3196,2
1182,911,2
1182,3178,2
1182,3751,3
1182,39,4
1182,2797,1
1182,1292,3
1182,3462,2
1182,11,4
1182,916,4
1182,1259,3
1182,3307,4
1182,1269,2
1182,1278,3
1182,2300,4
1182,3030,3
1182,3819,4
1182,910,3
1182,909,1
1182,3629,4
1182,1197,4
1182,2616,1
1182,1246,3
1748,2273,3
2810,3556,2
2810,3916,1
2810,3897,4
2810,2396,3
2810,1411,2
2810,2959,2
2810,2858,4
2810,527,2
2810,3798,4
2810,594,4
2810,47,4
2810,3185,3
2810,3453,3
2810,2392,2
2810,3146,3
2810,1597,1
2810,158,2
2810,1215,3
2810,2683,3
2810,616,3
2810,2793,2
2810,2294,3
2810,2141,2
2810,2123,1
2810,1203,2
2810,1367,3
2810,588,1
2810,19,1
2810,1870,4
2810,3117,4
2810,953,3
2810,3317,2
2810,412,4
2810,3835,4
1001,647,4
442,1191,4
442,1797,1
442,1030,1
442,2657,4
442,1035,1
442,1298,2
442,2565,2
442,2080,3
442,364,3
442,1282,1
442,3257,3
442,1088,2
442,2369,4
442,697,4
442,2145,4
442,1380,3
442,2146,1
442,3479,3
442,2297,2
442,1101,3
442,58,3
442,543,3
442,1680,1
442,3259,3
442,1721,2
442,151,3
442,2025,1
442,914,1
442,969,3
442,1393,1
442,2291,2
442,1639,2
442,293,4
442,2450,1
442,2642,4
442,185,3
442,1205,2
442,1544,1
442,1375,1
442,2393,4
442,2034,2
442,1371,1
442,2628,4
442,610,3
442,2021,4
442,329,3
442,2105,4
442,1573,4
442,2916,4
442,1909,3
442,3699,4
442,480,1
442,1921,1
442,1206,2
442,2529,1
442,1210,4
442,312,4
442,2431,3
442,788,1
442,276,1
442,69,1
442,2249,3
442,1629,2
442,500,1
442,2699,3
442,1711,1
442,2485,3
442,1425,4
442,1485,1
442,1441,2
442,2723,1
442,2108,2
442,785,3
442,1777,2
442,1171,2
442,2282,1
442,3481,4
442,1545,1
442,342,1
442,132,4
442,3052,3
442,1914,4
752,1503,4
752,3477,2
752,434,1
752,494,4
3125,1917,4
3125,2002,3
3125,2273,4
3125,316,1
3125,353,3
3125,349,3
3125,2058,1
3125,733,2
3125,432,3
3125,368,4
3125,383,2
3125,458,4
3125,303,2
752,2473,4
752,2471,1
752,3394,3
3125,3911,4
752,2375,1
752,2072,4
3125,34,1
752,3524,2
752,2141,3
752,2133,3
752,2915,3
752,2248,2
752,3766,4
752,2642,3
752,2525,4
752,2476,4
752,2990,4
752,2985,1
752,1200,1
752,1042,3
752,3319,3
1182,3911,1
1182,1248,3
1088,62,4
1088,3176,4
1088,1940,4
4934,3186,4
4934,1537,3
5492,1218,3
5492,2313,4
5492,2424,3
5492,1816,2
5492,1385,1
5492,1627,1
5492,3176,1
5492,1721,1
5492,2762,4
5492,589,4
5492,1240,1
5492,2724,1
5492,3617,1
5492,2657,2
5492,2548,3
5492,2574,3
5492,2325,3
5492,2059,2
5492,1907,4
5492,508,4
5492,837,3
5492,1854,4
5492,1955,2
5492,3450,4
5492,3466,4
5492,253,3
5492,3564,2
5492,3243,1
5492,2959,4
5492,986,1
5492,2509,4
5492,454,2
5492,457,3
5492,87,3
5492,2977,2
5492,2026,2
5492,165,4
5492,1645,3
5492,3751,1
5492,3786,1
5492,3107,2
5492,3264,1
5492,416,1
5492,2770,3
5492,3754,4
5492,2060,3
5492,2153,2
5492,1225,1
5492,1270,4
5492,34,4
5492,413,4
1943,3617,4
5312,1042,3
5312,1920,1
1958,1544,1
1958,480,1
5394,2150,4
5394,539,4
5394,3831,2
5394,3263,2
5394,1028,1
5394,156,3
5394,3317,3
5394,2000,3
5394,3535,1
5394,3893,3
5394,898,3
5394,1269,4
5394,1244,1
5394,3504,1
5394,3118,2
1422,3784,2
3821,3786,2
195,1731,4
1597,1875,3
1182,1370,2
1182,165,1
1182,3863,2
1182,2174,1
1182,923,2
1182,1212,1
1182,1730,4
1182,1997,3
1182,1302,4
1182,3408,3
1182,2394,1
1182,1777,4
1182,886,2
1182,413,1
1182,1679,3
1182,104,2
1182,1747,3
5492,169,3
5492,953,1
5492,2416,4
5492,2598,2
5492,603,2
1748,1221,2
1748,2023,2
5492,3534,1
5492,3752,3
5492,3301,2
5492,2860,2
5492,3562,1
5492,2924,1
5492,2683,1
5492,1885,2
5492,3210,4
5492,2384,3
1912,1950,1
5492,2239,3
5492,2599,2
5492,916,3
5492,1784,1
1912,1518,1
1912,2700,4
1912,899,1
1912,3099,3
1912,300,3
1912,1267,3
1912,3836,2
1912,595,4
1912,553,1
5333,216,1
1182,153,3
1182,592,2
1182,1562,1
1182,1377,2
2122,373,3
2122,1222,3
2122,1302,2
2122,1953,4
2122,3071,2
2122,1674,1
2122,1097,4
2122,3342,3
2122,3019,2
2122,3836,3
2122,1270,1
2122,3421,4
2122,1199,2
2122,1304,4
2122,1080,3
2122,1258,1
2122,3362,1
2122,1288,1
2122,2997,4
2122,924,1
2122,1997,3
2122,1189,2
2122,296,3
2122,1307,3
2122,3504,1
2122,2664,3
2122,246,2
2076,3471,3
3821,3326,3
3821,3616,2
3002,440,2
3002,1394,4
3002,1190,3
3002,1266,4
3002,1259,4
3002,2366,3
3002,919,3
3002,260,3
3002,910,1
3002,2973,3
3002,608,4
3002,2450,2
3002,3062,3
3002,903,2
3002,1264,4
3002,2891,2
3002,2759,2
3002,3160,1
3002,1965,2
3940,969,4
3002,3911,2
3940,2700,1
5949,3785,2
678,3949,1
678,2612,3
678,942,2
678,3546,2
678,1287,3
678,982,1
1088,3256,2
1088,3686,3
1088,1061,4
4831,2329,2
4831,2300,2
1824,3825,4
1824,3752,1
1824,3301,1
1824,3861,4
1824,3863,2
1824,3298,1
1824,3948,3
1824,3784,3
1824,3536,2
1824,3510,2
1824,3751,1
1824,3317,2
1824,3897,4
1824,3901,3
1824,3949,3
752,3457,3
2395,3534,4
1605,2826,2
2188,309,3
2188,3556,2
4126,1383,2
4126,2273,4
4126,2123,1
4126,361,3
5492,436,3
5492,2490,1
5492,903,2
5492,2586,3
5841,361,3
993,215,4
710,2206,3
5333,3244,4
1182,3949,2
3441,3901,4
411,345,3
411,3061,2
411,348,1
411,2889,4
411,1747,4
411,3253,3
411,3210,1
411,551,1
411,2750,4
411,1500,4
411,1257,2
411,1641,4
411,3516,1
411,39,2
411,1269,1
411,933,4
411,2108,1
411,1449,3
411,3132,3
411,2248,4
411,1,4
411,1256,2
411,3599,1
4809,3720,2
411,1288,1
411,951,2
411,955,2
411,3825,2
411,3794,4
411,3624,1
411,3948,4
411,3317,1
411,3536,4
411,3897,3
411,912,1
5333,3196,3
231,2916,1
231,2640,1
231,527,4
231,1212,4
911,2840,4
231,3527,4
231,2985,2
231,2160,2
231,1193,1
231,1136,3
231,2723,1
231,914,4
231,1291,3
231,1387,3
231,608,4
231,1213,3
231,1333,2
231,590,4
231,1320,2
231,2858,3
5333,498,1
4647,2359,2
496,172,4
1733,514,1
1395,2395,4
1930,3545,3
1930,1289,3
5492,2403,4
5492,2420,4
5492,3448,4
5492,1220,2
5492,1394,1
5492,1246,4
5492,3424,1
5492,1960,4
5492,2797,4
5492,1302,4
343,3945,3
3475,144,1
3475,2321,3
3475,1997,3
3475,1080,4
3475,3897,1
1930,987,1
3475,2067,1
3475,1096,4
3475,2599,3
1930,2622,1
1930,444,1
1930,3911,1
1930,3949,1
3475,1964,3
727,3359,2
3995,1198,1
3995,527,3
4950,2712,4
195,1161,3
195,3156,2
195,3753,2
195,3355,4
331,3175,4
331,1921,4
331,2722,4
911,3147,3
1748,694,2
1748,2700,4
1113,924,3
4042,2334,1
1421,2858,3
1421,2300,4
201,3538,4
201,3408,1
201,3897,4
201,1958,4
412,1103,1
201,3911,2
201,3720,1
412,3720,1
5053,3745,1
5053,3616,4
4771,534,3
4771,309,3
4771,1673,2
4771,1893,4
4771,2323,4
4771,2065,1
4771,3528,4
4771,2998,3
4771,131,3
4771,266,4
4771,1669,3
4771,2621,3
4771,1415,2
4771,351,2
4771,35,3
4771,151,1
4771,2025,2
4771,1046,1
4771,613,2
4771,764,3
4771,249,1
4771,446,2
4771,215,1
4771,2801,2
4771,509,1
4771,49,3
4771,1721,1
1551,543,2
3768,3918,3
3768,3398,2
3768,2639,4
3768,3396,1
3768,272,3
1088,1230,3
2050,2421,2
2050,836,4
2050,3525,2
2050,2639,3
2050,2431,2
2050,1370,2
2050,165,2
2050,3527,2
2050,1042,2
2050,3052,1
2050,647,1
2050,2137,2
2050,3253,3
2050,1206,3
2050,2782,1
2050,457,2
2050,910,3
2050,1036,2
2050,1258,1
2050,2973,4
2050,2671,2
2050,2340,4
2050,3911,1
2050,3949,3
3285,176,3
3285,3744,4
149,3567,3
149,3535,2
149,3189,2
149,3192,1
149,3625,3
149,3452,1
149,3275,1
149,3623,3
149,3744,1
149,2422,4
149,157,3
149,2259,2
149,2421,4
149,3254,2
149,358,4
149,2340,1
149,2639,3
149,3740,1
149,2671,3
149,3052,3
4089,3901,3
4089,3949,3
4277,1458,1
4277,3484,2
5333,58,2
4116,3717,1
4116,3298,2
4116,3408,1
4116,3481,1
355,1454,2
1943,3740,4
1943,2243,4
4727,3951,1
3693,916,2
1958,2529,2
1524,2706,4
5689,2579,3
1611,3285,4
195,2391,1
319,2639,2
319,2346,2
319,1206,2
319,1258,4
1088,926,1
1088,1544,4
5294,2729,3
5294,3398,2
5294,3397,1
5294,3740,3
5294,2973,1
5294,3253,2
5294,3052,4
5294,3396,2
5294,3911,3
5294,457,1
5294,1036,1
3832,1657,4
3832,1191,3
3832,3007,1
3832,581,1
3832,3859,3
3832,2064,4
3832,3679,1
3832,1192,4
3832,3182,4
496,2683,1
496,1376,3
496,1356,4
496,1371,4
496,1373,2
496,1372,3
496,2393,4
496,329,3
496,1375,1
496,1374,2
496,924,1
496,3618,2
496,3752,1
496,3864,2
496,1907,1
496,3512,3
231,720,4
231,1148,3
3178,2365,3
3178,3751,3
3178,3396,1
2047,3911,2
4042,342,1
1142,2115,4
1142,1291,2
1142,592,3
1142,2011,3
1142,1270,3
1142,2297,4
1142,3798,4
1142,3268,4
1142,594,2
1142,3081,4
1142,3949,3
1142,48,2
1142,3869,2
1142,2671,2
1142,2302,1
1142,370,3
1142,1837,4
1142,1580,3
1142,3948,2
1142,1544,4
1142,2081,1
1142,2571,1
1142,2027,4
1142,367,1
1142,3249,3
1142,1754,1
1142,1590,2
1142,2804,2
1142,1377,3
1142,3285,2
2786,1909,4
2786,1805,3
1088,2201,2
1088,2700,4
5621,3915,1
1958,1441,1
4831,3324,2
4831,3911,1
3285,3183,3
3285,910,1
3285,1956,2
3285,913,1
3285,161,2
3285,1250,3
1551,3396,2
5492,2995,1
5492,2003,1
5492,3785,4
5492,1321,1
5492,2716,1
5492,2369,1
5492,3,2
5492,3452,2
5492,2621,2
5492,1088,3
5492,2146,3
5492,1569,3
5492,3358,2
5492,1821,3
5492,3044,2
5492,1101,1
5492,1307,1
5492,256,4
5492,1373,3
5492,1371,3
5492,3156,1
5492,1376,1
5492,2105,4
5492,2672,3
5492,1374,2
5492,2011,3
5492,2455,2
5492,1653,3
5492,3175,1
5492,343,1
5492,2429,3
5492,1592,4
5492,2,2
5492,3054,1
306,1378,4
2451,3623,1
2451,3949,2
4517,2918,4
4517,1639,1
4517,2581,2
911,3062,1
3840,899,4
3840,1193,2
3840,1101,1
3840,356,4
3840,2795,4
3840,2794,4
3840,590,4
3840,3911,4
1389,913,3
1389,922,4
3840,3751,3
3840,3753,4
1088,1104,4
4058,1810,1
5948,3855,1
5948,3163,1
4058,62,1
4058,2734,2
4058,597,3
4058,3723,2
4058,1035,3
4058,3214,1
4058,2420,1
4058,2294,4
4058,2083,4
4058,2457,3
4058,2929,1
4058,3252,3
4058,1120,2
4058,1951,1
4058,2139,3
4058,3250,3
4058,3259,1
4058,2114,2
4058,441,4
4058,3100,4
4058,1693,1
4058,1777,1
4058,2795,4
4058,3148,3
4058,2321,3
4058,3526,3
4058,1246,2
4058,3105,3
4058,3868,3
5492,1259,2
5492,1274,1
4058,3654,1
4058,1639,1
4058,1124,2
4058,1393,1
4058,994,1
2246,1057,3
4058,1673,2
4058,2137,4
4058,1704,4
4058,1032,3
4058,2288,1
4058,1302,2
4058,147,1
4058,778,4
5492,1197,4
5492,1036,2
5492,2000,2
4058,1012,3
4058,2959,2
4058,150,1
4058,3098,2
4058,920,2
4058,954,4
4058,2398,1
4058,2947,4
4058,1231,2
4058,3359,1
5492,2887,1
5492,2974,3
4058,953,1
5492,2701,4
4058,3916,4
5492,2831,3
5492,355,4
4058,3949,1
5492,1993,1
5492,2555,4
5492,1417,4
5492,360,2
5492,2306,3
5492,2107,2
5492,1992,2
5492,2491,4
5492,1887,2
5492,2385,2
5492,291,2
5492,2315,4
5492,3835,1
5492,455,3
5492,2888,3
5492,886,3
5492,1515,1
5492,2713,2
5492,3063,4
5492,2052,1
5492,2907,1
5492,88,1
5492,2338,1
5492,3064,2
5492,3146,4
5492,168,1
5492,2428,1
5492,3258,3
5492,219,1
5492,2279,4
5492,2809,3
5492,673,2
5492,2722,1
5492,528,2
5492,2979,3
5492,3438,3
5492,2589,1
5492,1603,3
5492,2719,2
5492,3001,1
5492,2606,3
5492,2387,2
5492,2771,1
5492,2558,4
5492,784,4
5492,2540,4
5492,1372,4
5492,185,4
5492,3053,4
5492,1713,1
5492,3004,2
5492,48,3
5492,382,3
5492,2605,1
5492,2316,4
5492,2082,2
5492,1644,2
5492,2335,1
5492,18,3
5492,231,1
5492,662,4
5492,2806,3
5492,2875,1
5492,724,1
5492,2012,3
5492,158,4
5492,1566,1
5492,2805,2
5492,1717,2
5492,1918,1
5492,804,1
727,2112,4
624,3125,2
5492,2597,2
5492,2485,4
5492,1747,2
5492,2718,1
5492,252,1
5492,2587,3
5492,3489,4
5492,3155,2
5492,2025,4
5492,1835,3
5492,2155,2
5492,2432,3
5492,1059,3
5492,2447,2
5492,2600,4
5492,2496,4
5492,3052,4
5492,1343,4
5492,198,3
5492,2861,3
5492,31,4
5492,74,1
5492,2707,4
5492,2273,2
5492,2706,4
5492,2294,2
5492,3259,3
5492,2763,2
5492,2580,2
5492,1682,2
5492,500,4
5492,539,3
5492,1805,1
5492,358,1
5492,2978,3
5492,1407,2
5492,52,3
5492,2671,2
5492,2908,2
5492,2291,1
5492,2391,2
5492,3000,1
5492,2125,4
5492,1777,2
5492,1912,4
5492,1923,2
5492,1584,1
5492,3499,4
5492,1678,1
5492,441,2
5492,150,2
5492,1694,3
5492,1,3
5492,3502,1
5492,262,1
5492,25,1
5492,1704,3
5492,2761,1
5492,2858,4
5492,1280,4
5492,293,3
5492,593,3
5492,2028,4
5492,3799,2
5492,3299,2
5492,3646,4
5492,3354,3
5492,3511,1
5492,3454,4
5492,3821,1
5492,3826,3
5492,3316,1
5492,3553,1
5492,3825,3
5492,3743,4
5492,3717,4
5492,3893,4
5492,3948,1
5492,3273,1
5492,3623,1
5492,3624,3
5492,3189,2
5492,3536,2
5492,3882,3
5492,3263,4
5492,208,2
5492,3247,2
5492,546,2
5492,2392,4
5492,2720,2
5492,2798,2
5492,2502,4
5492,2152,2
5492,1917,4
5394,3949,4
5100,3952,4
1605,2504,4
1605,3624,4
1605,896,3
1605,1859,4
2376,3911,2
5329,1090,4
5329,3911,3
5329,3618,2
5329,3794,4
5329,3355,1
1733,492,3
1733,2885,2
5333,2203,2
4802,2912,3
1421,2183,3
1395,2263,1
2753,3911,4
5333,969,3
1088,432,1
1088,2279,3
1088,266,3
1019,3514,4
2895,1472,3
3067,2918,4
3067,1211,3
3067,2791,1
3067,2915,4
3067,2064,1
3067,2104,1
3067,1968,3
3067,1394,4
3067,1036,4
3067,2386,1
3067,1878,3
3067,1601,2
3067,256,3
3067,3180,3
3067,3146,3
3067,2007,1
3067,1191,2
3067,179,3
3067,3113,2
3067,2616,4
3067,1598,3
3067,2688,2
3067,2279,4
3067,3156,2
3067,619,4
3067,2806,4
3067,1422,1
3067,2881,2
3067,344,1
3067,1563,1
3067,3115,2
3067,383,1
3067,2026,1
1010,3949,1
3067,1366,2
3067,2884,4
3067,991,1
3067,1459,1
3067,2702,4
3067,469,2
3067,2447,2
3067,2273,3
3067,303,4
3067,3173,1
3067,650,4
3067,2590,3
3067,1650,1
3067,3258,2
3067,3450,2
3067,986,3
3067,2155,2
3067,2889,3
3067,3274,3
3067,1454,1
3067,1799,4
3067,2763,1
3067,783,4
3067,515,1
3067,144,1
3067,862,3
3067,271,3
3067,1171,4
3067,1442,2
3067,1215,2
3067,3178,1
3067,2671,3
3067,647,4
3067,352,4
3067,1885,1
3067,2912,2
3067,364,4
3067,2718,3
3067,1356,3
3067,377,2
3067,551,4
3067,448,2
3067,2890,2
3067,1966,1
3067,2996,3
3067,3252,2
3067,3006,4
3067,3114,1
3067,3895,1
3067,3354,2
3067,3276,4
3067,3826,1
3067,3324,4
3067,3325,1
3067,3238,3
3067,3285,2
3067,3825,4
3067,3484,4
3067,3752,4
3067,3225,3
3067,3827,4
3067,3798,2
3067,3717,3
3067,3409,1
3067,3300,4
3067,3785,3
3067,3755,1
3067,3753,2
3067,3515,1
3067,3301,4
3067,3948,1
3067,3298,3
3067,3952,2
3067,3535,1
3067,3510,2
3067,3623,1
3067,3745,3
3067,3831,3
3067,3556,4
3067,3893,1
3067,3536,4
3067,3481,1
3067,3793,1
3067,3578,4
3067,3408,4
3067,3911,4
3067,3317,2
3067,3823,3
1422,3948,1
696,1060,1
2784,3069,4
2784,111,2
2784,3435,2
2784,50,2
2784,1204,4
2784,1952,3
2784,1230,4
2784,3362,2
2784,1252,2
2784,3741,4
2784,1219,3
2784,3468,3
2784,912,1
2784,1207,1
2784,1221,4
3821,3646,1
993,924,3
993,3083,2
993,589,4
993,1219,2
993,1960,3
993,3252,4
993,1249,4
993,260,4
993,2728,4
993,1089,1
993,50,3
993,1233,2
993,527,4
3833,1610,2
710,2201,2
749,2985,3
749,1873,3
749,1124,4
749,147,2
749,2890,1
749,529,1
749,3296,4
749,3098,4
749,34,2
749,3916,3
749,926,1
749,3714,2
749,3498,2
749,1247,1
749,953,4
749,3196,2
749,1689,4
749,1018,4
749,849,1
749,3755,3
749,288,3
749,2551,2
749,2856,4
749,3203,3
749,2183,1
749,2346,2
749,2527,4
749,3101,4
749,3505,3
749,1970,3
749,2787,2
3471,3911,1
3471,3720,2
3471,3949,2
2898,2692,2
2898,1866,3
2898,2529,4
2898,1079,1
2898,2150,4
2898,2151,1
2898,2580,1
2898,3793,1
2898,3852,4
2898,3911,1
1733,2725,3
1988,3446,1
3512,2539,1
195,851,2
2446,3893,3
2446,3317,3
2446,3950,1
2446,3949,2
343,1688,1
752,2424,2
752,383,4
752,3317,3
752,803,2
752,1081,1
752,818,3
752,206,3
752,1682,1
752,1779,2
2023,2529,3
2023,3275,2
2023,1407,4
2023,3761,1
2023,1673,4
2023,2329,3
2023,1278,2
752,3247,1
2023,3897,4
752,314,1
2023,2431,1
2023,3254,2
2023,1370,1
2023,165,4
2023,2340,1
2023,3397,1
2023,1222,2
2023,318,3
2023,3160,4
2023,2836,4
2023,3948,4
2023,2064,4
2023,2248,3
2023,1500,2
2023,21,1
2023,2324,2
2023,1246,1
2023,3159,1
2023,110,2
2023,3911,3
2023,3421,1
2023,1732,2
752,1090,4
752,3755,4
752,367,4
752,1801,2
752,1047,1
752,3616,4
752,1037,4
752,785,4
752,2720,2
752,3450,4
752,3186,3
752,877,4
752,2716,4
3013,1398,4
752,457,3
752,3175,4
752,70,3
752,1654,3
752,3408,2
752,1466,4
752,1119,3
3013,2797,4
3013,3795,2
752,1597,3
752,431,4
752,2683,3
752,3897,1
752,2826,3
752,3593,1
752,3826,2
752,3752,4
752,3886,2
752,3301,3
4933,1284,2
1421,608,3
3285,3593,2
3285,1393,1
3285,3552,4
3285,2273,1
3285,3029,3
3562,3901,1
5394,1200,3
5394,1224,4
5394,3897,1
5394,904,1
5394,1387,4
5394,1219,4
5394,1262,3
5394,1214,2
5394,260,2
4126,3499,4
3158,3910,3
710,3000,1
1780,2532,2
1780,2533,2
1780,2529,1
1980,3201,1
2063,2589,1
1842,2701,3
1842,86,1
1842,3745,3
1842,2672,4
1842,2806,1
1842,2907,1
1842,2961,3
1842,2700,2
1842,1513,3
1842,2598,1
1842,2686,4
1842,2490,2
1842,2394,2
1842,2574,1
1842,2581,1
1842,2568,4
1842,2709,3
1842,2805,1
1842,3160,2
1842,785,3
1842,2713,3
1842,407,1
1842,2995,3
1842,2719,4
1842,2688,1
1842,2428,2
1842,2881,4
1842,1911,3
1842,2722,3
1842,2541,4
1842,2546,2
1842,2976,1
1842,2710,1
1842,2694,4
1842,2699,1
1842,2707,4
1842,2683,1
1842,2188,2
4802,1080,3
338,1965,2
4042,2871,4
338,2640,2
338,924,2
338,1206,3
338,3784,3
338,3911,4
338,50,3
4042,522,4
1978,480,1
4823,3551,1
5875,586,3
5875,2953,1
5875,3438,4
5875,2376,4
5875,3082,4
5875,47,2
5875,3510,3
5875,2021,1
5875,356,2
1088,2023,2
1088,2020,2
1912,3556,4
1912,802,1
1912,2390,4
1912,1388,1
1912,3101,4
1912,3901,1
1912,1377,1
1912,2011,3
4802,1894,3
1842,605,3
1842,3420,1
4834,2706,1
1842,3686,1
1842,3354,3
1842,999,3
1842,1889,2
1842,3623,4
1842,1049,2
1842,3553,3
1842,3176,4
1842,597,1
1842,380,1
1842,1600,3
1842,2991,4
1842,2433,3
1842,514,3
1842,112,2
1842,1485,4
1842,3249,4
1842,3256,4
1842,1810,2
1842,339,4
1842,2770,2
1842,2723,2
1842,1476,1
1842,991,2
1842,1391,4
1842,350,2
1842,1754,4
1842,2273,1
1842,2167,2
1842,2539,1
1842,1569,2
1842,1356,1
1842,62,2
1842,2567,1
1842,70,2
1842,1527,2
1842,288,1
1842,1573,1
1842,661,4
1842,164,4
1842,163,2
1842,2447,2
1842,2763,2
1842,1321,2
1842,3809,2
1842,1747,3
1842,262,2
1842,1858,3
1842,1093,3
1842,832,1
1842,1647,2
1842,1816,3
1842,349,3
1842,1680,4
1842,367,4
1842,627,1
1842,2118,1
1842,354,4
1842,2231,1
1842,628,2
1842,1645,2
1842,155,4
1842,1542,1
1842,2718,2
1842,1464,1
1842,1856,3
1842,1840,1
1842,1518,2
1842,671,3
1842,2889,3
1842,24,1
1842,145,2
1842,2985,3
1842,2657,4
1842,2294,1
1842,2278,1
1842,1883,1
1842,3448,3
1842,2114,2
1842,1693,2
1842,2841,1
1842,1589,2
1842,662,3
1842,1672,4
1842,94,1
1842,281,1
1842,1447,3
1842,3175,2
1842,280,4
4834,1799,1
1842,1404,2
1842,3181,2
1842,3203,2
1842,2427,3
1842,2065,3
1842,1909,3
1842,1295,1
1842,2353,2
1842,1580,2
1842,2302,3
1842,2022,3
1842,1961,1
1842,3477,1
1842,342,4
1842,440,3
1842,1246,3
1842,2064,1
1842,1635,2
1842,1256,1
1842,21,1
1842,480,4
1842,555,2
1842,3148,4
1842,2058,1
1842,1077,3
1842,1393,2
1842,3159,2
1842,3461,4
1842,1034,1
1842,1111,4
1842,3204,4
1842,223,1
1842,2987,2
1842,1784,4
1842,2268,1
1842,1127,2
1842,194,2
1842,2883,4
4834,3825,1
1842,1982,1
1842,11,2
1842,1500,4
1842,2155,2
1842,2194,4
1842,1220,4
1842,2366,3
1842,3547,4
1842,3671,1
1842,1682,1
1842,2572,4
1842,1968,1
1842,1285,1
1842,1292,1
1842,1333,4
1842,322,2
1842,1827,4
1842,2176,3
1842,1302,4
1842,1625,4
1842,1282,2
1842,2208,1
1842,1079,4
1842,1223,4
1842,1294,2
1842,2791,2
1842,953,3
1842,3271,1
4834,3429,4
1842,25,2
1842,3252,2
1842,2391,2
1842,111,4
1842,1136,4
1842,1224,3
4834,3949,3
1842,1288,4
1842,1945,2
1842,2186,3
1842,1212,1
1842,1997,1
1842,1225,3
1842,1263,3
1842,541,2
1842,3363,2
1842,1084,3
1842,903,3
1842,1958,2
1842,2440,4
1842,1218,3
1842,3201,2
1842,2467,1
1842,420,1
1842,858,3
1842,1753,4
1842,1036,1
1842,836,4
1842,2431,4
1842,1370,1
1842,165,4
1842,2671,3
1842,3052,1
1842,3471,3
1842,910,3
5872,3646,4
5872,2421,3
5872,2431,4
5872,1388,2
5872,2671,4
5872,1042,3
5872,3052,1
5872,647,2
5872,358,4
5872,3527,1
5872,2268,1
5872,3253,3
5872,1036,2
5872,924,4
5872,1222,2
5872,3911,3
5872,1058,2
5872,1221,3
5872,858,4
5872,3310,4
3315,1895,4
3315,3882,3
3315,1544,3
343,1917,2
4802,2273,2
2803,1361,1
5333,307,1
2063,337,3
2063,3798,3
2063,318,4
2063,2485,1
2063,2724,2
2063,2596,1
2063,2915,4
2063,3861,3
2063,3000,4
2063,1268,3
2063,2316,3
2063,27,2
2063,1895,1
2063,113,4
2063,1770,2
2063,3105,1
1958,2836,1
1113,3683,3
1113,923,1
1203,574,1
1733,1060,1
2271,733,1
2271,2006,4
2271,1127,1
2271,2991,4
2271,1370,3
2271,3107,3
2271,380,3
2271,2763,3
2271,1374,1
2271,2115,2
2271,1573,3
2271,3527,3
2271,861,1
2271,592,1
2271,2273,1
2271,2812,2
2271,555,3
2271,2001,3
2271,2490,1
2271,1610,4
2271,2194,3
231,1270,2
333,3096,3
333,3928,4
333,3398,4
333,2384,1
333,2136,2
333,2110,4
333,3397,2
333,2874,2
333,2109,4
333,367,2
333,955,2
333,1517,4
333,2671,4
333,952,1
333,1580,2
333,3516,4
333,1077,2
333,1937,2
333,2102,3
333,3244,1
333,1806,3
333,3873,4
333,441,4
333,2918,3
333,934,2
333,3451,3
333,52,2
333,2791,2
333,2716,1
333,1641,4
333,2973,3
333,3072,4
333,1073,4
333,1292,4
333,2355,2
333,39,4
333,1230,2
333,3361,2
333,1238,3
333,1080,4
333,497,1
333,551,4
333,3622,2
333,1226,4
333,2788,3
333,2804,1
333,1197,4
333,3671,3
333,915,2
333,1,1
333,2064,2
333,3088,4
333,3814,2
333,3133,4
333,1394,4
333,1270,4
333,1449,2
333,1265,4
333,909,4
333,34,2
333,2361,2
333,1259,1
333,3114,4
333,911,1
333,1223,4
333,1235,3
333,3429,3
333,947,1
333,1136,2
333,916,3
333,1294,4
333,1148,4
333,1281,4
333,3462,4
333,898,2
333,910,2
333,2300,3
333,905,1
333,3629,3
333,3819,2
333,904,1
333,3591,1
333,2430,3
333,956,4
333,3813,4
333,62,2
333,538,3
333,982,3
333,948,3
333,1721,1
333,3684,1
333,508,1
333,3498,4
333,2065,1
333,2069,3
333,3870,4
333,1085,1
333,1968,3
333,1246,4
333,1357,4
333,272,1
333,3424,2
333,412,4
333,3296,4
333,3105,4
333,3060,4
333,592,1
333,300,1
333,1938,2
2565,3512,1
333,1103,2
333,2067,1
333,3546,3
333,1542,4
2565,3831,4
333,1244,2
333,3098,1
333,2400,3
333,1643,4
333,515,2
333,235,3
333,2501,4
333,150,1
333,3461,1
333,2130,4
333,3678,3
333,1302,3
333,1287,1
333,1678,1
333,3471,2
333,1300,1
333,1935,1
333,1954,1
333,1186,4
333,3201,3
333,1956,2
333,1946,2
333,1196,1
333,3035,2
333,3037,2
333,337,3
333,1942,3
333,3362,2
333,3548,1
333,2313,4
333,953,3
333,2398,3
333,1250,3
333,3334,2
333,954,2
333,3801,1
333,3363,4
333,3350,4
333,232,1
333,1172,2
333,1097,4
333,2728,2
333,1193,2
333,1253,2
333,3504,2
333,3011,4
333,3897,3
333,1228,1
333,1247,4
333,1939,2
333,924,2
333,2303,3
333,1225,1
333,926,3
333,1945,1
333,3095,1
333,2019,3
333,912,4
333,668,4
333,923,3
333,1207,3
2565,788,4
333,1024,3
333,2088,3
333,2017,4
333,2135,2
2565,3821,4
333,3604,1
333,2083,2
333,1057,1
333,2941,4
333,901,4
333,1083,2
333,2078,2
333,1380,3
333,3675,3
333,364,4
333,107,1
333,1081,4
333,1220,2
2565,3185,1
333,1067,1
333,346,3
333,2096,4
2565,3566,2
5448,608,2
333,935,3
333,2080,3
333,588,3
333,3061,3
2565,3751,2
5448,3897,2
333,907,4
333,2657,1
333,595,4
333,3549,2
2565,3156,4
2565,3785,3
333,2565,3
333,2087,3
333,918,3
333,900,2
333,2971,2
333,2946,4
333,1035,4
333,2857,2
333,1947,2
333,914,3
333,1282,1
2565,437,4
333,945,4
333,919,2
333,899,1
333,1288,3
333,2863,1
333,594,2
333,3545,1
2565,2259,2
2565,2421,1
1107,3751,3
4579,2413,3
4579,3331,2
4579,2405,3
4579,1967,1
4579,1033,4
4579,3087,2
4579,2115,4
4579,2968,2
4579,2423,3
4579,3422,2
4579,1288,2
4579,3760,4
4579,3807,2
4579,2116,3
4579,616,3
4579,2109,3
4579,1031,4
4579,2014,2
4579,3671,2
4579,1955,1
4579,3396,2
4579,1278,2
4579,3600,2
4579,2181,2
4579,1014,1
4579,1344,4
4579,1963,1
4579,3461,1
4579,1204,2
4579,3845,3
4579,972,3
4579,982,1
4579,3642,4
4579,2644,1
4579,2210,1
4579,3125,1
4579,1077,2
4579,3932,2
4579,534,2
4579,1641,1
4579,2690,2
4579,3260,4
4579,1333,2
4579,541,2
4579,2010,1
4579,2571,2
4579,3152,2
4579,296,3
4579,1704,2
4579,2020,1
4579,1235,2
4579,1172,3
4579,3160,3
4579,3492,3
4579,1223,1
4579,1957,4
1556,3225,1
1556,1246,3
4126,1916,1
5034,1,4
5034,1234,1
5034,908,1
5034,912,1
5034,1307,2
3821,3089,3
3285,1850,1
3285,3671,3
1088,1085,2
4624,1449,3
5475,198,1
5689,1866,1
1611,376,3
4802,2028,1
1088,1264,1
2131,3617,3
2131,2529,4
195,1225,1
3279,3911,2
1395,2531,1
1395,2532,3
3285,14,2
1501,3893,4
1501,3751,4
1501,3578,4
192,3897,3
1605,3127,2
1605,3865,4
1605,3949,2
1605,3510,4
4126,2671,2
1748,3906,4
4591,1060,3
4169,3522,3
4169,3950,2
1556,1544,3
1556,223,3
2063,3534,4
1415,1015,2
1415,1806,2
1415,1894,4
1415,674,4
1415,736,4
1415,112,4
1415,2470,3
1415,3755,1
1415,2193,1
1415,3168,4
1415,1356,1
1415,2987,3
1415,1262,1
1415,1198,1
5580,3063,4
5580,2410,4
5580,2688,2
5580,3064,3
5580,516,2
5580,1173,3
5580,1792,1
5580,1593,1
5580,2146,2
5580,2409,4
5580,2012,1
5580,2491,4
5580,3791,1
5580,1487,3
5580,1836,3
5580,3478,2
5580,361,1
5580,2541,3
5580,2420,4
5580,1013,1
5580,3199,3
5580,2094,4
5580,2929,2
5580,1396,3
5580,2190,2
5580,349,3
5580,3101,1
5580,2059,3
5580,2144,4
5580,1101,2
5580,1263,1
5580,1955,2
5580,1958,1
5580,2114,4
5580,2237,3
5580,2866,1
5580,1962,1
5580,2795,1
5580,1947,2
5580,3071,1
5580,3733,3
5580,2971,1
5580,3469,2
5580,3551,4
5580,473,3
5580,419,3
5580,2379,4
5580,3248,4
5580,3392,1
5580,2296,1
5580,65,2
5580,2471,1
5580,542,1
5580,2598,3
5580,2374,2
5580,2478,3
5580,2829,1
5580,3120,1
5580,2405,4
5580,122,4
5580,3254,4
5580,3688,4
5580,1439,3
5580,2806,4
5580,2581,3
5580,3247,1
5580,1395,3
5580,7,4
5580,344,2
5580,2424,4
5580,1646,4
5580,3308,2
5580,104,1
5580,1747,2
5580,2245,2
5580,2150,1
5580,2926,1
5580,3210,4
5580,2361,1
5580,3104,1
5580,2352,4
5580,3253,1
5580,2423,1
5580,1080,1
5580,1517,1
5580,1307,4
5580,2791,3
5580,3035,3
5580,1270,4
5580,3948,1
5580,3893,3
5580,3825,2
3550,2602,3
1748,3852,1
2176,1387,3
4802,1804,2
4802,2956,1
4802,2616,4
4802,3529,3
2106,3903,3
2106,322,2
4802,2764,4
4802,3019,2
2106,2996,1
4802,2194,2
2106,1222,1
2106,21,2
2106,1648,2
4802,3605,1
2106,1094,3
2106,1206,4
4802,1029,2
2106,912,1
2106,1215,3
4802,199,1
4802,2857,2
4802,2941,3
4063,3593,1
4063,3864,1
4802,2450,2
4063,3354,3
4802,880,1
4802,2456,3
4063,3717,2
4802,2668,2
4802,2526,2
4802,2408,3
4802,1779,3
4802,1917,3
4802,3923,1
4063,3555,4
4802,1371,3
4063,3623,4
4802,2531,1
4802,2054,4
4063,3189,3
4802,3024,1
4802,2533,3
4802,3926,2
4802,3638,2
4063,3753,1
4063,3751,2
4063,3916,4
4802,2105,2
4802,2532,4
4802,2615,3
4802,2346,1
4063,3510,1
4063,3578,3
4802,2662,3
4063,2398,1
4802,3471,1
4802,3932,4
4802,1240,4
4063,919,2
4063,3147,4
4063,110,2
4063,1193,3
4063,1266,1
4063,1196,1
4063,2028,4
4063,527,4
4063,858,3
4063,3604,3
1164,2600,3
1164,2337,4
1164,3565,1
1164,2987,2
1164,3176,2
1164,2763,4
1164,3185,1
1164,2841,1
1164,2702,2
1164,2961,1
1164,2840,4
1164,3081,2
1164,2762,4
1164,2395,4
1164,2598,1
1164,3219,2
1164,1959,1
1164,2805,3
1164,2622,3
1164,2734,2
1164,2723,2
1164,2310,1
1164,3174,3
1164,2690,2
1164,2719,4
1164,2959,2
1164,2712,3
1164,3238,3
1164,2881,3
1164,3751,3
1164,2976,1
1164,3298,3
1164,2770,3
1164,2707,1
1164,3179,2
1164,3051,1
329,370,4
329,2790,3
4861,58,1
4861,3822,3
4861,3359,3
710,3827,2
3158,322,4
3158,2529,1
3158,1614,2
840,974,4
840,1011,1
840,1007,3
840,2040,3
840,1380,1
840,3812,4
840,3040,2
840,2657,1
840,1162,1
840,1517,1
840,671,3
840,492,3
343,899,3
343,2394,1
1969,3785,4
329,272,3
329,1643,4
329,3911,3
2380,1222,4
2380,1962,3
2380,1957,1
2380,1090,2
2380,2194,4
2380,1302,2
2380,3360,3
2380,1961,3
2380,1246,1
2380,1231,1
2380,1293,3
2380,1097,1
2380,1242,3
2380,3901,3
2380,3484,3
2380,3798,4
2380,3893,4
2380,3911,2
2380,3481,4
2380,3408,3
2380,3897,4
531,2154,1
531,447,2
531,932,2
531,3668,2
5972,1086,2
5972,3852,4
5972,1388,3
5972,157,3
5972,165,3
5972,2617,3
5972,1370,4
5972,2268,3
3821,3726,4
5333,3911,2
4802,1944,4
4802,3364,3
4802,3871,2
4802,2137,1
4802,3169,2
4802,1231,2
4802,589,4
4802,944,2
4802,3546,4
4802,2313,3
4802,1036,1
4802,2132,3
4802,1247,1
4802,949,3
4802,1228,2
4802,2969,1
4802,2612,2
4802,1200,1
4802,1208,3
4802,50,4
4802,3201,2
4802,500,1
4802,1090,1
1733,2660,1
3219,457,2
1584,3949,3
3013,1022,2
3013,2791,1
3013,2015,2
3013,940,1
5447,3675,1
5447,3604,2
5447,2657,3
5447,2877,1
5447,1416,4
5447,2083,3
5447,1380,3
5447,1088,2
5447,107,4
5447,1220,3
5447,2300,1
5447,2971,2
5447,2067,2
5447,3094,1
5447,539,4
5447,1265,3
5447,1946,3
5447,11,4
5447,2969,1
5447,1947,2
5447,969,4
5447,3668,4
1113,3091,1
1113,1594,2
343,1278,3
343,1136,4
343,1371,4
343,2346,4
343,2527,1
343,2046,4
3378,2106,1
3378,3784,2
3378,2421,2
3378,2422,3
3378,2420,1
3378,2053,2
343,1198,4
343,3269,1
343,780,3
343,1356,4
343,1196,4
343,1210,4
2786,3301,3
2786,3753,2
2786,3536,4
2786,3555,2
2786,3952,4
2786,3578,1
2786,3911,1
2786,3481,3
5737,1893,2
1752,3916,3
1752,3148,2
4277,3853,2
4823,1179,3
4448,3563,4
4593,3756,4
4593,1684,3
710,2531,4
3833,2687,4
3013,1643,1
4600,2858,3
5333,2840,3
5333,2976,2
2097,1673,3
4058,3317,2
1551,2278,4
424,2643,1
424,2422,4
424,2642,2
424,2421,1
424,2259,4
424,2149,4
424,1388,3
424,3525,3
424,3254,1
424,2409,3
424,2268,3
4951,3911,2
531,2616,1
531,3274,1
531,780,2
531,2273,2
531,2321,4
911,3948,4
911,3893,4
528,2762,3
528,1629,2
3807,973,2
2969,3821,4
710,2533,1
710,2532,2
1125,3556,1
3693,2872,2
5475,3173,1
2980,2496,4
2980,3483,2
2980,3129,2
2980,3185,4
2980,2761,4
2980,3916,1
2535,3325,3
3410,2389,4
1958,3355,2
1958,3190,3
1958,3285,2
1958,3301,1
1958,3325,3
1958,3273,4
308,2392,4
308,419,3
308,1445,3
308,737,4
308,1707,3
308,546,4
308,2412,2
308,420,1
308,355,4
308,429,1
308,3063,1
308,325,3
308,2953,2
308,3835,3
308,1992,2
308,153,2
308,445,1
308,432,3
308,2986,1
308,1461,1
308,880,4
308,2817,2
308,3664,3
308,3665,4
308,3663,2
308,829,4
308,691,1
308,1037,2
308,3438,3
308,42,1
308,3764,2
308,3,1
308,3919,3
308,379,3
308,455,4
308,1918,1
308,2169,4
308,1479,3
308,2605,3
308,423,2
308,2822,1
308,2325,4
308,329,2
308,2803,4
308,442,4
4517,2692,1
308,303,1
308,1608,3
308,869,2
308,3262,1
308,2504,1
308,327,1
308,1047,1
308,317,2
308,1717,2
308,1916,1
308,552,4
308,736,2
308,333,1
308,95,2
308,999,3
308,2082,2
308,2002,4
308,2616,3
308,165,3
308,2,1
308,1552,3
308,216,4
308,1320,3
308,10,4
308,491,2
308,2683,2
308,382,1
308,1391,4
308,3869,3
308,410,4
308,1457,1
308,3208,4
308,1377,4
308,2709,4
308,1676,4
308,450,1
308,454,1
308,3219,2
308,2083,4
308,107,4
308,2447,3
308,1409,2
308,3082,4
308,1805,2
308,537,2
308,231,3
308,585,1
308,3544,1
308,175,1
308,2106,4
308,1799,4
308,3249,4
308,2539,3
308,1573,4
308,3476,2
308,2273,1
308,3107,4
308,1020,1
308,2490,3
308,2023,1
308,3450,3
308,1271,1
308,230,4
308,2094,4
308,1092,1
308,3614,3
308,70,3
308,2155,4
308,1722,2
308,3020,3
308,380,3
308,104,3
308,1372,3
308,2424,1
308,2628,2
308,1059,1
308,449,4
308,1645,1
308,2318,3
308,349,4
308,2976,3
308,588,3
308,3129,1
308,587,3
308,2699,3
308,3255,2
308,101,3
308,3081,2
308,1527,2
308,1485,1
308,1396,1
308,508,2
308,3148,3
308,515,1
308,1777,3
308,29,2
308,322,3
308,3253,4
308,760,3
308,1589,4
308,1370,4
308,3809,3
308,627,3
308,1747,2
308,2916,1
308,1407,1
308,2425,2
308,2278,1
308,475,2
308,1721,1
308,2427,2
308,3261,4
308,417,4
308,21,2
308,357,2
308,514,4
308,52,3
308,1268,1
308,647,3
308,539,2
308,1883,2
308,3723,1
308,2671,2
308,2124,1
308,353,3
308,156,4
308,2359,4
308,3176,1
308,145,2
308,1356,3
308,272,4
308,440,2
308,45,2
308,531,1
308,1625,1
308,11,3
308,3108,3
308,367,4
308,595,1
308,1653,3
308,3266,4
308,441,3
308,364,4
308,300,3
308,2291,2
308,342,3
308,215,3
308,1923,4
308,2700,1
308,1517,1
308,2712,2
308,1682,4
308,348,4
308,1784,4
308,235,2
308,319,4
308,194,2
308,2302,2
308,16,3
308,3418,4
308,553,4
308,2391,1
308,529,2
308,2575,2
308,2395,2
308,3178,4
308,1408,1
308,590,4
308,549,2
308,3105,1
308,1704,3
308,1393,4
308,2268,3
308,1343,4
308,1885,3
308,2890,1
308,457,2
308,281,3
308,2912,1
308,3386,4
308,47,4
308,307,2
308,3100,3
308,1411,3
308,32,3
308,2959,3
4823,3783,1
308,2323,1
308,17,3
308,293,2
308,2580,1
308,3160,2
308,1673,4
308,1265,1
308,1912,2
308,778,4
308,589,3
308,3007,2
308,3083,4
308,448,2
308,2599,4
308,162,2
308,2330,2
308,1537,4
308,1719,3
308,2571,2
308,2630,3
308,3000,4
308,2324,3
308,2289,4
308,3006,2
308,306,2
308,36,2
308,2997,1
308,1266,2
308,2028,4
308,2692,4
308,2762,1
308,1,2
308,25,1
308,2761,4
308,1089,2
308,246,4
308,2396,1
308,593,4
308,3114,3
308,50,4
308,296,4
308,318,3
308,1213,1
308,1233,3
308,527,3
308,1617,3
308,1748,2
308,1029,3
308,2102,3
308,1022,1
308,2087,2
308,3545,4
308,2112,1
308,1500,4
2803,2985,1
308,1449,4
308,1288,4
2803,2065,2
462,3146,4
308,480,4
308,356,1
4805,2076,4
2097,3915,2
1088,1263,2
2063,3273,2
4727,527,2
4727,3185,4
4727,3536,4
4727,3481,3
4727,3753,1
4727,3911,2
5475,175,3
5475,3260,3
5475,3250,3
5475,1640,3
5475,3358,3
5475,2268,1
5475,1187,3
5475,3270,3
5475,162,1
5475,235,2
5475,1266,4
5475,1129,1
5475,3370,3
5475,1994,4
3017,3755,2
3017,2581,4
5475,852,1
5475,173,2
5475,1101,3
2105,3148,3
2105,3785,2
2105,3949,3
2022,33,1
2022,1797,4
2063,3082,3
1421,1946,4
1019,1091,1
1019,156,2
1019,1375,4
1019,1552,1
1019,736,1
1019,208,2
1019,1608,1
1088,1246,1
1019,3020,4
1019,288,3
1019,1049,1
1019,71,4
1019,515,1
1019,308,2
1019,3181,4
195,785,4
1019,306,4
4933,426,4
4933,2009,2
4933,3507,3
1958,3286,3
1958,3300,2
2501,3551,3
2501,903,2
2501,593,1
2501,1952,2
2501,904,3
2501,318,2
2501,3627,2
2501,3680,3
1912,3194,2
2501,3362,1
2501,3350,4
692,2530,1
692,562,2
692,265,3
2683,2724,3
2683,2770,4
2683,3174,2
4802,3826,1
1546,1544,4
2097,913,4
1941,2339,3
1941,140,1
1941,289,3
1752,1299,1
1752,1263,1
1752,356,3
1752,1289,3
1941,2497,1
1752,1088,1
1752,2248,3
1752,1268,3
1752,3852,2
1941,513,3
1941,3490,1
1941,3709,3
1941,1991,3
1941,3016,4
1941,1661,1
1941,2210,1
1733,3319,1
1733,2985,1
2593,628,2
3464,1222,3
3464,2729,2
3464,2730,3
3464,1090,2
3464,1258,4
3464,3949,2
3410,112,3
3410,3513,3
1524,1544,1
1524,480,3
1941,3775,2
1941,661,1
1941,941,1
1941,1720,2
1941,2549,1
1941,3633,3
1941,3355,4
1941,3908,2
1941,3717,3
1941,3863,3
1941,3624,1
1941,3827,2
1941,3826,3
1941,3911,3
4611,1258,2
4611,924,3
4611,1398,2
6016,3639,2
6016,3763,2
6016,3635,4
6016,2347,1
6016,2763,4
6016,3769,3
6016,2944,4
6016,3633,4
6016,3336,3
1491,3910,2
6016,3746,4
1260,3720,2
4834,50,2
4834,1754,1
4834,628,3
4834,1387,4
4834,1388,1
4834,951,4
4834,3903,4
5654,1732,4
5654,733,1
5654,1274,1
5654,3893,1
5654,373,2
5654,1845,2
5654,1625,1
5654,908,2
5654,3300,3
5654,1356,1
5654,3702,1
5654,3175,1
5654,1748,4
5654,1921,4
5654,3703,2
5654,924,2
5654,3576,4
5654,3081,2
5654,3535,2
5654,3917,4
5654,1994,1
5654,1407,3
5654,799,4
5654,1215,2
5654,1278,4
5654,1387,2
5654,1261,2
5654,1126,4
5654,1073,4
5654,1097,1
3768,3949,1
3768,3911,3
3106,1416,3
710,2530,4
1120,1848,1
1120,1126,4
1120,3097,1
1643,2421,2
1643,2617,2
1643,2340,4
1643,587,1
1643,3254,4
1643,3740,2
1643,2671,3
1643,3052,4
1643,1370,1
1643,2712,1
1643,272,1
1643,2268,1
1643,2729,2
1643,1954,3
1643,1090,2
1643,2973,2
1643,3911,1
1643,2730,2
1643,1258,1
1643,3471,2
1643,1206,4
1643,924,1
5475,2860,3
3423,3911,4
2063,3328,1
3652,2617,1
3652,1136,1
3652,1080,1
3652,3555,1
3652,3745,4
2907,480,1
1655,50,1
5397,3676,3
2895,3949,1
3285,1428,2
3285,3184,3
2565,3827,1
4802,3867,1
1125,1661,1
1125,3949,3
3410,2982,3
3410,3499,3
3410,3024,4
3410,2122,4
3410,1258,1
3410,2729,2
3410,902,3
3410,1084,3
3410,1964,3
3410,2431,3
3410,3141,3
3410,2433,4
3410,1711,3
3410,508,2
3410,412,3
3410,3083,4
3410,3128,3
3410,3213,3
3410,1203,2
3410,1936,1
624,3950,4
1996,3916,1
1996,3753,4
1996,3555,2
1996,1249,1
1996,3827,1
3363,1911,2
1415,3852,3
3093,3827,1
3093,3720,1
4058,3893,1
4058,3408,3
4058,3897,4
752,72,4
3013,1784,2
1352,3783,1
3492,3948,2
2451,3952,3
308,1889,4
308,3827,1
308,1292,4
3363,2762,4
3363,3863,3
3363,3831,2
3363,3408,2
3363,186,4
3363,2431,4
3363,2340,1
3363,587,1
3363,2640,2
3363,2712,4
3363,2268,4
3363,3598,1
3363,457,4
3363,1258,4
3363,3396,3
3363,3827,1
1611,144,1
1611,3785,4
2122,3827,2
1051,2432,2
1051,1858,3
150,321,3
150,3949,3
4764,1,2
4764,3114,4
4764,3753,2
4764,3510,1
4764,3827,1
1551,3362,3
1551,1250,3
2784,3706,2
2784,2987,4
2784,3683,1
2047,3481,3
1010,3911,3
1010,2611,3
3420,3755,4
3420,1694,1
3420,3897,2
2969,3949,3
5995,3909,4
5995,3793,2
5995,3798,1
5995,3565,4
5995,2672,2
5995,3157,2
5995,2907,2
5995,3753,1
5995,3623,2
5995,3354,1
5995,3826,3
5995,3717,4
5995,3578,1
5995,2861,3
5995,3510,3
5995,2959,3
5995,2369,1
5995,3863,4
5995,3751,3
5995,2694,2
5995,3285,4
5995,3155,4
5995,3534,4
5995,2706,3
5995,969,1
3821,386,1
3821,3858,3
4579,3452,2
4579,3785,3
4579,3571,2
4579,3555,2
4579,3745,2
4579,2966,3
4579,2187,2
4579,2203,1
4579,3624,4
4579,3483,1
4579,3893,1
4579,480,2
4579,3615,4
4579,3456,1
4579,3148,4
4579,3044,3
4579,2324,4
4579,1177,1
4579,3471,3
4579,599,3
4579,2858,1
4579,3000,4
4579,1244,4
4579,608,2
4579,2762,4
4579,1617,3
4579,3429,2
4579,50,1
4579,527,3
5172,1077,1
5172,1296,4
5172,1633,2
5172,3526,3
5172,364,3
5172,3552,4
5172,2929,1
5172,300,4
5172,3916,2
5172,1653,2
5172,1124,2
5172,2294,2
5172,1407,1
5172,2857,1
5172,2985,4
5172,1958,4
5172,2302,1
5172,1185,1
5172,1834,2
5172,1729,1
5172,1081,3
5172,2912,3
5172,2268,4
5172,2078,1
5172,477,1
5172,2085,4
5172,3210,3
5172,3684,2
5172,2321,1
5172,3408,1
5172,515,1
5172,1966,2
5172,2730,2
5172,3613,3
5172,281,2
5172,3813,3
5172,3418,1
5172,3711,2
5172,2174,3
5172,1955,1
5172,1282,1
5172,1584,3
5172,3685,4
5172,1095,3
5172,1187,2
5172,2130,4
5172,1961,4
5172,1097,4
5172,2788,1
5172,2791,1
5172,2065,3
5172,954,4
5172,1226,1
5172,3543,4
5172,2345,3
5172,953,2
5172,150,2
5172,47,4
5172,2333,4
5172,1238,4
5172,900,2
5172,2890,3
5172,2565,2
5172,2866,3
5172,1285,1
5172,1639,1
5172,2973,1
5172,1264,3
5172,3606,3
5172,2918,4
5172,3728,2
5172,1079,1
5172,3788,4
5172,945,3
5172,678,4
5172,3363,1
5172,2716,3
5172,1211,2
5172,1307,4
5172,529,3
5172,940,2
5172,1947,1
5172,1956,3
5172,1270,4
5172,1162,1
5172,3067,3
5172,457,3
5172,1208,4
5172,1673,1
5172,373,1
5172,1240,4
5172,3201,4
5172,1090,4
5172,933,2
5172,1242,4
5172,589,3
5172,2739,1
5172,1283,2
5172,2761,2
5172,2239,4
5172,3360,2
5172,3735,3
5172,914,2
5172,3341,1
5172,1206,1
5172,1132,3
5172,1266,3
5172,2677,3
5172,1964,3
5172,3911,4
5172,3334,2
5172,920,2
5172,3424,3
5172,2248,2
5172,3072,2
5172,1960,2
5172,3897,3
5172,930,1
5172,950,2
5172,1950,4
5172,2289,4
5172,1089,1
5172,2692,2
5172,1394,1
5172,2863,2
5172,1284,3
5172,1292,4
5172,3090,2
5172,1247,2
5172,2238,1
5172,2303,1
5172,3359,1
5172,111,2
5172,899,4
5172,3730,3
5172,541,3
5172,1254,1
5172,1234,4
5172,1244,3
5172,1617,4
5172,919,1
5172,913,1
5172,910,2
5172,912,3
5172,608,4
5172,750,1
5172,908,3
5172,2300,1
5172,903,4
5172,3467,3
5172,1193,3
5172,1221,2
5172,3548,4
5172,904,2
5172,621,1
5172,306,1
5172,923,4
5172,858,4
5172,50,2
5172,1225,3
5172,3061,1
5172,2067,4
5172,2069,1
3717,1358,1
5281,3512,1
2395,3752,2
2395,1614,1
1101,3745,4
3550,1260,2
1551,2993,2
173,1938,3
173,1927,4
173,3365,4
173,2708,1
173,1197,3
173,3196,1
173,1217,4
173,1206,3
5312,2861,3
173,1199,2
173,2329,2
173,1259,3
173,2936,2
173,307,1
173,3069,2
5312,569,2
5312,2040,2
173,306,1
173,3871,4
173,308,2
173,3160,4
173,1069,4
173,940,1
173,907,2
173,1256,2
173,3329,2
173,1584,2
173,2396,3
173,1945,2
173,1283,1
173,1253,1
173,1208,1
173,1,3
173,955,3
173,2932,2
5312,3287,3
5312,2080,4
5312,2137,2
173,260,3
173,916,3
173,1235,4
173,1639,3
173,951,1
173,3010,3
173,2725,3
173,1944,3
173,3462,3
173,1211,4
173,2351,3
173,3350,1
173,2310,1
173,1415,3
173,2285,2
4042,150,3
4042,1059,1
5312,2523,4
5312,3082,1
5312,3863,3
5312,111,3
5312,1984,1
5312,2149,3
5312,1687,3
5450,2117,2
1390,3534,4
1390,3301,4
1390,3785,3
1390,3189,2
4042,3148,4
2828,1288,2
2828,3717,1
1348,3916,2
1348,3911,1
1348,3882,2
1348,2194,3
1348,2125,4
1348,2918,4
1348,1242,3
1348,1196,1
1348,1760,4
1348,2092,2
1348,107,1
1348,1380,4
1348,73,4
1348,1951,2
5450,2021,2
1088,165,4
1088,1862,2
1088,196,2
1001,3756,4
710,2529,1
2271,2893,4
1088,480,3
1088,1380,3
1088,3362,3
1088,2600,3
1088,2181,2
2841,3886,1
2841,3910,4
3410,3266,3
2246,2357,4
4126,3267,4
4126,1302,2
4126,2125,3
127,3720,4
127,2769,2
127,3911,3
1181,3593,2
1317,2398,2
1317,2946,1
1317,3556,2
1317,3859,1
3940,2744,2
3940,3147,4
3940,2762,4
3940,3317,4
3410,3190,4
1266,3862,4
4042,1498,1
4042,1653,3
4591,3812,4
1733,910,1
3158,2,4
3158,2021,4
3224,2693,2
3224,3915,2
149,2730,3
149,924,3
4802,265,4
4277,3525,2
4277,2071,4
4277,708,1
4277,1042,1
4277,2060,2
4277,3225,4
1912,1086,1
2063,1969,2
2063,1347,4
2063,1970,3
2063,1981,4
2063,1980,2
2063,1974,4
2063,1979,4
3411,2022,2
3411,1221,3
1733,42,2
5737,3148,2
1980,3948,4
1980,3794,3
1980,2400,2
1980,2059,1
1980,1014,4
1980,2085,2
5424,2542,4
5424,3363,4
5424,2797,2
5424,3088,2
5424,955,1
5424,1265,1
5424,3396,1
5424,3671,1
5424,1220,3
5424,2918,1
5424,2791,2
5424,1269,2
5424,1270,1
5424,3421,2
5424,1394,4
5424,1,4
5424,1278,3
5424,1136,4
5424,1304,4
5424,1234,1
5424,1235,2
5424,3911,2
3013,2312,1
937,3016,3
937,2541,2
937,223,4
937,2976,3
937,3857,3
937,2770,3
937,2908,3
937,2355,2
937,3593,2
937,2997,3
937,2710,4
937,2699,4
937,2683,3
937,2572,4
937,3754,2
937,2706,2
937,1858,1
937,312,2
937,3901,1
937,3525,3
937,1042,1
937,2712,3
937,358,3
937,924,4
937,3052,4
937,1258,2
937,3396,4
937,1206,1
648,3911,2
840,532,4
840,2746,2
840,2867,1
840,253,3
840,1407,3
1021,1250,1
1021,1950,2
1021,1198,2
1021,260,4
1021,924,4
1021,2028,2
1021,50,1
1021,1248,2
1021,2396,1
1021,3629,1
1021,593,1
1021,541,2
1021,899,4
1021,969,4
1021,750,1
1021,1617,4
1021,527,2
1021,922,1
1021,2168,2
1021,923,3
1021,1252,2
1021,1267,2
1021,189,4
3833,1883,1
331,2583,2
331,2844,4
2501,2572,2
1647,2565,3
1647,940,4
1647,1012,1
1647,1274,1
1647,3098,3
1647,2018,3
1647,2951,2
1647,3761,4
1647,262,2
1647,157,3
1647,2412,4
1647,836,4
1647,1042,4
1647,3865,4
1647,3911,4
1748,3145,4
1748,3916,3
3333,608,4
3333,1193,3
3333,3317,2
3333,296,3
3333,1884,1
3333,1196,2
3333,111,1
5543,3869,2
5543,370,3
5543,3868,3
2627,3747,1
2071,3617,3
2071,3901,4
1912,2916,2
1912,1347,4
1912,501,2
1912,3160,4
1912,1088,1
1912,3424,1
1912,2433,3
1912,3148,1
3832,3943,4
3832,3911,2
3832,3949,1
4802,3906,3
4802,2993,2
1285,2408,2
1285,2401,1
1285,3039,3
1352,750,1
1352,1252,4
1352,1263,3
1352,1222,2
1352,924,1
5812,550,3
5276,1343,3
5276,3446,3
3410,969,4
1943,512,2
1943,3745,4
1943,2083,4
1943,3939,2
1943,3833,1
1943,2787,1
2986,539,3
2986,2355,3
2986,3510,1
2986,3471,3
2986,3949,3
1088,986,1
1088,3301,4
4543,3753,1
2501,3793,2
2501,2987,4
2501,3798,4
2501,2700,3
2501,3176,4
2501,2762,3
2501,3273,3
2501,3081,4
2501,2692,1
2501,2093,3
2501,2013,2
2501,2502,3
2501,968,4
2501,3623,4
2501,2734,4
2501,3752,4
2501,785,3
2501,2716,2
2501,3578,2
2501,2959,4
2501,2772,2
2501,1093,1
2501,3016,2
2501,2038,3
2501,2147,3
2501,223,2
2501,3298,2
2501,2710,2
2501,2699,2
2501,2683,1
2501,2707,3
2501,2706,4
1912,1303,1
1912,2245,2
1912,3030,4
1912,1101,2
1912,1212,3
1912,3176,2
1912,1799,2
1912,1663,2
1912,3365,3
1912,1027,3
1912,3685,3
1912,48,4
1912,509,2
1912,1956,3
1912,2571,4
1912,2183,4
1912,1794,2
1912,1960,3
1912,1291,2
1912,1610,4
1912,3260,2
1912,1941,4
1912,3244,1
1912,3578,2
1912,2717,2
1912,1573,2
1912,2135,2
1912,2067,3
1912,3910,3
1912,153,2
1912,2384,2
3547,581,4
1142,1073,1
1142,910,3
1301,3300,4
3454,3554,2
3106,3949,4
840,3671,1
840,2321,1
840,1797,2
840,3317,4
840,1095,3
840,2289,2
840,150,3
840,994,1
840,2362,1
840,1293,1
840,217,1
840,307,1
840,1845,4
840,1080,4
840,778,4
840,534,2
840,235,4
840,1278,3
840,215,1
3821,549,2
2089,2858,2
2089,2600,1
2089,2763,2
2089,2840,2
2089,3384,2
2089,3176,1
2089,3081,2
2089,2686,1
2089,2906,1
2089,3753,4
2089,3053,1
2089,407,1
2089,2580,4
2089,2719,4
2089,2333,3
2089,3175,4
2089,3113,1
2089,233,4
2089,3543,4
2089,3952,3
2089,3863,2
2089,223,3
2089,2147,1
2089,3005,3
2089,2492,3
1491,900,2
5397,32,2
5397,1270,1
5397,1210,4
5397,750,1
5397,919,1
5397,1219,4
5397,1945,4
5397,3095,2
5397,2168,4
5397,3896,1
5397,1227,2
5397,2000,3
5397,2194,4
5397,1084,2
3483,3943,3
5397,3019,3
5397,708,2
5397,3809,2
3483,3911,3
3483,2769,4
5397,2114,1
5397,3916,1
5397,3793,1
5397,3897,2
5397,2076,3
5397,1573,2
5397,42,1
5397,100,4
5397,923,3
5397,2137,3
5397,3361,1
5397,1342,4
5397,1082,3
5397,1968,1
5397,3257,1
5397,1220,2
5397,1092,1
5397,3421,4
5397,2791,4
5397,1299,1
4951,216,2
5475,2701,2
5475,3753,2
5475,2581,2
5475,2713,2
5475,2580,4
5475,3593,4
5475,3285,2
5475,3155,3
5475,2677,1
2041,3546,2
2041,1288,2
2041,111,2
2041,3893,2
1943,1278,3
1943,3363,3
2041,2642,4
2041,2119,3
2041,2411,4
2041,2410,2
2041,2641,3
2041,1042,1
1943,3566,4
3177,3751,4
3177,3882,3
3177,3408,1
3177,3819,3
3177,236,4
1943,3768,3
1943,2614,1
1943,2474,4
1943,1246,4
1943,2076,3
1943,1394,4
3648,3862,3
840,1211,2
840,2097,4
3648,172,4
3648,256,4
3648,485,4
3648,2995,3
3648,1702,1
3648,173,2
3648,486,2
3648,2168,1
3648,1831,4
3648,1855,3
3648,2269,4
3648,479,1
3691,3179,4
3648,725,3
3648,2279,1
840,1092,4
3648,1015,2
3648,743,4
3648,3208,3
3648,2431,4
3648,2574,4
3648,2052,1
3648,379,4
3648,1391,3
3691,652,4
3648,3120,2
3648,1604,2
3648,2188,3
3648,1667,3
3648,3,4
3648,694,2
3648,511,3
3648,547,4
3648,1687,4
3648,2120,4
3648,544,1
3648,3243,2
3648,433,4
3648,3248,3
3648,1665,3
3648,3051,3
3648,1854,4
3648,153,1
3648,2082,3
3648,2616,2
3648,429,4
3648,23,3
3648,1390,3
3648,548,3
3648,788,2
3648,2808,1
3648,2126,4
840,1094,3
3648,3263,2
3648,1544,3
3648,1037,3
3648,370,3
3648,700,3
3648,2558,2
3648,248,1
3648,48,1
3648,196,3
3648,5,2
3648,830,1
3648,518,4
3648,504,4
3648,2,1
3648,818,4
3648,1005,4
3648,1461,2
3648,1586,1
3648,95,2
3648,329,1
3648,510,1
840,432,4
3648,520,2
3648,564,1
3648,2672,3
3648,784,1
3648,240,2
3648,2688,1
3648,3156,1
3648,2026,1
3648,3113,1
3648,2702,1
3648,1061,4
840,829,4
3648,3438,3
3648,516,4
3648,252,1
3648,2860,2
3648,2881,4
3648,1021,2
3648,236,1
3648,410,4
3648,1717,3
3648,724,1
3648,227,3
3648,533,2
3648,70,4
3648,2335,4
3648,1541,2
3648,2004,2
3648,2605,4
3648,1614,4
840,597,2
3648,2485,4
3648,1688,3
3648,466,4
3648,1917,4
3648,2167,2
3648,2771,3
3648,442,3
3648,2282,4
3648,288,1
3648,1377,2
3648,1379,3
3648,1661,3
3648,2803,1
3648,1713,1
3648,3264,3
3648,2094,2
3648,424,1
3648,158,4
3648,409,4
3648,225,2
3648,350,4
3648,2012,1
3648,1513,1
3648,185,2
3648,1747,1
3648,1918,1
3648,552,4
3648,586,4
3648,303,1
3648,362,2
3648,344,3
3648,3005,1
3648,2710,2
3648,3020,2
3648,3274,2
3648,1343,2
3648,434,4
3648,3614,2
3648,585,4
3648,1569,2
3648,2763,1
3648,2628,3
3648,2699,1
3648,2541,1
3648,15,1
3648,22,1
3648,2302,4
3648,494,1
3648,414,4
3648,1339,2
3648,2124,3
3648,339,2
3648,1457,1
3648,782,4
3648,450,4
3648,1485,3
3648,3450,2
3648,2002,1
3648,371,3
3648,1573,2
3648,1645,2
3648,170,4
3648,2581,2
3648,1805,1
3648,1753,2
3648,2447,2
3648,2155,3
3648,18,1
3648,1342,4
3648,1268,1
3648,271,1
3648,662,2
3648,2273,3
3648,1676,2
3648,3418,3
3648,3256,3
3648,3686,4
3648,2006,3
3648,2429,3
3648,277,2
3648,292,4
3648,3186,2
3648,2539,1
3648,539,1
3648,21,4
3648,2108,2
3648,407,3
3648,653,4
3648,1385,1
3648,852,3
3648,1552,1
3648,2294,4
3648,493,1
3648,3259,1
3648,3060,4
3648,597,3
3648,2166,4
3648,163,3
3648,1895,2
3648,161,2
3648,3175,1
3648,671,1
3648,253,4
3648,1608,1
3648,431,2
3648,1907,1
3648,198,3
3648,3255,1
3648,3250,4
3648,531,2
3648,1642,1
3648,162,4
3648,1476,2
3648,875,2
3648,440,1
3648,2706,1
3648,785,4
3648,2671,4
3648,16,2
3648,104,1
3648,996,3
3648,349,4
3648,2978,4
3648,3253,4
3648,1120,4
3648,1396,4
3648,364,1
3648,866,2
3648,2355,1
3648,588,4
3648,316,4
3648,1047,4
3648,377,2
3648,1356,3
3648,1466,4
3648,1845,4
3648,551,4
3648,1909,1
3648,3386,4
3648,2125,1
3648,2321,2
3648,32,3
3648,1721,1
3648,3252,3
3648,223,4
3648,2106,4
3648,47,4
3648,480,4
3648,1393,4
3648,553,3
3648,471,1
3648,1265,2
3648,1,1
3648,441,4
3648,3502,1
3648,589,4
3648,1639,2
3648,69,1
3648,1673,3
3648,2692,1
3648,2329,3
3648,1215,1
3648,1483,3
3648,3761,3
3648,2412,4
3648,2643,3
3648,2642,4
3648,437,1
3648,2148,4
3648,836,2
3648,2411,3
3648,2409,3
3648,2410,2
3648,2137,1
3648,2245,4
3648,1954,4
3648,3052,2
3648,2712,3
3648,2640,1
3648,1222,4
3648,3396,3
3648,2268,1
3648,3827,2
133,3720,1
133,3911,2
133,3798,4
133,2686,4
133,1073,4
133,265,2
1978,2306,4
1978,786,3
3096,2672,1
5689,3911,1
3916,3911,4
5475,2763,3
5475,2118,4
5475,733,3
5475,89,3
5475,10,3
5475,3256,1
5475,1370,2
5475,3763,2
5475,2916,1
5475,353,3
5475,3204,3
5475,2160,3
5475,3505,2
5475,3527,2
5475,3044,4
5475,3102,2
5475,2952,1
5475,377,2
5475,457,2
5475,2571,4
5475,2288,3
5475,2871,1
5475,1610,3
5475,474,2
5475,589,2
5475,1036,3
5475,1200,1
5475,2762,1
5475,1240,3
5475,1214,4
5475,50,3
5475,1252,1
5475,1389,2
5475,1388,3
5475,3952,3
5475,3771,2
5475,1376,4
5475,2641,1
5475,480,1
5475,2640,4
5475,1374,1
5475,2366,2
5475,1291,4
5475,1198,1
5475,919,4
5475,1016,2
5475,587,1
5475,3040,1
5475,1380,2
5475,367,4
5475,2746,1
5475,1042,1
5475,3033,4
5475,3524,1
5475,371,4
5475,1904,4
5475,1010,4
5475,3614,2
5475,1020,4
5475,2282,3
5475,2779,3
5475,2301,4
5475,543,2
5475,1135,1
5475,2134,3
5475,2423,1
5475,2110,4
5475,141,1
5475,231,4
5475,357,4
5475,3836,1
5475,2302,2
5475,2014,3
5475,492,1
5475,2502,4
5475,21,3
5475,2108,2
5475,497,2
5475,551,2
5475,1125,1
5475,1794,2
5475,2109,2
5475,3868,3
5475,1517,3
5475,2795,4
5475,356,4
5475,3253,1
5475,440,4
5475,2797,4
5475,3317,4
5475,1923,1
5475,2155,2
5475,3052,1
5475,1073,2
5475,3507,3
5475,2973,3
5475,3751,3
5475,1265,3
5475,1641,1
5475,3396,4
5475,2542,4
5475,1077,2
5475,1136,1
5475,3504,2
5475,1175,2
5475,3916,1
5475,3578,1
5475,3267,4
5475,534,1
5475,3100,2
5475,1954,1
5475,1953,4
5475,2890,1
5475,1104,4
5475,1231,4
5475,1276,1
5475,3897,3
5475,3068,4
5475,3471,3
5475,1244,4
5475,307,4
5475,1242,1
5475,593,3
5475,1250,3
5475,1193,4
5475,2858,4
5475,1221,3
5475,858,3
1748,3950,1
1317,2686,3
2868,3830,3
5412,1517,2
5412,3159,3
5412,150,1
5412,1961,1
5412,2915,4
5412,2565,1
5412,1954,3
5412,1249,1
5412,2686,4
5412,1266,1
5412,3007,1
5412,1188,3
5412,2712,1
5412,272,4
5412,3052,1
2878,3105,4
2878,3317,4
1605,3179,3
3013,1839,3
3013,2152,4
3013,1707,3
3013,1855,4
3013,2253,3
3013,3243,3
3013,19,1
3013,2953,2
3013,2354,3
3013,419,2
3013,2042,3
3013,1526,3
3013,1359,4
3013,432,2
3013,1592,3
3013,1588,2
3013,38,2
3013,1665,1
239,72,1
3013,344,3
3013,3247,2
3013,3869,1
3013,801,4
3013,691,1
3013,466,3
3013,3108,4
1088,60,3
3013,2683,3
3013,141,2
3013,539,2
3013,1517,2
1088,2137,2
3013,39,4
1243,1091,2
1243,719,4
1243,1565,4
1243,1391,1
1243,344,1
1243,2470,2
1243,2699,3
1243,3308,1
1243,500,4
1243,317,3
1243,3247,3
1243,2124,1
1243,2134,2
1243,3591,2
1243,3261,4
1243,2007,2
1243,1747,2
1243,471,1
1243,537,4
1243,3524,4
1088,1025,4
1243,2100,3
1243,586,3
1243,2469,3
1243,144,4
1243,1441,1
1243,2150,4
1243,1297,4
1243,2746,1
1243,2145,2
1243,3712,1
1243,2003,3
1243,1380,4
1243,2144,1
1243,597,1
1243,2371,1
1243,2736,1
1243,2384,3
1243,3501,2
1243,2671,2
1243,2245,2
1243,2262,2
1243,539,2
1243,568,3
1243,2406,1
1243,2463,2
1243,1517,1
1243,1081,2
1243,2065,2
1243,356,2
1243,342,1
1051,330,3
1243,440,3
1243,2108,1
1243,3045,2
1243,232,2
1243,3052,3
1243,1500,2
1051,2500,2
1243,357,4
1243,1641,3
1243,3039,3
1243,1923,2
1243,2946,4
1243,235,3
1243,2000,4
1088,1193,2
1088,276,3
1088,605,3
1051,3186,1
1243,562,1
1243,3178,4
1243,1425,3
1243,2863,2
1243,2243,2
1243,1223,2
1243,45,4
1088,2054,4
1088,2053,2
1088,2953,1
1088,586,2
1243,2915,3
1243,2359,2
1243,2321,1
1243,3836,1
1243,3083,3
1243,1220,2
1243,3361,4
1243,3429,4
1243,2324,1
1243,1060,1
1243,3210,2
1243,2289,1
1243,3819,3
1243,1394,3
1243,3526,3
1088,1057,3
1088,3005,2
1243,1028,2
1243,2352,2
1243,1259,3
1243,1,2
1243,1079,4
1243,1968,3
1243,1265,1
1243,34,2
1243,3072,2
1243,1963,2
1243,2918,1
1243,3507,1
1243,2973,2
1243,1148,1
1243,3421,1
1243,1304,3
1243,1172,4
840,376,4
840,599,2
3648,3325,4
3648,3616,3
3648,3273,4
3648,3453,3
3648,3790,3
3648,3409,2
3648,3225,3
3648,3623,1
3648,3408,3
392,2912,4
1010,1752,1
1010,3430,3
1010,511,4
1010,3764,4
1010,2405,4
1010,2802,2
1010,3452,2
1010,3638,3
1010,1371,2
1010,2367,2
1010,1636,4
1010,2409,2
1010,3623,4
1010,2347,4
1010,3702,1
1010,3836,1
1010,89,3
1010,3384,4
1010,2527,3
1010,2640,1
1010,3267,2
1010,2528,1
1010,1201,2
1010,2951,3
1010,2947,4
1010,3703,1
1010,610,1
1010,1387,4
1010,2529,4
1010,3000,4
1010,1954,2
1010,1221,3
1010,2366,3
1010,1304,3
2784,3949,3
2784,3911,4
4809,2803,3
4809,2424,4
4809,2696,1
4809,144,3
4809,2539,1
4809,3256,3
4809,471,2
4809,272,4
4809,3255,2
4809,2359,1
4809,1747,3
4809,2759,4
4809,1633,1
4809,728,1
4809,52,4
4809,2302,3
4809,2943,1
4809,1641,1
4809,1271,4
4809,529,3
4809,2611,4
4809,3100,1
4809,2493,3
4809,50,3
4809,3408,1
2451,1220,1
2451,1772,4
496,3785,4
496,3751,4
4258,804,4
4258,1457,3
4258,237,1
4258,605,4
4258,252,4
4258,597,3
4258,2572,1
4258,539,1
4258,1912,2
4258,1639,1
4258,1283,1
4258,2922,1
4258,914,1
4258,2863,1
4258,1947,4
4258,1035,3
3410,2070,2
3410,916,2
3410,3147,2
3410,1315,4
3410,3325,3
2395,1729,4
2395,1805,1
2395,1179,2
2395,1644,1
2395,3386,2
2395,140,4
3285,3617,4
2395,1777,3
2395,2340,1
2395,539,4
2395,2424,4
2395,1721,4
2395,356,4
2395,1678,3
2627,3952,1
4126,2706,2
4126,489,1
1748,1373,2
1748,1372,2
1748,2393,4
1748,157,4
1748,2412,2
1748,2411,1
1748,836,3
1748,435,4
1748,2410,2
1748,2617,3
1748,635,2
1748,2409,3
1748,587,4
1748,1958,1
1748,1948,1
1748,2268,2
1748,1258,2
1748,2137,2
1748,910,2
2246,154,2
4785,3505,1
4785,3408,1
4682,2446,4
1611,300,1
4680,3911,2
2688,1136,4
2688,3897,4
3378,754,3
2131,1544,3
3821,3593,3
2077,3396,4
2077,3398,2
2225,2693,3
1088,930,2
1088,1221,1
2077,924,3
2077,2729,4
2077,3317,1
2077,2640,2
2077,3886,4
2077,3618,1
2077,3831,4
2077,3916,1
2077,3753,2
2077,3784,4
2077,3826,4
2077,2590,2
2077,2952,2
2077,1997,2
2077,1246,3
2077,3751,2
3940,3897,2
4126,3827,1
4126,3033,2
4126,1831,3
1912,3274,3
1912,3163,2
1912,3633,1
1912,1936,1
1912,2727,2
1912,2599,1
1912,2804,4
1912,3726,3
5302,656,3
1266,313,1
1266,1544,3
1266,3401,1
1266,3571,4
1266,3776,4
1266,3462,1
1266,888,2
1266,1322,3
1266,2754,3
1266,1567,4
1051,3744,4
1051,180,3
3285,3827,1
3285,3911,2
1748,678,3
1748,2527,1
1748,2967,1
1748,1653,4
1748,3230,1
839,1348,3
839,3300,4
839,3790,4
839,1079,2
839,1258,1
839,1231,2
839,3683,4
839,290,4
839,1228,1
839,2966,4
696,2502,1
2063,212,4
2063,505,1
2063,1010,1
2063,1468,1
2063,3535,3
2063,3751,1
2063,3593,2
65,2450,4
65,2088,4
65,2471,3
65,2422,4
65,2421,2
65,2950,2
65,2133,3
65,2470,3
65,2987,3
65,592,3
65,1259,3
1912,3635,3
1421,3949,1
1912,3438,3
1912,3751,3
1912,2144,4
1546,1907,1
1546,3897,2
1556,333,2
1556,3753,1
19,1234,2
19,318,4
1165,3489,1
3821,2872,1
2131,546,1
2131,2722,4
2131,1591,1
2131,379,2
2131,1779,2
2131,442,1
2131,435,4
2131,1603,3
2131,316,3
2131,3175,4
2131,1909,2
1266,2261,4
1969,3707,1
5605,357,2
5605,1753,3
5605,2772,3
1925,3081,2
1925,2502,4
1925,3354,1
1925,3160,2
5605,2186,1
1925,3578,1
1925,3952,1
1925,2997,2
1925,2707,4
1925,2858,4
1925,2840,2
1925,2599,3
5605,3830,4
1925,3863,3
2271,2427,1
2271,3753,2
2271,1589,2
2271,1459,4
2271,350,4
2271,1645,2
2271,1732,4
2271,1092,3
2271,648,1
2271,164,3
2271,1617,1
2907,3114,3
2907,3901,4
2907,1887,4
2907,2505,3
1252,3897,1
1315,1269,4
1315,3317,2
1252,3580,2
1252,3949,1
1252,2952,4
5054,2285,4
727,3911,1
183,3827,4
183,3911,2
183,3712,2
2246,3814,2
2246,1794,1
2688,1393,2
1019,2798,1
1019,65,2
1019,2574,2
1019,2953,1
1019,438,4
1019,1126,1
1019,234,1
1019,276,2
1019,445,1
1019,2724,4
1019,518,1
1019,3258,1
1019,542,3
1019,1353,1
1019,327,4
1019,1640,3
1019,2060,2
1019,637,4
1019,1485,4
1019,1895,3
4802,3618,3
1546,3949,2
1546,2622,2
1546,246,2
4562,1220,4
4562,1028,4
4562,1073,3
4562,1958,2
1113,778,4
1113,593,1
2168,3943,3
2168,2712,1
2168,924,4
2168,3827,3
2168,3598,4
1395,3879,2
6016,3528,1
6016,2875,2
6016,1088,2
6016,1835,3
6016,46,4
6016,252,3
6016,2062,3
6016,1854,1
6016,1339,1
6016,3909,3
6016,361,2
6016,1441,4
6016,356,1
6016,3638,1
6016,339,2
6016,3834,3
6016,3512,4
6016,1777,3
6016,1684,3
6016,2962,1
6016,3822,2
6016,3536,1
6016,3699,3
6016,2708,4
6016,2941,3
6016,3684,1
6016,3044,1
6016,2065,4
6016,2157,4
6016,3668,4
6016,914,1
6016,3569,4
6016,3910,4
6016,900,1
6016,3685,4
6016,920,4
6016,930,4
6016,1944,1
6016,1639,1
6016,2704,3
6016,28,4
6016,3894,3
6016,3129,2
6016,1476,2
6016,3795,4
6016,3749,1
462,1921,4
6016,3861,4
6016,3245,3
6016,3756,4
1978,1797,4
1978,3159,2
1978,3054,3
1978,3785,4
1010,933,4
3971,3274,3
3971,1092,1
3971,222,4
3971,62,1
3971,1407,4
3971,1680,2
3971,2571,2
3971,3285,4
3971,3755,1
3971,3481,1
2022,111,3
3410,47,1
3410,551,3
3519,3556,4
3519,3893,3
3078,3741,1
3078,1204,1
3078,1252,3
3078,1952,3
3078,904,4
3078,1221,3
1019,2890,4
4647,2930,3
2063,3774,3
2063,3064,2
2063,315,3
2063,459,4
2063,1677,3
2063,1064,2
2063,2643,4
2063,2422,1
2063,3716,3
2063,2815,3
2063,3763,1
1389,2359,1
1389,1730,3
1389,2321,1
1389,1050,4
1389,1982,4
1389,2018,1
1389,2366,2
1389,3098,3
1389,1957,2
1389,2687,1
1389,3253,3
1389,150,1
1389,45,3
1389,3181,2
1389,1682,2
1389,1246,1
1389,969,4
1389,2336,4
1958,2908,3
1958,217,4
1958,436,4
1958,1515,3
1958,61,4
1958,528,4
1958,2432,1
1958,3186,2
1958,381,3
1958,201,3
1958,3252,2
1958,524,4
1958,805,3
1958,1120,1
1958,832,1
1958,300,2
1958,271,4
1958,608,4
1958,174,3
1958,325,2
1958,2296,4
1958,473,3
1958,437,1
1958,1445,3
1958,19,3
1958,489,1
1958,2798,4
1958,1526,4
1958,93,3
1958,413,4
1958,312,4
1958,429,1
1958,276,2
1958,3243,4
1958,818,1
1958,2335,3
1958,3258,2
1958,370,2
1958,542,1
1958,1461,2
1958,1167,3
1958,784,1
1958,432,4
1958,1911,2
1958,3120,1
1958,639,3
1958,2809,4
1958,719,1
1958,231,1
1958,603,4
1958,585,3
1389,1231,2
1958,186,4
1958,237,3
1958,248,3
1958,414,1
1958,289,1
1958,344,3
1958,3477,1
1958,2694,4
1389,3386,3
1958,1513,2
1958,2249,1
1958,1409,3
1958,1629,3
1958,3263,4
1958,1888,1
1958,3254,2
1958,514,2
1958,830,2
1958,3712,1
1958,2770,4
1958,1020,1
1958,700,2
1958,2683,3
1958,2772,3
1958,2539,1
1958,1614,1
1958,7,4
1958,2007,4
1958,2567,3
1958,1517,2
1958,445,1
1958,663,4
1958,500,3
1958,1641,1
1389,1961,2
1389,3000,1
1389,908,3
1389,2686,1
1389,2728,1
1389,111,2
1389,2959,3
1389,904,4
1389,3359,4
1958,1006,2
1958,3623,2
1958,1136,2
1958,1080,2
1389,678,1
1716,3949,1
1958,3157,4
1958,2597,2
1389,2791,2
1389,1307,2
1389,3361,2
1958,2822,4
943,3844,4
943,2686,3
1958,502,2
1958,1497,3
1958,3439,4
1958,1869,2
1958,420,1
1958,3841,3
1958,459,1
1958,3438,3
1958,2722,4
1958,1831,1
1958,44,1
1958,1438,2
1958,3274,1
1958,2427,4
1958,3256,1
1958,3418,2
1958,474,1
1958,2771,2
1958,3155,2
237,349,2
65,2028,1
1113,3160,4
319,3513,2
319,3861,2
3717,3510,1
3717,1221,2
3717,858,1
4861,3756,4
528,3177,2
5011,3594,3
3971,3949,2
822,3911,1
3693,3861,1
3693,800,2
2395,2155,1
3125,3102,4
3125,3633,2
3125,543,4
3125,1885,4
3125,3448,2
3125,2115,1
3125,1073,4
3125,3104,3
3125,2401,1
3125,1376,3
3125,1954,4
3125,1797,1
3125,428,2
3125,2000,1
3125,6,4
3125,1641,2
3125,1931,3
3125,2949,2
3125,2948,1
3125,1185,2
3125,300,4
1597,2687,1
3125,2020,3
3125,1962,1
3125,2991,2
3125,2467,4
3125,553,4
3125,2947,2
3125,1303,3
1597,1405,4
3125,161,4
3125,1302,4
1597,2081,2
1597,3725,1
1597,2294,1
3125,1466,3
3125,1080,3
1597,2810,2
1597,741,4
3125,1240,3
1597,2700,1
1597,1274,2
3125,2993,1
3125,1036,4
3125,595,4
3125,3361,3
3125,1094,4
3125,2391,2
3125,47,3
3125,3246,2
3125,1246,4
3125,2883,1
3125,590,3
3125,1242,4
3125,1266,4
3125,3421,2
3125,1200,3
3125,1270,3
3125,2728,3
3125,1304,2
3125,1293,2
3125,1136,1
3125,1210,2
3125,910,1
3125,1219,2
3125,1247,4
3125,3039,2
99,2762,1
99,2144,1
99,1968,4
99,3948,3
99,3317,2
99,1584,3
99,1073,3
99,1012,1
99,2542,1
99,3006,2
99,1234,2
99,1097,1
99,2716,1
99,2080,4
99,2797,2
99,1529,3
3821,2505,4
99,32,2
99,2018,1
99,2352,2
99,1393,3
2627,3948,4
99,3421,4
99,364,2
99,3363,3
99,919,1
99,457,4
99,1197,2
99,1259,4
99,1639,4
99,1213,2
99,1625,2
99,1262,2
99,47,1
99,1246,3
99,260,2
99,1198,3
99,709,2
99,1203,2
4802,3882,2
531,3791,3
531,2546,1
531,1013,1
531,1959,1
531,3480,1
531,2420,2
531,3502,3
531,3194,4
531,3107,3
531,917,2
531,2961,3
531,1955,1
531,3591,3
531,3844,3
531,2312,2
531,175,4
531,300,3
531,1103,1
531,1466,3
531,1099,2
531,2398,3
531,1246,2
531,1193,3
531,1961,3
531,2804,1
531,1203,2
531,1207,4
531,926,3
531,1104,3
531,1707,3
531,360,4
531,174,4
531,438,1
531,87,2
531,374,2
531,2555,3
531,234,1
531,2027,3
531,12,1
531,1863,1
531,1431,2
531,2052,2
531,2886,2
531,1390,4
531,1391,1
531,203,3
531,2805,2
531,2387,2
531,344,4
531,2770,4
531,1911,4
531,2249,1
531,1629,3
531,333,2
531,3812,2
531,2539,2
531,1042,1
531,2709,4
531,345,2
531,3507,1
3518,3556,3
531,3052,4
531,3396,3
1597,1147,4
1597,2245,3
1597,2890,2
1597,2602,3
1597,1785,2
1597,364,3
1597,2365,4
1597,2366,2
1597,3108,4
531,2194,1
531,858,4
1978,2819,1
1978,2353,4
329,2112,1
1954,3186,3
1954,2881,4
239,3911,3
1556,3435,4
195,1503,4
195,3006,1
195,3943,1
319,3751,1
897,1047,1
897,1090,4
897,1222,3
897,1206,4
2803,1300,2
2803,3359,1
2803,919,3
2803,3551,4
2803,1231,3
2803,2859,4
2803,2973,2
2803,318,4
2803,1247,1
2803,3067,2
2803,908,4
2803,3819,1
2803,1230,2
2803,1252,4
4950,1222,3
2272,357,1
4829,3699,3
4829,2117,1
4829,1374,4
4829,2011,1
1228,3262,1
1228,2725,1
1228,1960,1
1228,1836,2
1228,1291,1
1912,852,2
1912,2894,2
1912,911,2
1912,933,1
1912,39,3
1912,2012,2
1912,2527,1
1912,529,4
1912,1230,1
1355,3510,3
1355,3189,2
1355,3188,3
1355,2712,4
1355,3911,2
4823,1190,4
5493,289,4
1599,1289,1
1599,2398,1
1599,2554,4
1352,680,1
1946,3897,4
840,1641,4
840,3105,2
840,2268,3
840,762,4
840,318,3
840,3441,4
840,1280,2
840,306,2
840,1888,3
840,923,2
840,348,1
2022,2671,1
1422,3159,1
1415,3901,2
2427,3146,1
2427,2502,1
1767,3357,4
1767,2712,4
1767,2347,1
1767,2640,2
1767,1258,1
1767,457,2
2395,2997,4
1780,3926,3
1780,1747,1
1780,50,4
1780,1682,1
1780,933,4
1780,852,3
1780,1923,1
1780,2687,2
1780,3418,4
1780,1234,1
1780,2100,2
1780,1096,2
1780,594,2
1780,1358,4
1780,1296,1
1780,1125,2
1780,515,1
1780,1961,4
1780,1135,4
1780,802,1
1780,3505,3
1780,3035,3
1780,1432,4
1780,1028,1
1780,364,2
1780,1918,4
1780,2081,1
1780,2366,2
1780,2450,2
1780,3,3
3821,911,4
1780,454,3
1780,3628,4
1780,2918,4
1780,1282,1
1780,1256,4
1780,1022,3
1780,1835,3
1780,2866,1
1780,420,2
1780,2530,4
1780,1078,3
329,3717,3
1780,1428,3
1780,2123,3
1780,2085,4
531,2153,3
531,1562,4
531,2643,1
531,2642,1
531,2422,2
531,44,3
531,2421,3
531,2399,1
531,1009,4
531,1615,1
531,316,1
531,1049,3
531,2641,1
531,2093,2
531,1017,4
531,592,3
531,2640,3
531,480,2
5054,3654,3
531,2115,4
531,986,4
531,1291,1
531,260,2
5054,1162,1
531,1198,3
531,1196,4
531,596,2
531,2137,3
531,2018,1
531,1247,2
531,912,3
531,938,2
531,594,4
2063,1978,2
2063,1985,3
2063,2787,3
2063,2868,4
5733,367,4
5733,2797,2
5733,1295,1
195,741,4
1317,2629,3
195,2609,4
3562,3861,3
5880,2411,2
5880,2410,1
5880,3901,3
5880,3827,4
5880,3911,1
4517,296,4
4448,70,4
3196,3891,3
3196,3484,4
3196,3325,1
3196,3225,4
3196,3861,1
3196,3752,2
3196,3893,4
3196,3785,3
3196,3882,4
3196,3409,1
3196,3624,1
3196,3515,3
3196,3536,4
4600,1197,1
4600,908,1
4682,1901,3
4682,1188,1
4983,2017,2
4983,888,2
4983,455,3
4983,2709,3
4983,1806,2
4983,2097,1
4983,2015,2
4983,1016,4
4983,3483,2
4983,1367,1
4983,3400,2
4983,13,2
4983,1030,4
4983,2400,2
4983,2043,3
4983,2090,3
4983,616,2
4983,1033,3
4983,3157,1
4983,1010,3
4983,2054,4
4983,2089,4
4983,3034,4
4983,1031,1
4983,421,4
4983,2057,3
4983,2137,1
4983,3672,2
4983,1017,3
4983,1012,3
4983,1028,4
4983,2085,2
4983,2384,4
4983,2096,1
4983,2876,4
4983,3751,4
4983,2080,2
4983,2087,2
4983,596,3
4983,2018,4
4983,262,4
4983,1282,2
4983,531,3
4983,1654,1
4983,1032,2
4983,588,1
4983,594,2
2020,3499,4
2020,3468,4
2020,3949,1
239,110,3
239,2890,2
239,2427,2
239,1242,3
239,1960,2
239,1090,3
239,1299,1
239,1263,4
239,1196,1
239,3481,2
4169,3292,3
4169,3380,3
4169,2827,2
4169,2589,3
1051,736,4
4169,2175,4
1051,1620,2
1051,3913,3
1383,111,1
1383,1267,2
4169,3355,3
4169,3326,3
4169,3324,2
4169,3301,4
1219,3618,1
1219,3624,3
1219,3328,2
1219,3189,1
1219,3481,4
1978,3147,2
1978,2273,1
1978,1704,2
1978,750,1
1978,1294,2
1978,2762,1
1978,2728,2
1978,318,3
5831,3740,1
5831,3827,4
531,1972,1
531,606,4
531,1969,1
531,2513,3
531,1971,3
531,196,3
531,1973,2
531,1342,1
531,1970,3
531,2710,4
531,2120,3
531,2747,1
531,366,4
531,1982,4
531,1387,4
531,1347,1
531,1258,3
531,1333,3
531,165,1
531,2881,1
531,2263,4
531,10,3
531,2840,2
531,1598,1
531,1047,3
531,2107,4
531,2835,2
531,2389,3
531,540,1
531,200,4
531,1499,4
531,2122,4
531,3835,4
531,3063,2
531,1515,3
531,880,2
531,2719,1
531,798,1
531,836,2
531,2279,3
531,1544,3
531,2505,2
531,707,1
531,2722,4
531,185,3
531,1917,3
531,3082,4
531,1779,3
531,1438,4
531,742,4
531,2826,4
531,3557,2
531,1792,1
531,2713,2
531,2763,3
531,3256,1
531,2334,2
531,225,2
531,1722,4
531,1003,3
531,2605,3
531,95,2
531,1608,3
531,288,2
531,3686,1
531,2803,2
531,3005,2
531,349,3
531,1370,4
531,422,1
531,2617,3
531,2551,1
531,22,3
531,1921,1
531,3203,1
531,3249,2
531,1573,2
531,490,2
531,474,4
531,2916,3
531,2353,4
531,2058,2
531,3102,4
531,3101,1
531,733,4
531,1343,4
531,1610,2
531,2841,2
531,589,4
531,457,3
531,628,1
531,2707,3
531,1994,2
531,1240,1
531,47,3
531,662,4
531,1086,4
531,908,3
531,2571,3
531,1036,3
531,2762,3
531,1219,2
531,50,4
531,1089,3
531,481,1
3058,1226,3
3058,180,3
3058,3255,4
3058,69,4
3058,1923,2
3058,3421,3
3058,1276,4
3058,1895,3
3058,11,1
3058,2706,1
3058,356,1
3058,3418,1
3058,474,1
3058,457,4
3058,2194,3
3058,1214,1
3058,1278,2
3058,1219,1
3058,3535,3
3058,908,1
3058,3897,1
412,3911,3
5520,2961,2
5520,3505,1
2820,3160,4
2820,3285,3
2820,3863,3
2820,3298,1
3196,2959,2
3196,2231,2
721,1957,1
721,2664,4
721,3435,1
721,1203,1
721,910,3
721,1012,4
721,3250,1
3821,1889,4
721,2300,2
721,928,3
721,3498,1
721,1104,2
721,922,2
721,908,2
721,953,2
721,3095,1
721,2019,3
721,3128,1
721,1963,1
721,62,3
721,1272,4
721,1340,2
721,1250,4
721,1193,3
721,3468,4
721,1234,2
721,1090,1
721,1288,4
721,2728,4
721,3341,2
721,2398,3
721,3590,1
721,1262,1
721,3111,2
721,1207,3
721,3089,2
721,2097,2
721,1231,1
721,1173,3
721,3198,3
721,3831,2
721,2539,3
1551,3055,3
4042,1180,4
329,3841,2
4517,203,4
4517,3481,1
4517,160,4
691,1982,4
691,3578,1
2131,606,1
2131,3840,4
2131,2517,2
2131,1983,1
2131,2119,4
2131,2995,2
2131,196,4
2131,2465,2
2131,742,4
2131,3708,2
2131,2513,3
2131,1991,3
2131,512,1
2131,1974,4
2131,2327,3
2131,3016,2
2131,1128,3
2131,3660,3
2131,3838,3
2131,968,3
2131,382,1
2131,2451,1
2131,2428,2
2131,610,4
2131,2668,2
2131,3917,4
2131,2901,4
2131,3727,3
2131,2003,2
2131,1347,3
2131,1345,3
2131,1130,4
2131,1278,4
2131,2716,1
2131,2519,3
2131,1321,3
2131,1982,4
2131,1994,3
2131,3839,2
2131,3837,2
2131,3662,1
2131,3901,3
2271,1934,3
2271,2993,4
2271,2872,4
2271,474,2
2271,1220,1
2271,480,3
2271,2916,4
2271,3406,3
2271,2949,1
2271,2000,1
2271,2951,4
2271,1954,1
2271,1287,1
2271,1215,1
2271,3726,2
2271,1036,1
2271,3702,2
2271,3104,3
2271,2879,3
2641,2410,2
2641,1388,2
2641,2641,4
2641,587,1
2641,2640,2
2641,3893,4
2641,3098,4
2641,358,1
2641,3396,3
411,3831,4
3203,3052,1
3203,3471,4
3203,1954,2
3203,1222,1
3203,1258,1
3203,1206,1
2246,1653,1
2246,3055,2
2246,2542,2
2246,1610,1
2246,6,1
2246,1732,1
2246,16,2
2246,47,3
2246,161,3
2246,2391,4
2246,319,1
2246,1625,1
2246,589,4
2246,608,2
2246,1358,1
2246,50,2
1088,3915,2
2636,150,1
2636,529,1
2636,3006,1
2636,3359,2
2636,1193,4
2636,1203,1
2636,1136,1
2636,1288,2
2636,1923,1
1930,592,1
1930,3763,4
1930,1242,4
1930,1036,3
1930,788,1
1930,3489,1
1930,1009,1
1930,2161,2
1930,2015,4
1930,1081,2
1930,2412,1
1930,2411,4
1930,2643,1
1930,2642,3
1930,2410,1
1930,2617,3
1930,1954,4
1930,1258,2
1930,1090,3
2131,3704,2
2131,2193,1
2131,2115,1
2131,2872,4
2131,2288,1
2131,2406,2
2131,2000,1
2131,592,2
2131,1954,2
2131,2194,1
2131,163,3
2131,1222,1
2131,1210,1
2131,1127,1
2131,555,1
2131,1240,3
2131,3703,3
2131,1036,2
2131,1198,1
2131,260,2
2131,1196,2
2131,230,3
5405,909,4
5405,910,2
5405,1942,1
5405,1206,4
5405,924,2
5405,1204,2
5405,3909,3
5405,3798,4
5405,3185,2
5405,2724,3
5405,2906,2
5405,2598,4
5405,1959,4
5405,913,1
5405,2716,1
5405,2546,4
5405,3952,4
5405,2369,2
5405,2997,4
5405,3824,4
5405,3534,3
2362,2706,2
2362,32,3
2020,3362,1
3224,3319,4
3224,3470,3
90,1429,4
4465,2542,1
89,3740,2
4465,1217,4
2036,1197,3
2036,1247,2
2036,912,3
2036,1449,3
2036,3083,2
2036,3129,1
89,3869,1
89,370,2
89,3868,4
89,1218,2
89,3265,1
89,2792,4
89,2791,2
89,527,2
89,1704,4
89,3408,2
90,3821,2
90,3826,4
90,3879,3
90,3863,3
90,3752,4
90,3798,3
90,3755,1
90,3623,4
90,3948,2
90,3578,1
90,3896,1
90,3408,2
90,3751,4
140,1198,2
140,969,1
140,1196,1
140,260,3
140,858,1
140,2028,2
140,1221,3
140,3535,4
2063,2253,1
2063,3181,1
2063,2887,3
2063,3018,4
2063,3054,4
2063,3355,3
2063,1885,4
2063,2325,3
2063,1956,4
2063,1475,2
2063,118,2
2063,255,4
2063,1393,4
2063,3579,2
2063,3095,1
2063,3299,3
2063,2580,2
2063,3409,2
2063,2125,2
2063,135,2
2063,2312,1
2063,1377,1
2063,3250,3
2063,924,4
2271,3256,1
2271,2278,4
2271,2058,3
2271,3418,2
2271,377,1
2271,6,1
2271,1429,4
2271,163,2
2271,2353,2
2271,21,2
2271,457,4
127,318,1
127,290,3
1088,1267,2
1088,1090,4
1088,1228,2
1425,266,1
1425,372,1
1425,3183,4
1425,1061,1
1425,1177,1
1425,3078,1
1425,2025,2
195,1017,4
2272,593,2
2272,50,3
2272,2571,3
1978,3945,4
1978,3146,4
1978,1876,3
1978,1748,4
1978,2042,3
1978,1005,4
1978,1020,2
1978,3471,1
1978,923,3
1978,3148,3
1978,1957,1
1978,158,4
1978,784,1
1978,212,3
1978,2355,4
1978,2860,1
1978,1333,1
1978,65,2
1978,2797,4
1978,3156,2
1978,1292,3
1978,2531,2
1978,3213,1
1978,592,2
1978,153,2
1978,1377,1
1978,2012,2
1978,2011,4
1978,2384,1
1978,2555,4
1978,1517,4
1978,1917,4
1978,150,1
1978,1208,2
1978,2294,2
1978,3421,2
1978,1225,3
1978,2123,1
1978,1064,3
1978,588,2
1978,2152,2
1978,2791,2
1978,1608,4
1978,2792,2
1978,1592,1
1978,3754,4
1978,344,2
1978,2492,2
1978,3081,1
4005,3717,4
4005,3753,1
4005,2769,2
4005,3720,4
3106,2769,3
2063,65,3
1733,283,2
3562,2330,2
667,3857,3
667,3004,3
667,2770,4
667,2979,4
667,3452,4
667,3624,4
667,3717,1
667,3879,1
90,1219,4
90,903,3
90,2177,1
667,3409,4
667,3510,1
667,3316,2
667,3623,4
90,913,2
90,1284,2
90,2273,3
90,3624,4
90,1080,2
90,1136,4
90,2170,3
90,63,2
667,3949,1
90,2027,3
90,1275,2
90,2791,2
90,2792,1
90,12,3
90,3208,4
90,2279,3
90,19,1
90,2060,3
90,743,4
90,60,2
90,3257,1
90,1779,3
90,780,3
90,2505,2
90,1917,3
90,2335,1
90,784,3
90,257,3
90,370,4
90,2094,4
90,1894,1
90,208,4
90,1391,4
90,1588,4
90,1711,1
90,2582,4
90,1037,4
90,344,4
90,2880,1
90,376,1
90,1390,1
90,1049,1
90,1687,1
90,993,4
90,765,1
90,788,2
90,468,4
90,2688,2
90,1586,3
90,2683,1
90,1416,1
90,2723,4
90,253,4
90,1020,2
90,3264,3
90,786,1
90,586,2
90,3141,2
90,3869,2
90,294,3
90,141,1
90,736,2
90,1552,2
90,185,4
90,648,4
90,2394,2
90,95,4
90,2841,1
90,3186,1
90,2712,2
90,2881,1
90,2012,4
90,164,1
90,3005,2
90,353,3
90,802,4
90,2628,2
90,2539,3
90,3082,3
90,1892,1
90,1645,1
90,1377,1
90,986,3
90,2424,3
90,2976,4
90,1480,4
90,3219,2
90,2331,2
90,2431,4
90,647,3
90,3129,1
90,1627,4
90,1580,2
90,2707,1
90,3247,2
90,2763,3
90,2803,3
90,1459,1
90,1518,1
90,1457,2
90,454,4
90,1437,4
90,539,1
90,1909,1
90,3809,3
90,1449,4
90,2427,3
90,1476,1
90,1783,2
90,1858,4
90,2302,2
90,2540,1
90,1769,2
90,2278,2
90,3256,4
90,2190,3
90,45,2
90,551,1
90,1673,1
90,1487,3
90,112,1
90,350,3
90,2916,4
90,1042,2
90,383,1
90,2879,2
90,224,3
90,1527,2
90,367,2
90,1805,4
90,1485,1
90,1682,2
90,235,3
90,1729,4
4465,3720,1
90,1784,3
90,708,3
90,1466,4
90,3175,4
90,852,2
90,1747,1
4465,1333,4
90,1401,2
90,300,3
90,3160,2
90,1721,3
4465,1860,2
90,999,3
90,3105,4
90,3255,1
90,2912,4
90,337,1
90,47,1
90,373,1
4465,1176,2
90,2106,1
90,1266,4
90,2108,1
90,471,2
90,1799,2
90,477,2
90,2542,3
90,2908,4
90,1914,2
90,553,3
90,377,4
90,1,1
90,457,3
90,356,1
90,1845,3
90,3147,4
90,1912,2
90,110,1
90,1625,4
90,861,1
90,440,3
90,2321,1
90,1584,2
90,3114,4
90,2395,2
5737,3948,3
4465,1394,3
90,2700,2
4465,1245,1
90,3100,3
90,3267,2
90,2762,2
90,2959,3
90,1265,2
90,3386,3
90,32,2
4465,2973,4
4465,3822,1
4465,2624,2
90,34,1
90,1704,4
90,1617,4
90,994,4
90,3418,1
90,869,2
90,2997,2
90,527,3
90,318,3
90,281,3
90,608,3
90,1233,3
90,1089,1
90,50,4
90,2858,1
90,392,1
1266,3756,4
1265,3160,1
195,3816,3
2106,3754,4
1943,3814,4
1943,1078,1
1943,2747,4
1943,674,2
1943,3933,1
3665,2502,1
1943,3872,3
1943,2080,3
1943,918,4
1943,953,4
3665,2124,1
3665,344,4
1943,954,2
3665,2505,4
3665,1503,1
3665,2475,4
3665,2311,4
3665,2031,4
1912,2712,1
1912,2729,4
3834,3827,4
3834,3598,1
3834,3949,3
3834,3354,4
3834,3409,1
3834,3646,2
3834,3300,4
3834,3623,3
3834,3744,1
3834,3556,1
3834,3790,3
3834,3328,4
3834,3571,3
3834,3510,2
3834,3481,3
329,3204,2
1943,2380,2
1943,2382,1
1943,2383,1
1943,2379,1
1943,2794,1
1943,2134,1
1943,2371,3
1943,3087,3
1943,1285,3
2362,3138,4
1943,141,4
1551,3317,4
2903,1092,2
5100,3578,3
3158,306,4
3158,1126,4
3158,2686,1
678,3785,4
5302,3537,3
710,928,4
3547,3897,1
3547,1206,4
3547,3914,2
3547,2967,4
3547,831,3
3547,2067,2
2898,3949,3
80,590,4
2176,246,2
2176,2496,2
1413,3911,1
149,1883,2
149,2360,4
1579,3751,1
1579,3068,1
392,529,3
2409,2805,3
3274,2617,1
3274,587,4
3274,2137,4
3274,3740,1
3274,272,4
3274,3052,3
3274,3471,2
3274,457,1
3274,3396,2
3274,1090,3
3274,1222,2
3274,924,4
3274,3863,4
3274,3510,3
3274,3536,2
1597,1321,4
1274,3903,4
23,2643,1
23,2119,2
23,2149,1
23,2642,3
23,327,2
23,1388,1
23,2411,3
23,3525,4
23,2410,1
23,2409,1
23,2259,3
23,2641,4
23,2617,4
23,2148,3
23,3740,4
23,3052,4
23,2712,2
23,1958,3
23,915,4
23,3396,4
23,1204,3
23,1258,4
23,1222,3
23,1090,3
23,2973,2
36,3480,4
36,1608,2
36,1597,1
36,2617,1
36,368,3
36,2105,4
36,507,4
36,292,3
36,2013,2
36,2273,3
36,2989,1
36,2802,2
36,1376,1
36,610,2
36,2001,1
36,3576,3
36,3635,2
36,2948,4
36,592,2
36,3104,3
36,2640,3
36,1374,4
36,3418,3
36,1101,3
36,3702,4
36,2529,4
36,1264,3
36,2194,3
36,1954,1
36,555,4
36,1036,1
36,1198,3
36,1221,1
36,858,1
36,260,1
36,541,2
1524,1921,4
1837,3826,4
1837,3717,3
1837,3285,2
1837,3896,2
1837,3852,4
1837,3594,2
1837,3952,1
1837,3916,4
1837,3897,1
1837,3798,2
392,3897,3
392,1694,3
1243,2770,3
1733,3783,4
2063,3564,1
2063,3646,1
195,1130,2
2544,3827,1
1551,3814,2
195,1673,1
453,1254,2
1421,2318,4
237,3911,3
237,1777,4
4823,3598,3
231,780,1
231,1210,1
231,1097,4
231,1214,3
231,2288,2
231,1028,2
231,3468,4
1943,3007,1
1943,365,1
1943,1620,2
1943,345,2
1943,175,2
1943,3181,3
5948,3501,4
1943,1479,4
1943,849,1
1943,292,4
1943,653,2
1943,2881,3
1943,3020,1
1943,733,1
5948,3509,3
5948,3408,2
1943,3418,2
1943,861,4
1943,1311,2
1943,2798,3
1943,2042,1
1943,619,1
1943,520,1
1943,3248,2
1943,432,3
1943,1468,3
1943,153,4
1943,1604,4
1943,429,3
1943,1541,2
1943,380,1
1943,2249,1
1943,371,2
1943,2572,1
1943,2699,2
1943,410,1
1943,1923,3
1943,2124,4
1943,3046,4
1605,581,2
1605,1617,4
5620,3510,3
587,1596,4
587,2599,1
587,1278,2
587,358,3
3333,3535,4
3333,2617,4
3333,2268,4
3333,3893,2
3333,1090,4
3333,1204,3
3333,1206,1
3333,3471,1
3333,3052,2
3333,924,3
3333,3949,1
3333,3943,2
3333,2769,2
3333,2600,2
3333,3597,1
3333,3617,1
3333,2700,2
3333,2598,4
3333,3005,3
3333,3298,1
3333,2707,3
3333,2771,3
3333,2976,4
3333,2706,4
3333,3827,3
3333,3863,4
3333,3593,2
3333,1222,3
3333,110,3
3333,1208,2
3333,1242,4
3333,1263,3
3333,1344,3
3333,441,4
3333,2599,4
3333,1748,3
3333,2571,3
3333,1730,2
3333,2542,3
3333,1704,2
3333,3246,1
3333,1673,1
3333,1617,3
3333,2858,4
3333,6,4
3333,593,4
3333,1089,4
3333,2028,2
3333,2329,2
4682,1746,4
4682,2297,1
4682,762,4
4682,2278,2
721,3754,1
721,3454,1
721,3912,1
721,3483,4
721,3882,3
721,3615,2
721,3564,4
721,3743,2
721,3797,2
1029,1278,3
1029,3499,1
1029,2648,2
1029,1333,4
1029,2550,3
1029,2160,2
1029,1258,1
1029,1348,2
1029,1994,3
1029,152,4
1029,2645,4
1029,2653,3
1029,2780,4
1029,3490,1
1029,3627,2
1029,3340,1
1029,2652,1
1029,1219,2
1029,2554,1
721,3299,1
721,3225,4
721,3325,1
721,3579,2
721,3273,4
721,3316,4
721,3453,1
721,3301,1
721,2471,3
721,2470,2
3410,3362,4
5011,2834,2
1113,1640,4
1181,1466,3
192,1222,1
1181,915,1
195,3503,4
1943,587,4
1943,708,1
1943,3182,3
1943,14,3
1088,858,1
1943,3328,2
3693,1907,3
2489,259,2
2489,1864,1
2489,257,2
1415,3186,4
1415,231,4
1415,949,4
1415,1073,1
1415,3868,4
1415,1284,1
1415,2686,1
1415,778,3
1415,1183,4
1415,2573,2
1415,3686,2
1415,3793,4
1415,2115,3
1415,2138,1
1415,588,3
1415,1962,3
1415,39,3
1415,3408,4
1415,2797,2
1415,3481,4
1415,3088,3
1415,539,2
1415,1641,2
1415,1955,4
1415,1101,3
1415,1953,3
1415,592,4
1415,1673,2
1415,1873,3
1415,3079,2
1415,509,3
1415,1682,3
1415,848,4
1415,1393,2
1415,440,3
1415,3578,4
1415,3147,3
1415,900,3
1415,2006,4
1415,3296,3
1415,903,2
1415,1302,2
1415,1036,2
1415,2565,1
1415,1374,2
1415,2948,3
1415,1291,2
1415,1580,3
1415,356,2
1415,1287,4
1415,3006,1
1415,953,1
1415,441,4
1415,25,2
1415,2194,3
1415,920,2
1415,2716,1
1415,1012,1
1415,2396,2
1415,1961,4
1415,969,2
1415,2929,2
1415,1272,4
1415,1077,2
1415,919,4
1415,2501,4
1415,1653,2
1415,3814,4
1415,2918,3
1415,2067,2
1415,1219,4
1415,3811,1
1415,1208,2
1415,1278,2
1415,529,1
1415,2757,4
1415,1230,4
1415,162,3
1415,3359,4
1415,296,1
1415,2924,3
1415,3114,1
1415,2866,2
1415,1193,3
1415,923,3
1415,1942,2
1415,2947,3
1415,1944,3
1415,904,3
1415,1213,3
1415,50,3
1415,2762,2
1415,2692,1
1415,1084,4
1415,2398,4
1415,954,4
1415,1233,2
1415,3362,4
1415,318,4
1415,720,1
531,3895,2
531,3483,4
531,3901,3
531,3948,2
531,3911,4
531,3317,4
531,969,1
1242,1409,3
1242,1263,3
1242,3756,3
2895,3865,2
1088,2660,3
1088,2946,4
1088,908,2
5450,3000,2
5450,3752,3
5450,3301,4
5450,3578,2
911,3598,3
911,3897,1
4277,3895,1
4277,3949,4
4680,3481,3
1717,2659,4
1717,1212,4
1717,905,4
1717,306,4
1717,2966,1
1717,1207,3
1717,2863,2
1717,714,3
1717,2519,2
1717,910,3
1717,1256,1
1717,1534,3
1717,296,2
1717,1041,2
1717,1230,1
1717,912,1
1717,903,1
1717,904,3
1717,3462,3
1717,1952,3
1717,1233,4
1717,2019,2
1717,1203,1
1717,3769,3
1717,3190,4
1717,3354,3
1717,3646,4
1717,3623,4
1842,388,4
1842,2916,4
1842,507,3
1842,356,1
1842,1339,3
1842,3081,4
1842,175,2
1842,2759,1
1842,708,4
1842,2706,3
1842,3147,4
1842,3386,4
1842,161,2
1842,52,1
1842,1643,1
1842,1425,2
1842,663,3
1842,141,2
1842,3174,1
1842,474,1
1842,861,1
1842,1407,4
1842,653,3
1842,1805,3
1842,3178,1
1842,1729,2
1842,1721,2
1842,1061,3
1842,357,4
122,1240,1
1842,1641,3
1842,1921,1
1842,1713,4
122,112,2
122,2273,1
122,2700,4
122,377,1
1842,1517,3
122,2409,3
122,2402,4
122,2094,3
122,2571,1
122,1544,1
122,1387,4
122,1580,4
1842,3255,2
1842,1245,2
1842,377,1
1842,1357,1
122,786,2
122,2616,1
122,3578,4
1842,866,3
1842,838,4
1842,471,3
1842,39,3
1842,100,1
1842,2687,1
1842,508,3
1842,45,1
1842,1594,2
1842,2395,4
1842,588,3
1842,986,1
1842,198,2
1842,1050,2
1842,733,1
1842,1466,2
1842,2912,2
1842,1120,1
1842,551,1
1842,595,1
1842,180,1
1842,2580,4
1842,1465,2
1842,2331,4
1842,117,3
1842,1653,1
1842,778,4
1842,1411,2
1842,150,4
1842,2321,1
1842,2396,4
1842,151,4
1842,509,3
1842,2355,1
1842,1923,2
1842,1639,3
1842,2599,2
1842,1845,3
1842,1907,3
1842,1449,2
1842,1266,2
1842,101,3
1842,2761,2
1842,16,3
1842,1748,4
1842,156,1
1842,799,4
1842,1649,4
1842,1094,2
1842,535,1
1842,3000,3
1842,125,4
1842,41,3
1842,235,4
1842,2890,3
1842,43,4
1842,34,3
1842,32,2
1842,2289,3
1842,589,1
1842,47,1
1842,3163,2
1842,1520,3
1842,1354,2
1842,3499,4
1842,1584,4
1842,2291,1
1842,3476,4
1842,2542,1
1842,741,3
1842,994,4
1842,2908,1
1842,1694,2
1842,3246,1
1842,1,2
2176,910,2
1842,1358,3
1842,1673,2
1842,1456,2
1842,247,3
1842,837,4
1842,6,1
1842,2959,4
1842,1912,3
1842,3006,1
1842,2333,3
1842,2329,2
1842,608,4
1842,2762,1
1842,1041,3
1842,3114,4
1842,296,4
131,356,3
131,3911,4
131,910,1
1842,562,3
4543,1030,4
4543,3911,4
2980,260,2
2980,1244,4
2980,2762,4
2980,1927,2
2980,1262,3
2980,1221,2
2980,3468,4
2980,858,1
2980,2617,1
2980,3163,3
2980,3127,4
2627,2137,3
2627,2075,2
4950,272,1
3410,3794,2
4950,2137,4
4950,2730,1
3410,318,1
1421,2572,2
1051,103,3
1051,2148,4
6002,3147,3
3158,1590,1
3158,1303,2
692,3115,2
4042,610,3
1425,3741,2
1425,1517,4
1425,2142,2
1425,3250,1
1425,2643,1
1425,1556,2
1425,1590,4
1425,3705,1
1425,2411,3
1425,2642,4
1425,2524,3
1425,423,4
1425,3441,4
1425,2641,3
1425,1101,3
1425,2985,3
1425,2334,3
1425,2363,4
4042,3861,1
4042,170,2
1425,3754,3
4042,160,1
4042,546,3
4042,405,1
1425,3534,2
1425,3751,2
4042,1375,1
4042,3704,4
4042,2105,1
4042,1876,2
4042,2407,2
4042,2529,1
4042,1748,2
4042,2642,4
4042,435,1
4042,157,2
4042,2641,1
4042,3701,4
4042,3527,1
4042,2640,4
1395,3601,3
1395,3671,1
1958,3949,2
5557,1258,3
5557,1090,4
5557,3896,3
2106,1079,2
795,3897,4
1551,3911,3
239,1185,3
239,2324,3
239,3114,3
239,1077,1
239,720,3
239,595,2
239,2997,2
239,1198,2
239,910,2
239,2599,4
239,1148,1
239,1,4
239,2858,3
239,260,1
239,1213,2
239,1225,1
911,923,3
911,904,1
239,3261,4
239,357,1
1842,3593,3
1842,3908,4
4771,261,4
4771,2573,4
4771,766,4
1842,3826,1
1842,3895,4
1842,3325,3
1842,3825,3
4771,1678,3
1842,3754,2
4771,2725,4
4771,85,4
1842,3326,2
1842,3285,3
1842,3273,1
1842,3409,1
1842,3534,3
4771,1393,4
4771,2908,4
1842,3594,4
1842,3617,4
1842,3882,1
1842,3752,1
1842,3555,4
1842,3624,1
1842,3755,3
1842,3301,1
1842,3298,4
1842,3646,1
1842,3784,1
1842,3318,4
4771,1041,3
1842,3785,3
1842,3753,4
1842,3863,1
1842,3615,1
1842,3831,3
1842,3793,2
1842,3510,2
4771,2674,2
1842,3566,3
1842,3618,4
1842,3952,2
1842,3408,1
1842,3578,2
1842,3536,1
1842,3916,3
1842,3556,1
1842,3481,4
1842,3751,4
1842,3317,4
1842,3182,4
1842,157,3
1842,312,1
1842,2617,3
1842,3827,4
1842,1042,3
1842,3527,2
1842,2712,2
1842,3893,4
1842,3911,2
1842,3901,2
1842,457,2
1842,3098,3
1842,1222,1
1842,1206,2
1842,924,3
5689,2330,3
5689,1537,2
6002,1042,1
6002,3098,1
6002,272,3
6002,2268,2
6002,1946,2
6002,457,2
6002,1942,2
1142,3952,2
237,2150,1
237,1246,2
237,1288,1
237,1961,3
237,1466,2
237,3252,4
237,1584,2
1302,1644,3
1302,2338,4
1302,1422,3
1302,2126,3
1302,1892,2
4126,2406,4
4126,594,1
4126,3260,4
1302,1590,2
74,2583,2
74,123,1
74,3044,1
74,50,4
74,1066,1
74,593,4
74,3741,4
74,615,1
74,2858,2
74,858,1
74,1419,2
74,869,2
1302,1527,4
1302,2322,4
1302,196,4
1302,76,3
1302,185,2
1302,3697,1
1302,2916,4
1302,1580,1
1302,480,1
1302,741,3
1302,2428,3
1302,880,2
1302,2672,4
1302,442,1
1302,1676,2
1302,1603,1
1302,1779,2
1302,780,2
1302,2628,3
1302,1917,3
1302,316,1
1302,24,2
1302,1584,4
1302,1573,2
1302,2232,2
1302,1748,3
1302,1653,1
4802,1943,2
4802,1083,3
4802,1262,1
4802,1735,1
1029,2413,3
1029,3399,1
1029,2792,4
1029,1378,4
1029,2134,1
1029,3033,1
1029,2423,1
1029,2371,1
1029,2110,3
1029,2795,2
1029,2518,3
1029,2301,4
1029,2141,1
1029,3524,2
1029,2469,3
1029,3308,4
1029,2145,3
1029,1135,3
1029,2011,4
1029,2245,2
1029,3552,3
1029,2751,2
1029,2111,1
1029,2406,3
1029,2738,2
1029,2003,2
1029,3422,3
1029,1297,4
1029,3398,2
1029,2736,3
1029,3448,3
1029,2150,1
1029,2100,4
1029,3397,2
1029,2463,4
1029,2407,3
1029,3039,3
1029,3087,1
1029,1079,3
1029,2797,2
1029,2926,4
1029,3526,2
1029,2174,2
1029,2144,1
1029,3608,2
1029,1211,1
1029,1270,3
1029,2915,4
1029,2064,1
1029,1760,4
1029,1381,1
1029,829,1
1029,327,3
1029,2088,1
1029,3142,4
1029,1030,3
1029,2877,3
1029,1380,2
1029,2099,3
1029,2083,3
1029,1487,2
1029,2565,1
1029,107,1
1029,2746,4
1029,2941,2
1029,1416,1
1029,2081,1
1029,1031,2
1029,1032,4
1029,1029,1
1029,2087,1
1029,2657,1
1029,1022,3
1029,1088,4
1029,2857,3
1029,2102,2
1029,1081,4
1029,1951,1
1029,199,2
1029,2096,3
1029,1087,4
1029,3549,1
1029,595,4
1029,1066,1
1029,608,4
1029,3246,3
1029,923,1
1029,246,3
1029,2718,2
1029,3831,2
1029,3481,2
1029,3859,2
1029,3897,2
1029,1289,3
1029,3598,1
1088,1283,1
2105,3623,4
2105,3175,2
4680,3893,1
1546,3827,4
2376,3299,2
838,2585,3
1794,3578,1
496,533,3
496,260,3
496,3861,1
496,733,1
496,648,4
496,1242,3
496,457,4
496,3510,2
496,1196,4
496,1968,2
496,110,4
496,541,4
496,3155,1
496,2717,3
496,3948,2
2176,2730,1
1165,2335,3
2272,621,2
2272,3579,3
2272,3240,4
2188,3325,4
3378,310,4
3378,1222,3
4624,1242,2
2809,2643,4
2809,2412,2
2809,2411,3
2809,2410,2
2809,435,4
2809,836,1
2809,2409,2
2809,587,2
2809,3358,4
2809,3911,3
2809,1954,2
2809,910,3
2809,3471,2
2809,371,1
2809,140,2
2809,1396,2
2809,3526,3
2809,3868,1
2809,2000,4
2809,858,1
2809,357,1
2809,2470,1
2809,608,3
2809,2243,1
2809,1517,1
2809,50,4
2809,1617,4
2809,951,2
201,1103,1
5413,678,1
1088,1342,3
1088,606,4
1579,3671,2
1579,639,2
1088,2089,3
1088,2231,4
1088,938,1
1265,2607,4
2106,2607,2
173,1233,3
173,1900,1
173,3089,4
173,2864,4
173,1933,1
173,2512,2
173,3468,2
173,1300,1
173,3742,2
173,3655,3
173,3467,3
173,2554,2
173,854,3
173,2645,1
173,1178,4
173,2019,1
173,670,3
173,3930,1
173,2774,1
173,1296,1
173,3097,4
173,2973,1
173,909,4
173,2630,3
173,3756,2
173,2348,2
424,3498,1
424,1961,3
424,3516,2
424,3018,2
424,1086,3
424,3359,1
424,1265,3
424,3361,2
424,1704,2
4600,2391,3
4600,260,1
4600,923,4
4600,2597,2
3792,2683,4
3792,150,1
3792,3173,2
4042,750,2
4950,2617,2
4950,2268,1
1794,1921,4
1794,2771,3
1794,2269,4
1794,1483,2
1794,2688,2
1794,191,3
1794,1027,3
1794,2702,4
1794,3518,2
1794,1836,1
1794,2433,1
1794,1611,2
1794,2271,4
1794,1840,3
1794,1476,3
1794,1701,2
1794,372,3
1794,2541,2
1794,1727,2
1794,2590,3
1794,805,1
1794,225,1
1794,832,3
1794,2447,4
1794,45,4
1794,299,4
1794,2712,2
1794,3148,2
1794,36,2
1794,2625,3
1794,193,3
1794,1183,4
1794,1735,1
1794,838,4
1794,3895,3
1794,3798,1
1794,1721,2
195,1232,4
911,2997,1
4448,2178,1
4448,2078,1
4647,3949,3
3410,3300,2
3178,1101,1
3178,1370,4
3178,3256,2
3178,2406,3
3178,349,1
3178,3404,2
3178,2366,1
3178,110,2
3178,2947,4
3178,1408,2
3178,2028,1
3178,1036,2
3178,1233,4
3178,1242,3
3178,2193,4
3178,1967,4
3178,2797,1
3178,1517,4
3178,1285,4
3178,2174,4
3178,235,3
3178,2918,1
3178,1080,1
3178,1307,3
3178,34,1
3178,1256,4
3178,2863,1
3178,3745,1
3178,581,1
169,3949,1
3158,640,4
3158,2143,3
3158,3261,4
3158,1278,4
3158,2628,3
3158,1617,4
3158,2761,1
583,2412,3
583,2122,4
583,2643,4
583,2119,2
583,435,4
583,2411,3
583,2410,1
583,2259,1
583,2642,2
583,2409,2
583,312,2
583,186,1
583,353,2
583,2641,3
583,2245,3
583,587,1
583,1958,1
583,708,4
583,2640,4
583,3527,4
583,1954,1
583,910,4
583,2617,4
583,3534,1
583,3684,1
583,218,2
583,2908,2
583,3186,3
149,1055,1
149,1845,1
149,100,2
149,3728,1
149,3476,2
149,1101,4
149,2115,2
149,3639,2
149,2990,2
149,2991,3
149,3404,3
149,112,3
149,2527,1
149,3178,1
149,2993,1
149,1916,3
149,1242,2
149,1218,2
149,2019,1
149,998,4
149,3865,1
149,391,1
228,3952,2
4508,1753,2
4508,325,2
4508,2471,4
4508,3596,1
4508,2374,2
4508,3821,1
4508,2574,3
4508,585,4
4508,2082,4
4508,500,3
4508,1135,2
4508,2044,3
4508,1569,2
4508,2325,3
4508,3794,4
4508,144,1
4508,2738,4
4508,663,1
4508,2618,4
4508,514,1
4508,1777,1
4508,2736,3
4508,2463,4
4508,2926,4
4508,3948,3
4508,441,3
4508,104,2
4508,1948,3
4508,497,1
4508,2750,4
4508,2081,1
4508,1449,1
4508,390,1
4508,1079,4
4508,2482,2
4508,1988,4
4508,1987,2
4508,3696,2
4508,735,2
4508,3943,3
3519,3915,4
1988,944,1
3158,1860,2
1837,3949,2
1837,3950,1
3158,3949,2
3821,2964,4
1597,2987,2
587,1704,2
587,3363,1
587,3897,4
587,3037,1
151,3006,2
151,36,2
151,919,4
151,1193,2
151,912,1
151,1251,3
151,1221,4
151,3089,4
151,1233,2
151,1104,4
151,1300,1
151,318,4
151,1276,1
151,1225,2
151,858,4
151,2193,3
151,2161,4
151,1967,4
151,1073,1
151,2872,3
151,1297,1
151,737,3
151,2091,4
151,2054,4
151,674,3
151,2528,3
151,3638,2
151,3033,4
151,968,2
151,3032,3
151,2009,4
151,2529,1
151,3701,1
151,2527,1
151,1206,1
151,3702,1
151,3471,1
151,924,3
151,1214,1
151,260,3
151,750,1
151,3826,4
151,3861,2
151,3324,3
151,3749,4
151,2518,4
151,1614,3
151,1904,1
151,1485,1
151,2567,3
151,1612,1
151,663,1
151,785,3
151,2109,1
151,2001,3
151,2371,1
151,1648,4
151,2657,3
151,2301,1
151,144,4
151,3712,1
151,1896,1
151,180,4
151,728,1
151,141,3
151,72,4
151,2747,3
151,2736,4
151,2150,3
151,3552,4
151,3812,1
151,1081,3
151,1747,1
151,3448,3
151,562,4
151,2463,3
151,345,1
151,2247,1
151,3809,3
151,574,2
151,1220,4
151,1236,4
151,551,1
151,1663,3
151,2302,1
151,2797,1
151,3526,4
151,2000,4
151,3039,4
151,2174,4
151,2144,2
151,1257,3
151,2596,1
151,3210,4
151,1243,2
151,1517,4
151,1968,3
151,2915,1
151,1202,2
151,1285,3
151,3836,1
151,1288,2
151,2918,1
151,1259,2
151,3072,4
151,2352,3
151,1079,4
151,1304,4
151,3361,2
151,3421,2
151,1172,1
151,3083,4
151,1136,4
151,1235,4
151,1394,2
151,1230,1
151,1148,3
151,2804,3
151,427,3
151,1556,3
151,1381,2
151,2950,3
151,3616,4
151,237,1
151,2405,3
151,2802,4
151,2942,4
151,2581,2
151,2146,3
151,1888,4
151,852,3
151,1088,4
151,3524,3
151,2506,3
151,2262,2
151,2805,3
151,1286,2
151,2369,4
151,2340,4
151,1380,1
151,1101,2
151,2145,2
151,3479,3
151,987,4
151,1290,4
151,2406,3
151,3699,4
151,2100,3
151,1211,4
151,1216,1
151,215,1
151,1674,1
151,2020,1
151,3668,1
151,2969,4
151,2248,4
151,1307,4
151,920,4
151,1197,4
151,1573,2
151,3155,4
1752,549,4
1752,2110,4
1752,2361,1
4682,1784,3
4834,3886,1
5126,3408,3
5126,3535,1
846,2318,2
1088,1735,3
1088,3130,2
4682,11,1
4682,2280,2
752,953,1
752,1282,2
3125,494,1
3125,648,4
3125,1801,2
3125,266,4
3125,2881,1
3125,1608,3
3125,216,1
3125,2340,4
3125,5,4
3125,225,3
3125,3259,1
3125,802,4
3125,2094,1
3125,2431,3
3158,324,4
3125,1416,4
3125,2424,2
3125,2124,2
3125,2393,4
3125,1372,1
3125,3082,2
3158,193,2
3125,370,3
3158,2720,3
3158,3484,3
3125,62,2
3125,141,4
3125,500,1
3125,95,1
3125,1693,2
3158,3156,4
3125,780,4
3125,1586,3
3125,1909,3
3125,3256,2
3125,2353,1
3125,852,4
3125,586,3
3125,1356,1
3125,1370,3
3125,1569,4
3125,1573,1
3158,2478,4
3125,520,2
3158,2709,3
3158,2735,1
3125,361,1
3125,144,1
3158,1884,3
3125,224,2
3125,1092,4
3125,410,1
3158,166,1
3125,165,4
3125,2012,1
3125,708,1
3125,1777,2
3125,1722,3
3158,1894,3
3158,3483,1
3125,1517,1
3158,2316,1
3125,647,1
3125,597,3
3125,3247,4
3125,10,4
3125,1729,3
3125,1834,4
3158,3113,2
3158,3238,4
3125,2006,2
752,1099,2
3125,272,4
3125,2567,4
3158,1911,4
3125,1407,1
3125,2427,3
3158,3053,3
752,3462,3
3158,2424,4
3158,2033,1
3125,1271,1
3125,1672,1
3125,342,3
3158,1173,1
3125,2916,4
3125,3108,2
3158,3186,3
3125,588,3
3158,2431,3
3125,21,3
3125,475,1
3125,2359,3
3158,587,4
3158,671,3
3125,2321,4
3158,653,4
3125,805,1
3125,11,3
3158,784,3
3125,480,4
3125,377,2
3158,1377,2
3125,1610,2
3125,1060,3
3125,474,4
3125,32,4
3125,1408,3
3125,1682,4
3125,1784,2
752,1684,2
3125,3147,2
3125,1500,2
3125,838,3
752,272,2
3125,508,3
3125,3255,1
3125,364,1
752,3320,1
3125,1639,1
3125,515,2
3125,150,1
3125,457,4
3125,2890,4
3125,1393,1
3125,357,3
3125,1923,3
3125,367,2
3125,1584,2
3125,2289,2
3125,2501,2
3125,1183,4
3125,3386,2
3125,1704,3
3125,1721,3
3125,3418,2
3125,1089,4
3125,1213,2
3125,1179,2
3158,282,4
3158,1658,3
3158,851,4
3125,1265,3
3125,593,1
3158,1275,4
3158,3615,1
3158,2826,4
3158,1092,3
3158,1597,1
3158,2337,2
3158,2539,4
3125,2167,2
3158,2723,3
3158,3107,3
3158,2712,3
3125,1676,3
3158,2111,3
3158,661,1
3158,799,2
3158,3785,1
3158,1425,3
840,3911,4
3158,1171,3
3158,3863,4
3158,62,3
840,1358,2
3158,2683,3
840,593,2
3158,2108,3
3158,3704,1
3158,2273,2
3158,180,2
3158,2700,1
3158,1190,3
840,3104,1
840,1213,4
840,296,1
840,1089,2
840,608,3
3158,1713,1
3158,2640,4
3158,2115,3
3158,364,1
3158,3174,1
3158,2502,4
3158,475,2
3158,1921,2
3158,1711,1
3158,1573,3
3158,592,3
3158,3868,1
3158,508,1
3158,3386,2
3158,2384,1
3158,249,3
3158,2693,3
3158,2020,3
3158,1747,2
3158,1797,4
3158,345,4
3158,551,4
3158,2395,4
3158,293,2
3158,3740,2
3158,1682,4
3158,1554,2
3158,1246,1
3158,1343,4
3158,184,1
3158,3148,3
3158,3608,1
3158,1282,1
3158,1961,4
3158,3108,4
3158,1639,3
3158,2716,1
3158,356,4
3158,1954,1
3158,2918,2
3158,1635,2
3158,150,1
3158,1641,2
3158,1060,1
3158,2174,2
3158,3317,1
3158,1209,1
3158,2359,2
3158,3361,2
3158,3105,3
3158,1291,1
3158,2467,1
3158,595,3
3158,2324,2
3158,2396,2
3158,1270,3
3158,2959,1
3158,2075,4
3158,2336,1
3158,110,4
224,1885,4
224,3536,1
3158,1079,3
224,3671,3
224,1916,4
3158,2908,3
3158,34,3
224,3481,4
224,2243,2
224,1080,3
224,3466,2
224,1243,4
224,3421,4
224,910,1
224,916,3
3158,1198,3
224,1394,4
224,1148,3
3158,1262,3
3158,2916,3
3158,720,2
3158,1298,2
3158,2890,4
3158,2617,1
3158,3114,2
3158,3081,1
3158,3000,2
3158,2161,1
3158,1197,3
3158,2542,4
3158,1037,1
3158,3147,3
3158,3826,1
3158,2599,2
3158,3429,3
3158,1339,3
3158,1250,3
3158,2296,4
131,2571,2
131,1205,3
3620,3901,3
5675,2998,2
192,2918,4
192,1185,4
1556,1250,2
5304,3578,4
3833,2640,2
1422,3897,1
623,1272,3
623,3950,2
3590,1653,1
3590,353,1
3590,2841,3
3590,2208,2
3590,1921,2
3590,1218,4
3590,1212,1
5412,1204,1
1266,3943,3
1266,3827,3
1266,1365,4
5054,928,1
5054,3341,1
5054,1230,3
5054,1178,3
5054,919,3
5054,2351,2
5054,3736,2
5054,3795,1
5054,3510,2
5054,3948,3
5054,2122,3
5054,550,3
5054,2245,4
5054,1958,2
5054,3471,3
2895,3556,3
3400,3468,3
3824,1681,1
3824,2153,4
3824,1499,3
3824,1562,3
3824,15,2
3824,44,1
3824,761,4
3824,3705,1
3824,2822,1
3824,1359,3
3824,2051,3
3824,153,2
3824,2367,4
3824,1011,1
3824,434,4
3824,208,1
3824,1894,2
3824,462,4
3824,552,4
3824,1606,3
3824,2723,3
3824,10,1
3824,736,4
3824,2880,3
3824,1049,4
3824,2006,4
2451,3317,4
2451,3745,2
2451,1721,1
1748,339,1
1748,1371,2
1748,3849,4
1748,596,3
1748,3658,2
1748,2782,2
1748,1125,4
1748,982,1
1748,3198,2
1748,2375,3
1748,3152,3
1748,3201,2
1748,1401,1
1748,3417,2
1748,2475,2
3613,3735,4
3613,1221,3
3613,1234,4
3613,2561,1
3613,707,2
3613,81,2
3613,3272,2
3613,3178,1
3613,1061,4
3613,999,3
3613,1918,2
3613,1799,4
3613,1805,4
3613,2268,3
3613,1645,1
3613,2194,4
3613,1466,1
3613,555,1
3613,2000,4
3613,47,1
3613,1500,2
3613,1912,1
3613,2580,4
3613,1953,4
3613,3741,4
3613,3362,2
3613,1213,3
3613,1227,4
3613,1617,3
3613,296,2
3613,1089,4
3613,858,3
3613,50,2
5493,3150,2
1712,1388,3
1712,157,2
1712,2259,3
1712,635,3
1712,550,3
1712,3740,3
1712,2640,2
1712,3527,3
1712,3701,3
1712,647,2
1712,2268,4
1712,3901,4
453,2731,4
149,708,2
149,2245,4
149,3358,1
149,2640,4
2122,1394,2
2122,949,3
2122,1262,3
2122,1231,1
2122,111,1
2122,3006,1
2122,923,3
1969,3948,1
1088,223,3
1088,1680,4
1776,3515,1
3824,2204,1
3824,2661,1
3824,596,1
3824,3088,4
3824,1022,3
3824,1287,4
3824,953,3
3824,1226,2
3824,1673,1
3824,1955,4
3824,2565,1
3824,1946,1
3824,1966,1
3824,949,1
3824,978,4
3824,1945,2
3824,3089,3
3824,1247,4
3824,3095,2
3824,2858,2
5675,3623,3
2611,3745,1
2611,3176,2
2611,2702,1
2611,2907,2
2611,2762,3
2611,3273,4
2611,3081,1
2611,3483,1
2611,2502,4
2611,3219,1
2611,3623,2
2611,2709,1
2611,913,4
2611,3752,2
2611,3174,2
2611,2622,3
2611,407,2
2611,2688,4
2611,3578,4
2611,2959,2
2611,3159,1
2611,2861,2
2611,2605,2
2611,2712,4
2611,2772,2
2611,1911,1
2611,1093,1
2611,2722,1
2611,2369,4
2611,3298,4
2611,2770,3
2611,3005,3
2611,2976,3
2611,2771,2
2611,2694,1
2611,2710,1
2611,2699,2
2611,2683,3
2611,839,1
2611,2122,1
2611,1388,1
2611,2411,2
2611,2642,1
2611,2412,3
2611,2643,3
2611,2410,2
2611,435,1
2611,2409,4
2611,353,2
2611,2617,2
2611,2641,4
2611,3740,1
2611,587,3
2611,2640,2
2611,1954,2
2611,647,3
2611,1958,3
3518,170,2
3518,1895,3
3518,1449,4
192,3457,3
3518,3512,2
3518,3915,2
3821,1350,4
405,1695,1
405,154,1
405,82,1
3182,2412,2
3182,2643,3
3182,2642,2
3182,157,1
3182,587,1
3182,3911,4
3182,3916,2
3182,3949,4
5675,3354,4
4258,3751,2
4258,3861,1
5520,1459,1
5520,1500,2
5520,3408,1
5543,2062,1
1579,3861,1
3410,1643,1
3410,1699,1
4517,2000,1
4517,953,2
4517,596,2
4517,223,4
4517,2087,4
1165,3827,4
4517,1333,4
4517,3147,1
4517,1584,2
4517,2085,3
4517,1282,4
4517,110,4
4517,1099,4
4517,1945,1
4517,1961,1
4517,899,1
4517,36,1
4517,1219,3
4517,928,3
4517,919,1
4517,923,2
4517,50,4
2063,3898,3
3590,3783,4
3590,3901,3
5621,160,1
3425,3182,3
3425,3566,2
3425,3098,4
3562,3597,1
4126,2407,2
5493,3911,3
5493,3893,4
4277,3301,1
4277,3852,1
4277,3795,2
237,3148,4
1733,2726,3
3940,3911,1
2507,2406,1
2507,1912,1
2507,1287,1
2507,1264,3
2415,3897,2
2415,3827,4
1352,3504,1
4384,3863,3
4384,3173,1
3018,3897,4
3018,3536,4
3018,3916,1
3018,3827,3
3018,3784,4
1203,1276,1
1203,2793,3
1203,1321,3
1203,1388,2
1203,186,4
1203,2409,1
1203,353,3
1203,2617,4
1203,550,2
1203,587,4
1203,1958,3
1203,708,1
1203,2245,3
1203,647,2
1203,1954,2
2583,3578,4
1015,2594,2
1015,2624,1
1015,1995,2
1015,3918,1
1015,2097,3
1015,3660,2
1352,2959,2
1352,2028,1
2868,3565,3
2868,2987,2
2868,3114,4
2868,2763,3
2868,2907,2
2868,3176,1
2868,3081,1
2868,2396,3
2868,3483,1
2868,43,4
2868,2906,3
2868,2598,3
2868,2502,4
2868,3753,3
2868,2734,3
2868,2581,3
2868,3623,3
2868,913,3
2868,2761,1
2868,2716,2
2868,3578,3
2868,2336,2
2868,2605,1
2868,1093,2
2868,2369,3
2868,2147,1
2868,223,4
2868,2355,1
2868,3285,3
2868,2694,3
2868,2710,1
2868,2997,2
2868,2188,4
2868,2701,4
1352,2019,3
1352,1288,4
3509,180,4
1352,1921,3
1352,3896,1
5470,3510,2
5470,3185,1
5470,3751,4
5470,3408,3
5470,3578,1
4126,1920,1
4126,1377,1
3768,2447,3
5956,1735,2
3547,3783,2
3547,3798,3
626,2905,4
4591,3949,3
192,3911,3
3509,50,1
2070,1204,3
1421,1641,3
1352,896,1
1352,541,2
1352,3578,4
1218,2340,2
4448,3032,1
4448,3950,3
4448,2769,1
1579,1029,2
1579,2398,1
1579,1016,4
1579,1032,2
1579,1203,4
1579,2096,1
1579,1025,1
1579,2136,4
1579,2015,1
1579,2993,2
1579,1344,4
1579,3296,2
1579,1947,4
1579,2085,1
1579,1023,3
1579,1035,4
1866,3535,3
1780,2139,2
1088,1304,1
5118,3745,4
5118,3751,1
4834,3316,1
4834,3855,2
4834,3948,3
4834,3481,3
195,3946,3
1551,3551,3
1611,34,2
1611,2384,4
3203,3098,1
1982,3897,3
4682,3754,4
4682,3911,4
4682,3949,3
5367,1939,3
584,3952,1
584,1393,2
584,475,4
584,590,4
584,1041,1
584,608,1
584,1721,2
584,36,2
584,110,3
584,150,1
584,2858,1
584,296,1
584,2357,1
584,3578,4
584,3948,3
2106,1199,4
2106,2333,4
2106,3863,1
2106,3784,1
2106,3483,1
937,919,3
937,2324,4
937,926,2
937,2761,2
937,296,4
937,34,4
937,2762,3
937,608,4
937,527,1
937,1213,3
937,1927,1
937,50,1
937,3429,3
937,593,3
937,1207,3
937,3114,3
937,720,4
937,1252,1
937,1617,1
937,1225,1
937,3742,4
937,1148,4
937,2804,3
937,1255,1
937,466,1
2489,2445,3
934,429,2
934,922,4
934,182,4
934,2421,1
934,2410,4
934,2409,2
3013,1353,1
934,24,4
934,113,2
934,1515,1
934,3502,2
934,282,1
934,270,4
934,1876,2
934,361,2
934,1003,4
934,802,1
934,1693,2
934,1012,1
934,3952,3
934,1082,4
934,993,3
934,3512,2
934,902,4
934,1954,4
934,272,3
934,1955,1
934,17,4
934,3363,1
934,3471,2
934,3089,1
934,3359,2
934,908,3
5277,1148,2
934,1247,4
934,923,3
934,919,1
5276,1148,3
934,912,1
934,1207,3
934,463,3
934,2956,1
934,707,3
934,2391,3
934,1234,2
934,910,4
934,50,4
934,3388,3
934,3392,3
934,2088,2
934,2375,4
934,3394,4
934,3395,1
934,3525,3
934,2418,3
934,2405,3
934,1091,2
934,2072,3
934,2478,3
934,3497,4
934,2054,1
934,2141,4
934,2470,1
934,3501,2
934,2469,3
934,3524,4
934,2044,1
934,2746,1
934,2133,1
934,2110,1
934,2371,1
934,2150,1
934,2423,1
934,2011,4
934,1135,1
934,2406,4
934,1297,1
934,2736,3
934,2795,1
934,2463,2
934,2100,4
934,2144,3
934,2407,2
934,2797,2
934,3039,3
934,1257,2
934,2352,4
934,3072,2
934,2081,1
934,1079,3
934,2918,4
934,2716,1
934,2791,2
934,3361,3
934,1197,1
934,1307,3
934,1270,4
934,1394,4
1088,1290,2
1088,3911,2
1980,2648,4
3420,18,4
2684,1653,2
2684,1357,1
2684,475,1
2684,1466,3
2684,1673,4
2684,314,2
2684,1885,3
2684,235,3
2684,1060,1
2684,1120,4
2684,1633,1
2684,32,2
2684,337,3
2684,3260,2
2684,1704,2
2684,345,3
2684,1354,3
2684,1719,4
2684,1358,4
2684,1397,2
2684,994,1
2684,2357,3
2684,2966,4
2684,1734,2
2684,1280,3
2684,36,1
2684,2289,4
2684,3083,3
2684,1041,1
2684,608,1
2684,778,1
2684,1213,3
2684,593,4
2684,318,2
2684,296,1
1748,1353,2
1733,3569,4
1733,661,1
2636,2268,2
4517,3893,4
4517,3484,2
4517,3753,4
4517,3457,4
3562,3897,3
3462,3798,3
3462,3246,2
3462,1037,4
3462,21,1
3462,3812,4
4448,3791,3
3462,1701,3
3462,36,2
4448,2145,2
3462,2683,4
4448,1135,2
3462,2871,4
4448,2349,4
3462,541,1
4448,1238,3
4448,2333,1
4384,2232,2
239,2628,3
239,3578,1
3685,2412,1
3685,2411,1
3685,435,1
3685,2410,1
3685,353,3
3685,3911,3
1120,3163,3
1120,3421,3
3420,3176,3
3420,662,2
3420,1092,4
3420,3546,2
3420,2212,3
3420,1683,2
3420,1344,1
3420,474,3
3420,2871,4
3420,2762,3
3420,903,2
3420,904,4
2489,2424,3
2489,2858,3
2489,3798,1
2489,2620,3
2489,1624,3
2489,2006,2
1551,3943,2
993,3761,4
1733,3030,2
1671,1516,4
5956,2908,2
1352,1233,1
1421,1711,3
934,2950,1
934,2411,3
934,2415,4
934,2400,3
934,2453,4
934,3714,3
934,2374,2
934,3791,2
934,1959,4
934,2145,2
934,2420,2
934,3684,4
934,2734,3
934,3214,1
934,1124,2
934,2001,1
934,1958,2
934,2245,4
934,3109,2
934,1286,3
934,3699,1
934,3591,3
934,3448,1
934,1956,4
934,2926,4
934,1302,1
934,3098,3
934,2065,2
934,2243,1
934,1957,3
934,3360,1
934,2313,2
934,2745,2
934,2194,2
934,2000,1
934,3111,3
934,1968,4
934,592,1
934,1293,3
934,3347,1
934,1097,1
934,2248,1
934,1259,4
934,1960,4
934,1242,3
934,1231,1
934,2804,2
934,1196,2
934,1556,3
934,1499,3
934,160,1
934,3705,2
934,1831,4
934,2616,4
934,95,4
934,1100,4
934,71,3
934,208,3
934,1687,3
934,736,3
934,376,1
934,1438,2
934,1792,4
934,434,4
934,2826,3
934,2094,2
934,798,4
934,1385,3
934,1544,2
934,786,4
934,648,3
934,2881,1
934,3274,4
934,1597,3
934,780,4
934,1518,2
934,1616,1
934,1608,4
934,89,4
934,1049,4
934,748,3
934,2763,3
934,349,2
934,2628,2
934,3256,3
934,1408,1
934,2353,4
934,1676,3
934,474,2
934,480,4
934,377,1
934,1912,2
934,2571,2
934,589,4
934,1610,4
934,457,3
195,3720,4
5096,1645,1
5096,648,4
5096,1459,1
195,2769,1
5096,1805,4
5096,1711,1
5096,1732,4
5096,3044,3
5096,1625,2
5096,800,1
5096,3300,2
5096,3354,1
5096,3481,2
5675,1213,1
5675,3114,3
5675,1348,3
5675,3742,3
5675,2010,2
1369,904,2
1369,903,4
1369,1212,2
1369,950,4
1369,1271,1
1369,2628,4
1369,671,4
1369,1702,2
1369,673,2
1369,2021,1
1369,317,3
1369,2,1
1369,2093,1
1369,2797,3
1369,2087,3
1369,2000,3
1369,2542,4
1369,117,2
1369,541,3
453,3911,4
3821,32,2
4448,300,2
4448,3250,1
4448,299,1
4448,314,1
4448,3181,1
4448,2501,4
4448,232,3
4448,2329,2
4448,150,3
4448,714,3
2015,3948,4
2015,223,1
2451,3897,2
1551,1221,1
1597,2384,3
1597,3911,4
4084,3903,4
4084,3911,3
4084,3852,4
4084,3949,2
5675,2912,2
5675,2997,3
1748,3952,1
1125,2835,1
1125,3893,4
85,3317,4
85,3949,4
85,2908,1
85,3005,3
85,2710,2
85,2699,2
85,2683,1
85,2188,4
85,2706,2
1733,63,3
1733,1217,2
1605,3848,4
3410,2626,1
1605,3773,2
1605,419,2
1605,256,2
1605,600,4
1605,3841,1
1605,2786,3
1605,200,1
1605,2471,2
1605,240,3
1605,3394,4
1605,1665,3
1605,303,2
1605,638,2
1605,499,1
1605,2416,3
1605,3258,4
1605,2752,3
1605,3249,3
1605,1587,4
1605,1753,1
1605,2263,3
1605,3791,3
1605,289,2
1605,2026,1
1605,2424,2
1605,2532,4
1605,2805,3
1605,1064,2
1605,1268,4
1605,1888,2
1605,3686,2
1605,13,1
1605,187,3
1605,1226,1
1605,408,3
1605,3614,2
1605,3087,1
1605,587,2
1605,2003,1
1605,3255,2
1605,2848,1
1605,3461,4
1605,1945,1
1605,1265,3
1605,2101,1
1605,3743,2
1605,3163,3
1605,3515,2
149,3949,4
1421,1231,4
1243,3320,4
1243,3578,2
1243,2259,4
1243,2617,3
1243,708,2
1243,587,2
1243,1958,4
1243,733,2
1243,3358,4
1243,2268,1
1243,3911,2
1243,3067,3
1243,1287,1
528,3793,4
2859,1617,1
624,2959,4
4607,3798,4
4607,2987,4
4607,2701,1
4607,2763,2
4607,3745,3
4607,2337,4
1422,3317,1
4607,2961,4
4607,2841,2
4607,3157,2
4607,2395,1
4607,2396,1
4607,3273,2
4607,1513,3
4607,43,2
4607,299,2
4607,2013,1
4607,2598,2
4607,2394,1
4607,2502,1
4607,3219,1
4607,2490,1
4607,2734,1
4607,2723,3
4607,3354,1
4607,2709,2
4607,2310,1
4607,3752,3
4607,3160,1
4607,3826,2
4607,3717,3
4607,2716,3
4607,2688,4
4607,3175,2
4607,3408,4
4607,233,4
4607,2605,3
4607,2712,3
4607,1093,2
4607,3543,4
4607,3952,3
4607,2722,4
4607,2433,2
4607,2770,4
4607,2355,3
4607,2842,3
4607,2699,4
4607,2683,2
4607,2827,2
1211,2529,3
1211,2662,2
1211,2009,4
1211,1356,4
1211,2093,2
1211,1527,2
1211,674,4
1211,1584,1
1211,1200,1
1211,1965,4
1211,3702,4
1211,2117,4
1211,3471,4
1211,1270,3
1211,1253,4
1211,2010,3
1211,3317,3
1211,3735,2
1211,3943,3
1088,1945,2
1088,2706,1
752,1554,1
752,1514,2
2427,1968,1
2427,3915,1
2427,3916,2
2395,3617,2
2395,2542,2
1260,288,4
1260,105,3
5276,2081,1
5276,2248,2
5276,1580,2
5276,1641,4
1260,597,4
1260,3620,3
1260,3081,4
5276,2355,4
1260,282,3
1260,2539,4
5276,2506,3
1260,1061,2
1260,587,4
5276,1517,1
5276,1474,1
5276,380,2
5276,2331,1
5276,2706,3
5276,34,2
1260,2273,2
1260,3107,1
5276,1784,3
5276,562,3
5276,2599,2
5276,1923,2
5276,2396,1
1260,3082,3
1260,253,4
1260,1552,1
1260,454,1
1260,268,4
1260,3020,2
5276,1248,4
1260,802,4
5276,186,3
1260,1476,4
5276,2762,2
5276,1648,1
1260,2490,1
1260,1043,4
1260,2447,4
1260,356,3
1260,417,1
1260,832,2
5276,3658,2
1260,69,4
1260,1889,3
1260,272,4
5276,1665,3
1260,1735,2
1260,2108,1
5276,17,4
1260,2291,2
5276,1900,1
1260,1923,1
1260,3148,4
1260,1810,4
5276,1213,4
5276,527,3
1260,1407,1
1260,1784,2
1260,2025,1
1260,151,2
1260,384,4
1260,428,3
1260,1465,4
1260,1404,2
1260,440,2
1260,1339,2
1260,11,1
1260,357,3
1260,39,3
1260,1721,1
1260,1393,1
1260,194,3
1260,2580,4
1260,1245,2
1260,1517,4
1260,1265,4
1260,300,2
1260,994,3
1260,3105,3
1260,778,3
1260,14,3
1260,1633,1
1260,1120,3
1260,529,3
1260,3117,4
1260,337,3
1260,1631,3
1260,509,3
1260,223,3
1260,1641,4
1260,412,3
1260,2959,2
1260,2769,4
1260,3796,4
1260,3949,1
4126,3916,3
1861,2052,4
1861,2002,4
1861,3174,1
1861,2015,2
1861,539,1
1861,1777,4
1861,3507,3
1861,1028,3
1861,2124,3
1861,1948,2
1861,898,4
1861,2302,2
1861,1226,2
1861,2716,1
1861,2395,3
1861,1269,2
1861,1394,2
1861,933,1
1861,1079,2
1861,1304,1
1861,916,2
1861,2300,1
1861,947,2
1861,1276,4
237,360,1
237,12,3
237,65,3
237,1503,4
237,276,3
1861,3897,4
237,3146,4
237,1431,4
237,135,2
237,2907,1
237,1713,4
1861,3717,3
237,236,4
237,743,2
237,3243,3
237,5,4
237,1588,4
237,466,1
1861,3566,3
237,2170,3
237,3263,4
237,88,4
237,435,4
237,2724,3
237,339,3
237,2424,3
237,250,3
237,3809,1
237,1405,2
237,468,2
237,3247,2
237,2683,1
237,3261,1
1861,1388,2
237,1642,3
237,1476,2
237,586,3
1861,435,1
1861,3827,3
237,2706,2
237,1042,3
237,3253,4
237,1641,3
1861,3893,2
1861,2245,3
237,1517,1
1861,3701,3
1861,1085,3
237,69,4
237,1188,2
1861,3911,4
1861,3916,4
1861,1299,1
1861,910,1
1861,1287,3
237,3326,3
237,3744,4
1165,2011,4
1165,2012,3
3203,2617,4
3203,708,3
3203,1958,3
3203,733,3
3203,1299,3
3203,3785,4
3203,3860,1
2907,904,3
2907,3286,4
2907,2803,3
2907,240,2
1979,3316,4
1979,3354,4
1979,3276,1
1979,3534,2
1979,3623,2
1979,3189,2
1979,3793,4
1979,3578,2
1979,3510,2
3454,3051,2
5675,3728,4
5675,2259,4
5675,836,4
5675,1173,1
624,3916,2
5675,3098,1
5675,1287,4
3562,3952,4
2986,909,1
2986,1257,1
2895,3911,3
2986,3825,2
2986,3115,3
2986,2829,4
2986,3179,2
2986,229,3
2986,2442,4
2986,3147,3
2986,1651,3
2986,247,4
2986,2702,1
2986,1759,1
2986,1666,1
2986,2443,2
2986,2836,3
2986,2894,4
1733,2119,4
1733,186,2
1733,327,3
1733,157,3
1733,435,1
1733,312,1
1733,550,2
1733,1173,2
1733,3740,3
1733,1635,1
4802,3148,2
4802,3317,3
242,3481,2
462,84,1
2022,3827,4
2022,3317,1
2071,3949,1
151,45,1
151,101,3
151,441,3
151,1732,3
151,104,1
151,125,2
151,1923,2
151,52,1
151,2706,2
151,1060,2
151,2962,1
151,3052,2
151,2321,2
151,342,4
151,1539,3
151,3060,4
151,1641,3
151,322,2
151,1845,3
151,1500,3
151,156,4
151,2542,3
151,1537,3
151,1885,2
151,2324,2
151,1784,4
151,2599,1
151,2395,4
151,2359,1
151,1,2
151,34,1
151,3114,2
151,1552,2
151,1047,3
151,1586,3
151,2278,3
151,733,2
151,21,2
151,3418,3
151,1610,3
151,110,1
151,3275,3
237,3537,3
237,3564,1
237,3752,4
237,3852,2
237,3361,4
237,2791,4
237,317,4
237,367,4
237,553,1
237,368,2
237,1257,2
237,2801,2
237,1049,2
237,1792,4
237,2411,4
237,3441,4
237,1665,1
237,2890,1
237,593,4
355,3752,2
355,2533,3
355,2529,3
355,2530,1
355,1320,1
1425,3156,1
1425,3911,4
3203,3556,2
5956,319,2
1930,3160,3
1930,3324,4
1930,2539,1
1930,3510,1
1930,3852,4
1930,2294,4
1930,1916,4
1930,3787,2
4126,3249,3
678,502,2
678,3759,1
678,1014,4
678,3399,2
678,1021,2
678,2042,3
678,1967,1
678,2080,1
678,1025,1
5543,3483,4
2272,3950,3
2272,3893,3
4005,3827,2
4005,1892,2
4005,305,2
4005,3915,4
4005,3857,1
4005,2336,1
5605,2996,3
5605,3160,3
5812,1975,4
5812,1976,4
5812,1974,2
5812,663,4
5812,1490,1
5812,3268,2
5812,606,2
5812,437,3
5812,3877,1
5812,3690,2
5812,3689,3
5812,241,4
5812,2373,2
5812,2314,3
5812,2422,4
5812,829,1
5812,2379,3
5812,747,3
5812,1983,2
5812,19,2
5812,1986,3
5812,2459,3
5812,2536,2
5812,1128,1
5812,2253,4
5812,3063,3
5812,64,2
5812,2902,2
5812,1391,4
5812,489,1
5812,3388,2
5812,186,2
5812,2735,1
5812,3243,3
5812,2269,2
5812,3258,3
5812,435,4
5812,784,4
5812,1600,4
5812,517,1
5812,2942,3
5812,2639,3
5812,2007,1
5812,2387,1
5812,3758,4
5812,3326,4
5812,542,1
5812,3497,2
5812,1113,3
2803,1294,4
5812,203,4
2803,2502,2
5812,344,2
5812,3115,2
5812,2877,2
5812,585,2
5812,80,3
5812,2369,2
5812,3791,4
5812,586,1
5812,1896,1
5812,1544,2
5812,700,4
5812,1027,1
5812,2134,1
5812,3269,1
1866,527,2
5812,2097,4
5812,1904,3
5812,2249,4
5812,31,3
5812,2370,1
5812,3712,1
5812,2394,2
5812,3450,2
5812,3844,4
5812,3524,1
5812,2704,4
5812,3263,2
5812,2989,2
5812,1836,2
5812,3298,2
5812,2795,4
5812,3251,3
5812,171,4
5812,2520,3
5812,1120,1
5812,2111,1
5812,2331,1
5812,2115,3
5812,2470,4
5812,1135,3
5812,1728,2
5812,3197,4
5812,45,2
5812,2109,1
5812,3040,1
5812,3952,1
5812,2003,1
5812,1374,3
5812,3480,1
5812,1345,1
5812,3253,3
5812,3176,4
5812,3087,4
5812,417,4
5812,441,2
5812,1982,3
5812,475,2
5812,3357,1
5812,1954,3
5812,1103,2
5812,123,4
5812,3451,1
5812,1226,3
5812,2529,2
5812,2333,1
5812,1096,1
5812,3210,4
5812,1291,4
5812,3104,1
5812,3132,3
5812,3499,3
5812,1250,4
5812,3469,4
5812,1545,4
5812,971,4
5812,3882,2
5812,3885,4
5812,3565,4
5812,3787,1
5812,3515,3
5812,3571,1
5812,3827,2
5812,3916,2
5812,3317,3
5812,3852,1
231,1240,4
231,858,3
195,2501,1
3017,2724,2
3821,1212,4
2092,3548,2
151,3827,3
151,550,3
151,3740,4
151,1958,4
151,157,4
151,2245,1
151,3949,1
151,3784,1
151,3910,2
2092,2259,4
2092,3827,2
2092,3950,2
2092,3098,2
1243,2724,3
1243,2840,1
1243,2568,1
1243,913,2
1243,2355,1
1243,2908,2
1010,1594,3
1010,3148,4
5096,318,2
4802,1643,1
4802,2340,4
4802,3301,3
2070,246,2
2070,36,3
2070,529,2
2070,2762,2
2070,296,1
2070,50,3
934,241,2
934,2412,1
934,779,4
934,168,1
934,2906,3
934,2314,4
934,3257,2
934,1598,3
934,1363,2
934,2429,3
934,1791,3
934,2269,1
934,2250,2
934,140,1
934,2024,4
934,605,4
934,207,3
934,536,2
934,1727,3
934,1621,1
934,2875,1
934,1043,4
934,1833,2
934,224,1
934,292,2
934,412,3
934,3436,4
934,613,3
934,408,3
934,94,2
934,2059,1
934,340,4
934,350,4
934,2112,4
934,1027,2
934,105,3
934,1586,1
934,280,4
934,381,3
934,266,2
934,1680,2
934,534,3
934,3176,1
934,832,2
934,3106,3
934,2433,1
934,151,2
934,74,4
934,1721,3
934,491,2
934,2718,2
934,3100,2
934,1672,4
934,86,1
934,454,2
934,2291,3
934,1396,2
934,281,4
934,2125,1
934,805,2
934,1834,3
934,1653,4
934,448,4
934,222,4
934,2310,4
934,2236,4
934,647,2
934,3270,2
934,1183,2
934,3723,2
934,3250,3
934,1682,4
934,1584,3
934,1719,2
934,2501,4
934,161,4
934,300,1
934,1654,1
934,62,4
934,3271,2
934,3105,2
934,1413,1
934,2268,2
934,1404,2
934,3259,3
934,590,2
934,3147,3
934,529,4
934,1393,3
934,337,2
934,150,3
934,110,1
934,1704,4
934,2045,3
934,608,2
934,1187,3
934,2028,4
934,318,2
934,593,1
752,3330,1
752,3024,2
752,2409,4
752,1380,2
752,2877,3
752,2640,2
752,1345,1
752,3390,1
752,2450,1
752,3392,2
752,2411,2
752,2950,1
752,2945,3
752,2410,3
3792,2336,1
3792,2567,4
3792,2881,2
3792,1370,1
3792,1438,3
3792,3835,1
3792,2541,4
3792,3825,4
3792,2583,4
3792,710,3
3792,1343,4
3792,3361,3
3792,1468,4
3792,1220,2
3792,3444,1
3792,541,1
3792,2694,4
3792,3911,1
3792,1562,4
3792,1377,1
3792,3107,3
3792,2707,3
3792,2163,2
3792,3421,1
3792,1200,4
3792,1214,4
3792,1320,2
3792,3534,1
3792,1367,3
3792,1019,2
3792,1203,4
1519,2640,3
3792,3827,1
3792,3916,4
752,2403,1
752,1088,1
752,3844,4
752,1347,1
752,2097,2
752,3448,3
752,3917,4
752,1210,3
752,1257,3
752,1321,4
752,3685,2
752,1258,3
752,2804,4
1524,799,1
4517,2329,1
5222,3412,2
5222,1218,3
5222,2028,2
5222,2571,2
2176,3943,3
1733,1875,3
752,3098,4
752,2153,4
752,2412,3
752,3146,2
752,438,1
752,44,1
752,1690,4
752,370,4
752,1379,4
752,1320,4
752,88,4
752,1821,1
752,2334,3
752,725,1
752,1476,1
752,159,4
752,3274,2
752,1711,2
752,1377,3
752,2029,1
752,408,2
752,648,3
752,1488,3
752,1057,3
752,3259,4
752,2167,4
752,1054,2
752,2583,3
752,82,4
752,2236,2
752,2291,4
752,1858,3
752,3145,3
752,1561,1
752,3874,2
752,3797,1
752,3785,3
752,3879,4
3454,2019,4
752,708,2
752,3527,2
752,3901,4
752,3141,1
752,3831,3
752,3865,2
752,232,3
752,3880,2
752,3718,1
752,1354,1
752,1269,4
752,3949,1
752,1199,2
752,899,4
752,922,3
752,1276,1
1421,1393,1
3824,1194,2
3824,2531,4
3824,2014,2
3824,1327,4
3824,2091,1
3824,3430,4
3824,3807,3
3824,1007,3
3824,1031,4
3824,2040,2
3824,1030,1
3824,2530,2
3824,3015,3
3824,3812,3
3824,2013,2
3824,3771,1
3824,3066,4
3824,2520,2
3824,2779,2
3824,2095,2
3824,2109,1
3824,3040,2
3824,3099,3
3824,2528,1
3824,2532,2
3824,1161,3
3824,3760,2
3824,3420,3
3824,2090,3
3824,3635,4
3824,3639,2
3824,1345,1
3824,2991,1
3824,1350,4
3824,1082,4
3824,2871,3
3824,3135,2
3824,3371,4
3824,1997,4
3824,3682,1
3824,1387,2
3824,1953,3
3824,2819,3
3824,1234,1
3824,2137,3
3824,111,4
3824,3498,3
3824,3359,1
3824,3551,1
3824,1010,3
3824,1018,1
3824,2764,1
3824,2747,1
3824,3633,2
3824,1083,3
3824,3546,3
3824,3927,2
3824,3507,3
3824,2160,1
3824,902,1
3824,2993,3
3824,2057,2
3824,2949,1
3824,2947,1
3824,2948,1
3824,1333,3
3824,1304,3
3824,3668,4
934,1453,1
934,747,1
934,710,2
934,619,3
934,813,1
934,1391,3
934,2266,2
934,2335,2
934,486,3
934,3004,1
934,1359,3
934,135,2
934,248,2
934,1894,2
3824,1388,2
934,801,4
934,1353,2
3824,2409,4
3824,836,2
1866,1721,2
934,1457,1
934,107,1
934,2961,4
934,2581,1
934,1367,2
3824,2176,3
934,2012,1
934,1806,3
3824,2178,1
934,2424,1
934,2506,3
934,852,1
934,274,2
3824,1954,3
1866,3798,3
934,2699,3
934,339,4
934,3614,1
934,1042,1
934,1569,1
1866,910,4
934,2108,2
3824,3390,3
934,471,3
934,3809,2
934,104,2
1866,904,1
3824,2164,1
934,3174,3
934,2355,1
934,342,1
3824,3939,4
3824,3941,2
3824,3431,3
3824,3577,2
3824,3938,4
934,1449,1
934,3358,4
3824,2456,2
3824,2163,3
934,1265,2
3824,2050,4
934,3114,3
934,34,1
3824,2121,1
934,3824,3
3824,2364,2
3824,2397,1
3824,2241,1
3824,3707,2
934,3821,3
934,3594,2
3824,3917,3
3824,2956,1
934,3324,1
934,3354,2
934,3514,4
3824,2347,2
3824,2134,1
934,3565,2
3824,3649,2
3824,1587,4
934,3784,1
3824,2301,2
3824,1261,1
3824,3017,4
934,3798,2
3824,3523,2
3824,2141,3
934,3302,4
934,3618,1
3824,2114,4
3824,2472,4
3824,2929,4
3824,2795,2
934,3755,1
934,3753,3
3824,2349,3
3824,2257,3
934,3615,2
934,3534,2
934,3301,1
934,3287,3
3824,3169,4
3824,2406,2
934,3555,2
3824,3111,2
3824,592,4
934,3317,4
3824,2070,2
934,3510,1
934,3408,3
3824,3018,4
934,3911,4
934,3481,2
934,3751,3
934,3916,4
3824,3240,4
3688,3481,1
4624,2617,1
1015,3952,3
1015,3950,1
2808,1200,4
2808,2660,1
2808,1210,4
2808,1270,3
1395,3896,4
2808,866,2
2808,2409,4
2808,1173,2
2808,1958,1
2808,733,2
2808,2245,2
2808,587,2
2808,708,1
2808,1954,2
2808,1635,3
2808,903,1
2808,1287,2
2808,1203,1
2808,1299,2
2808,904,2
2808,910,2
2808,3948,3
2808,3910,1
2808,3911,1
2808,3949,4
2808,2448,2
2808,173,1
2808,172,1
2808,2808,1
2808,1831,1
2808,1037,1
2808,1779,4
2808,196,3
2808,185,4
2808,1690,3
2808,329,3
2808,316,1
2808,2094,4
2808,1676,4
2808,2600,4
2808,780,4
2808,2012,3
2808,1372,2
2808,198,1
2808,1573,1
2808,1527,1
2808,1356,2
2808,2628,2
2808,480,2
2808,589,4
2808,1748,1
2808,1580,3
2808,2641,3
2808,2642,4
2808,3701,3
2808,3527,1
2808,2643,2
2808,3354,4
2808,3593,3
2808,3745,1
2808,3190,3
2808,3793,2
993,3751,3
993,2502,1
993,3823,4
993,2965,3
993,3949,4
993,3310,2
3821,3272,1
3821,1785,1
1733,1348,4
1733,3471,1
1001,3317,4
1001,3743,3
2898,3897,1
1969,3174,1
1969,3556,3
3074,3827,2
3074,3746,2
3074,3720,2
1978,858,2
1978,1233,2
1978,2028,2
1978,3646,3
1978,3173,3
1978,1090,3
1978,1617,1
1978,1265,3
1978,231,2
1978,2716,2
1978,1220,1
1978,2167,1
1978,3827,4
1978,3897,3
1019,2633,4
1019,3007,3
1019,2599,1
1530,3450,3
1530,339,1
1530,1513,2
1530,333,3
1530,2012,3
1530,2683,2
1530,1701,2
1530,2424,2
1530,3591,4
1530,3033,3
1530,2011,3
1530,1395,1
1530,2567,2
1530,3614,4
1530,1485,2
1530,597,3
1530,2003,4
1530,2746,1
1530,3544,3
1530,1648,1
1530,2496,1
1530,2836,2
1530,2407,4
1530,2001,4
1530,1777,3
1530,357,3
1530,3516,4
1530,543,1
1530,3745,4
1530,2010,1
1530,2289,3
1530,492,4
1530,3328,1
1530,2891,2
1530,2167,1
1530,2311,4
2489,3176,3
3821,2160,2
4478,473,2
4478,93,1
4478,19,4
4478,3841,3
4478,2953,4
4478,355,3
4478,420,2
4478,432,3
4478,743,1
4478,2253,2
4478,3773,2
4478,413,4
4478,485,2
4478,429,2
4478,63,3
4478,370,2
4478,3208,2
4478,153,3
4478,762,1
4478,237,3
4478,2335,3
4478,2004,1
4478,788,3
4478,466,1
4478,3,4
4478,2252,4
4478,1816,2
4478,2426,2
4478,2249,4
4478,333,1
4478,586,3
4478,3247,3
4478,1057,2
4478,1711,3
4478,2012,4
4478,417,1
4478,500,4
4478,468,3
4478,1642,2
549,3512,2
549,3554,3
549,3298,1
4478,1279,3
549,3185,2
4478,3060,1
549,3755,3
549,3484,1
549,3564,3
549,3534,4
549,3225,1
549,3882,2
549,3481,3
4478,2379,1
4478,2381,3
4478,2471,3
4478,2163,4
4478,1091,3
4478,2478,2
4478,3692,3
4478,2717,3
4478,2375,4
4478,2378,2
549,3911,2
4478,2794,1
4478,3387,1
4478,2054,1
4478,1330,2
4478,2413,1
4478,3688,3
549,3615,3
549,3400,4
4478,2141,4
4478,2792,3
4478,2134,1
4478,2247,4
4478,3033,3
4478,2081,3
4478,1947,3
4478,3920,3
4478,2600,4
710,930,3
1579,1376,3
1579,1061,4
1579,1059,3
1579,3484,2
1579,3328,3
1579,2412,3
1579,186,4
1579,2642,4
1579,1621,4
1579,3317,3
1546,858,1
1546,3831,2
1546,3952,1
4593,3822,3
1051,1947,2
624,3623,3
624,3911,3
624,3798,1
624,3897,4
624,3948,2
624,3865,1
1789,3901,3
1789,3952,1
1789,3949,3
1789,3897,1
937,2986,2
937,160,3
937,1562,2
937,1831,4
937,2402,3
937,3710,2
937,1591,4
937,173,2
937,3438,4
937,544,2
937,2735,1
937,9,1
937,459,3
937,3802,3
937,95,1
937,1037,4
937,153,3
937,1391,4
937,44,3
937,2524,4
937,288,2
937,3430,4
937,517,4
937,442,1
4478,2000,2
937,2722,1
937,479,1
937,2881,1
937,748,1
937,1744,1
937,3698,2
937,3441,3
937,2879,2
937,610,2
937,379,1
937,208,4
4478,2080,4
937,2260,1
937,3623,4
937,2600,3
937,1917,2
937,1552,1
937,3274,2
937,786,4
937,3020,3
937,1754,3
937,1597,1
937,3113,1
937,1762,4
937,3697,4
937,1385,3
937,1833,1
937,507,4
937,1608,3
937,165,3
937,2476,2
937,1488,3
937,861,1
937,504,1
937,2002,2
937,1518,2
937,316,3
937,3744,4
937,2115,1
937,3444,4
937,780,3
937,2273,1
937,198,3
937,2105,4
937,2628,3
937,1275,2
937,1370,1
937,2006,1
937,3178,2
937,380,4
937,1527,4
937,1429,1
937,368,3
937,1573,2
937,3624,1
937,2490,3
937,3763,4
937,2457,4
937,2985,2
937,2924,2
937,2529,2
937,2406,2
937,2353,2
937,2058,1
937,377,4
937,2001,2
937,1215,1
937,1220,4
937,592,2
937,2916,4
937,474,1
937,1291,3
937,2000,4
937,1200,3
937,2194,3
937,1222,4
937,2571,1
937,1387,2
937,457,3
937,1197,4
937,2692,3
937,1036,3
937,2028,2
937,260,4
937,1196,3
937,858,1
937,1198,3
4478,1295,3
4478,910,1
4478,2502,1
4478,265,4
4478,1285,2
1260,593,4
1260,2145,3
3833,1193,1
611,3826,2
611,2881,1
611,2975,3
2106,46,2
2106,3786,1
2106,1693,2
4079,1962,4
4079,1288,3
4079,2772,2
4079,1343,4
4079,1186,4
4079,3246,2
4079,2291,1
4079,2125,2
4079,1673,4
4079,39,2
4079,1955,2
4079,1833,3
4126,1213,2
4126,50,1
4126,720,2
4126,1674,2
937,839,1
937,427,1
937,186,4
937,2411,4
937,2410,3
937,2409,2
937,2123,1
937,3827,4
937,708,3
1390,3513,3
1390,2194,2
1390,2806,1
1390,3418,3
1390,3247,4
1390,1923,1
1390,708,2
1780,1701,3
1780,2893,3
1390,3255,3
1390,497,4
1390,3481,2
1390,2948,4
1390,1387,2
1390,2355,3
1390,1610,2
1390,2501,4
1390,2335,4
1390,784,3
1390,639,4
1390,1461,4
1390,1894,3
1390,236,2
1390,333,2
1390,2424,1
1390,2108,3
1390,1569,2
1390,500,2
1390,344,1
1390,1777,1
1390,2671,4
1390,1747,4
1390,1485,4
1390,39,3
1390,1265,4
1390,539,1
1390,11,4
1390,597,3
1491,1660,4
1390,1556,1
1491,1059,4
1491,337,3
1390,3705,3
1390,1882,1
1491,2268,4
1390,485,2
1390,2613,3
1491,3250,1
1390,2347,1
1390,434,3
1390,1917,2
1390,3638,1
1390,2427,2
1390,2094,3
1390,2991,3
1491,523,3
1390,2989,3
1390,1527,3
1390,2376,3
1390,2405,2
1390,2006,3
1390,2990,4
1390,1608,3
1390,592,2
1390,10,2
1390,1580,2
1390,1954,4
1390,1370,3
1390,1220,2
1390,288,1
1390,380,4
1390,3256,2
1390,2000,2
1390,2115,2
1390,1240,2
1390,1101,3
1390,2406,2
1390,474,1
1390,457,3
1390,1291,3
1390,480,3
1390,1242,1
1390,1201,4
1390,733,4
1390,1374,3
4070,2628,3
4070,380,2
4070,349,1
4070,2427,3
4070,288,2
4070,10,1
1395,3421,4
1395,3618,1
4126,2344,1
4126,2724,2
224,3079,2
224,1678,3
224,529,2
224,3147,1
224,1089,1
224,2396,1
224,2762,2
224,2692,1
224,904,1
224,527,2
224,2106,2
224,3948,3
224,3852,4
224,3952,4
1352,3952,2
1352,3897,1
1352,2130,2
1352,1208,1
3821,3598,3
1142,266,4
2451,3895,3
2489,586,4
2489,2701,3
2395,3624,3
937,353,4
937,2617,3
937,3740,2
937,2112,3
937,1958,4
937,3358,4
937,733,1
937,3893,1
937,3952,2
937,2245,1
937,3527,4
937,1954,4
937,2183,4
937,3317,2
937,3098,4
937,1299,3
937,2268,3
937,903,2
937,3897,1
937,3753,1
937,3578,4
1748,3188,3
1748,3886,2
710,3882,4
710,2204,1
1317,335,4
1491,2916,2
1491,6,1
1491,2571,4
1491,1291,2
1491,457,4
1491,1242,2
1491,1222,1
1491,1214,2
1491,1198,1
1491,3526,3
1491,2300,2
1491,3746,4
228,3879,4
1524,2506,3
2271,1,4
2271,2858,1
2271,1260,3
2271,1252,1
2271,913,3
2271,1248,2
1088,673,1
1088,3827,4
1088,2502,3
2868,3831,1
2868,1238,1
149,3827,4
149,3911,1
149,3317,3
2376,1747,1
696,3745,1
1551,858,2
1421,1617,1
692,3740,2
692,2245,2
692,3098,4
692,3833,2
692,180,4
678,3615,2
4277,3950,2
2802,2640,4
2802,3098,2
2802,2176,2
2802,3471,4
2802,3099,3
3821,136,1
1794,3317,3
2462,2431,2
2462,344,4
2462,1020,3
2462,2683,3
2462,2109,2
2462,500,1
2462,3450,1
2462,1083,1
2462,3812,3
2462,3157,3
2462,3263,4
2462,380,4
2462,539,3
2462,1614,3
2462,1566,1
2462,3253,4
2462,1125,2
2462,3255,2
2462,1919,4
2462,1517,1
2462,2321,4
2462,1073,2
2462,1963,4
2462,2788,4
2462,3421,4
2462,1235,1
2462,2858,2
2462,745,1
2462,1148,3
2841,2259,2
4591,1084,1
4591,858,3
4591,2761,3
4591,2380,1
4591,1136,4
4591,2194,4
4591,2406,4
4591,296,1
4591,1711,3
4591,1500,3
4591,1277,2
4591,3471,1
4591,3105,1
4591,32,4
4591,2640,3
3430,1949,3
4591,3852,4
4591,3952,1
4591,3555,4
4834,3911,1
3430,3435,1
3430,2359,1
2409,3173,4
2409,2396,1
2409,3481,4
4834,3952,3
5543,3802,3
5543,1077,4
5543,3877,2
5543,1073,2
5543,2174,1
5543,2100,3
5543,2193,4
5543,1967,1
5543,2161,4
5543,2453,4
2489,2840,2
3156,3827,3
3156,3948,2
3156,3852,3
3156,3897,2
3156,3911,2
3410,1683,3
5956,3949,2
5956,1921,4
2895,3859,4
5100,3114,2
5100,2409,3
5100,1388,4
5100,3916,3
1851,1373,1
1851,2105,4
1851,3697,1
1851,2407,2
1851,2288,3
1851,2094,3
1851,2672,4
1851,2012,3
1851,3033,3
1851,2393,2
1851,2527,1
1851,3927,1
1851,2117,2
1851,3638,1
1851,780,1
1851,610,1
1851,442,1
1851,1320,2
1851,1876,1
1851,329,3
1851,1676,1
1851,1371,1
1851,2011,1
1851,3699,1
1851,3702,3
1851,3770,1
1851,3704,2
1851,2600,1
1851,1396,3
1851,2232,4
1851,2628,3
1851,671,3
1851,2140,4
1851,3662,3
1851,2311,4
1851,198,2
1851,316,4
1851,3660,3
1851,2985,3
1851,1375,1
1851,2968,1
1851,2021,3
1851,1215,4
1851,2916,4
1851,2640,2
1851,2009,4
1851,1909,1
1851,1584,4
1851,2528,3
1851,1573,3
1851,1372,4
1851,1527,1
1851,1376,2
1851,1374,2
1851,3703,1
1851,1921,3
1851,1748,4
1851,2529,3
1851,1210,1
1851,1206,1
1851,1270,4
1851,1199,2
1851,1196,1
1851,1356,3
1851,260,3
1851,924,2
1851,1240,2
1851,1097,4
1851,1214,2
1851,541,1
1851,1200,3
1851,3948,1
1851,186,2
1851,2259,4
1851,2411,3
1851,2410,2
1851,1388,3
1851,2122,1
1851,327,2
1851,2119,2
1851,2642,3
1851,2412,1
1851,1480,2
1851,3827,3
1851,2641,2
1851,2617,1
1851,3740,3
1851,3701,1
1851,157,1
1851,1173,4
1851,581,1
1851,3893,2
1851,587,3
1851,3910,3
1851,1635,2
1851,3952,3
1851,3471,3
1851,733,4
1851,3527,4
1851,3916,2
1851,1954,1
1851,353,2
1851,3317,4
1851,3911,4
198,3752,3
198,3483,2
198,3785,3
3013,703,2
3013,2352,3
4815,2572,2
4815,3358,2
4815,1958,4
4815,1954,4
4815,157,1
4815,3893,2
4815,3049,3
4815,3098,3
4815,915,4
4815,1287,4
4815,3948,3
4815,3910,1
4815,3911,2
4815,3317,4
4815,2117,4
4815,1077,4
4815,1097,3
4815,3932,1
4815,2553,1
4815,916,4
4815,1041,4
4815,560,1
4815,1096,4
4815,2313,2
4815,2677,2
4815,959,3
4815,1300,3
4815,951,2
4815,1234,2
4815,1940,2
4815,515,2
4815,1358,4
4815,1089,1
4815,1293,2
4815,3201,4
4815,903,2
4815,2599,1
4815,1394,3
4815,3200,4
4815,978,3
4815,899,1
4815,1084,3
4815,1949,3
4815,2064,1
4815,2983,2
4815,1294,1
4815,1231,1
4815,2324,4
4815,1247,3
4815,2908,2
4815,25,2
4815,3468,3
4815,1945,2
4815,2762,4
4815,955,4
4815,3341,3
4815,2859,4
4815,1256,1
4815,36,2
4815,3634,1
4815,1250,3
4815,1299,1
4815,3897,2
4815,1950,1
4815,2973,3
4815,1276,1
4815,3543,4
4815,919,1
4815,2804,3
4815,1204,1
4815,923,4
4815,1162,3
4815,1254,2
4815,3350,2
4815,1952,4
4815,910,1
4815,913,3
4815,904,3
4815,1198,2
4815,2287,3
4815,50,2
4815,1617,1
4815,1281,2
4815,1193,4
4815,2863,2
4815,949,3
4815,3198,1
4815,3467,2
4815,2996,3
4815,1252,4
4815,1207,4
1121,3555,1
710,180,1
710,3752,2
2395,1552,1
721,3893,2
721,3745,2
721,3916,2
721,3821,3
721,3646,3
721,3751,1
721,3825,1
721,318,2
1019,523,3
1019,43,4
1019,105,2
1019,62,1
1019,254,4
1019,1611,2
1019,3426,3
1019,1366,1
1019,1810,4
1019,14,3
1019,1190,3
1019,1120,4
1019,1747,1
1019,194,3
1019,388,2
1019,2712,3
1019,2165,3
1019,2959,2
231,3072,1
2489,3408,3
2489,3785,3
195,508,2
2489,3755,2
2489,2431,4
2489,3555,2
2489,509,2
1546,541,1
1546,520,1
1546,3271,2
1546,3,4
1546,1527,1
1546,3556,4
1780,2167,1
1780,1831,3
1395,3863,3
4258,3186,3
329,3861,2
68,2797,3
68,1747,2
68,1517,4
68,3608,1
68,1270,3
68,1966,2
68,1923,2
68,2657,4
68,1,2
68,2300,3
68,2355,1
68,2064,1
68,2324,1
68,223,3
68,1073,1
68,1080,1
68,1243,2
68,1307,4
68,562,2
68,3421,1
68,2690,2
68,2791,1
68,3507,4
68,1912,3
68,1639,2
68,28,4
68,17,4
68,1265,3
68,2396,1
68,2692,2
1088,899,4
1088,947,1
3688,1674,1
3688,1035,3
3688,524,1
3688,515,4
3688,1193,4
3688,3360,4
3688,2291,2
3821,3649,4
65,3005,1
65,832,3
65,2431,1
65,2236,4
65,524,4
65,34,3
65,454,1
65,588,4
65,1094,3
65,2712,1
65,3175,4
65,1,3
65,2858,3
65,2762,1
65,3534,1
65,3555,3
65,3753,4
65,1958,1
65,587,3
3259,112,1
3259,353,4
3259,3755,1
3259,2193,4
3259,1408,3
3259,522,2
3259,2912,3
3259,3104,3
3259,1376,1
3259,3578,2
3259,589,4
3259,1214,2
3259,1200,1
3259,2028,1
3259,2712,4
3259,3168,3
1063,2594,3
1063,3948,2
1063,2324,4
2868,2893,3
2868,912,3
2868,1198,1
2868,2959,3
2868,2028,1
2868,593,4
2868,50,2
2868,1617,4
2868,2858,4
2868,296,1
2868,318,3
2868,1982,3
2868,1327,3
2868,3186,3
2376,3916,2
2376,933,4
2376,1953,3
528,2122,1
528,435,3
528,750,3
528,3909,2
528,3827,2
528,3901,3
403,3554,3
403,3536,4
5090,3176,1
5090,3827,1
5090,3893,1
146,3855,4
146,932,4
1266,2412,1
1266,2411,1
1266,2643,1
1266,2410,3
1266,2259,1
1266,1388,1
1266,2640,2
1266,910,4
1266,901,2
678,3911,2
2176,851,1
2176,3424,4
1491,3007,3
1959,3241,1
1959,3893,4
1959,3852,3
1959,3317,2
1959,3897,3
3688,364,2
4169,1160,3
4169,2631,2
4169,1098,2
4169,3156,4
5548,2599,3
4169,2702,4
4169,607,2
74,164,4
74,3176,1
74,1589,1
74,1732,3
4169,2998,2
4169,3299,2
4169,3749,3
4169,3238,2
4169,3796,3
4169,2769,1
979,1581,1
979,3,2
979,3450,3
979,252,4
979,904,2
979,3066,3
979,333,2
979,2860,2
979,3827,1
979,1674,3
3626,3919,3
3626,891,2
3626,3826,4
3626,366,3
3626,3918,3
3626,2513,2
3626,2606,2
3626,407,2
3626,3917,3
3626,3535,2
3626,1032,3
3626,1029,1
3012,2640,3
3012,2642,1
3626,2737,2
3626,2364,4
3626,393,3
3626,3316,3
3626,1792,2
3626,1687,3
3626,2363,2
4448,3499,1
4448,3905,1
3626,3000,2
1019,3910,2
1019,1865,1
1019,549,3
2106,2268,4
2106,2144,1
2106,3471,4
1449,3785,3
5333,3562,2
4802,1393,1
2195,1722,3
2195,1721,2
1051,3556,4
1451,427,1
1451,2411,1
1051,2860,3
1451,3098,1
4611,1307,3
4611,1066,3
4611,265,1
4611,916,2
4611,1197,1
4611,914,1
4611,902,4
4611,901,3
4611,647,2
4611,3598,1
4611,915,1
4611,910,1
1865,17,3
1865,3870,2
1865,541,4
1865,1132,1
1865,899,1
1865,162,1
1865,919,3
1865,858,1
1865,1221,2
1865,2293,2
1865,3317,2
1865,3911,3
195,3889,3
4708,3578,2
4708,3852,2
4708,3481,1
4708,3317,3
4708,3897,2
4708,3471,2
4708,3148,2
4708,3060,2
4708,2804,2
4708,2355,3
4708,2137,1
4708,2453,4
4708,1968,1
4708,3683,2
4708,592,2
4708,34,3
4708,2683,1
4708,1517,2
4708,3105,1
4708,2706,3
4708,3363,1
4708,1007,1
4708,3421,4
4708,616,1
4708,1203,4
4708,2791,3
4708,3710,2
4708,1853,4
4708,2572,4
4708,1200,4
4708,1127,3
4708,345,1
4600,1222,4
2451,3948,3
1733,2947,4
1733,2529,3
1733,3418,1
1733,3703,1
1733,1788,1
1733,2028,1
2969,216,4
22,910,2
424,3916,2
22,908,3
22,3896,3
22,1034,2
22,3698,1
22,2011,1
22,3527,1
22,2046,2
22,1097,2
22,2376,1
22,1884,3
2895,3914,3
2895,3825,2
1422,3481,2
1422,3785,2
5675,2358,1
1088,2581,3
4277,3827,2
4277,3893,3
4277,1753,3
4277,3005,4
4277,3911,3
195,1136,4
195,2971,2
1317,3826,4
2105,1221,3
195,2092,1
195,1210,3
4656,1212,1
195,3591,3
195,3331,4
195,2370,1
195,2453,2
195,2147,1
195,3698,1
5831,2542,1
195,1091,1
195,3031,4
1317,3901,1
195,3263,1
195,1089,1
5367,3949,3
195,2268,4
3051,3943,2
195,542,2
2060,2769,1
2071,2176,2
1421,3889,4
1421,3843,4
195,374,2
151,3225,1
195,157,3
151,3515,2
151,3481,2
151,3952,3
151,3882,4
1317,3825,4
1317,2293,2
1317,1456,2
3219,3893,1
3219,3720,2
3219,733,4
3219,587,1
3219,3852,1
3219,3916,1
3219,3943,2
3219,3897,2
2122,3897,2
2122,3901,2
1088,1343,2
1088,662,1
4126,3784,2
4126,2420,2
4126,2421,4
4126,2422,4
1113,3949,4
1946,3783,1
2020,2706,2
727,3317,2
2114,383,3
3436,3928,1
3301,3566,1
3301,3896,2
3301,3952,4
3301,3751,3
3301,3822,3
3301,3328,3
3301,3303,1
3301,3859,2
3301,3317,2
3301,3903,3
3301,3893,2
5333,2266,2
4517,2520,2
4517,2014,3
4517,1380,1
4517,2640,3
4517,2109,2
4517,2137,1
4517,1345,4
4517,1125,3
4517,3671,4
4517,3471,2
4517,1997,3
4517,3421,1
4517,1214,1
4517,1387,1
4517,1206,4
4517,260,4
4517,2382,3
4517,2383,3
4517,2450,3
4517,1381,4
4517,2163,4
4517,1995,3
4517,2408,3
4517,2471,2
4517,2088,2
4517,2399,4
4517,2378,3
4517,1091,3
4517,2374,1
4517,3388,3
4517,2717,3
4517,3791,3
4517,3698,4
4517,2375,2
4517,2054,3
4517,2072,2
4517,2478,1
4517,2470,4
4517,1135,2
4517,1088,3
4517,2407,3
4517,2193,3
4517,2003,1
4517,3478,1
4517,3591,2
4517,2011,1
4517,2145,3
4517,3448,3
4517,2141,4
4517,3033,4
4517,2070,4
4517,2100,4
4517,2133,2
4517,2915,1
4517,2420,1
4517,3398,2
4517,3412,4
4517,2144,2
4517,3552,3
4517,2115,3
4517,2161,4
4517,1994,2
4517,2423,3
4517,592,3
4517,3868,2
4517,2174,3
4517,3039,2
4517,2081,2
4517,1958,4
4517,2005,3
4517,3397,1
4517,3608,2
4517,1307,2
4517,1132,3
4517,2716,1
4517,1300,4
4517,1081,4
4517,3543,4
4517,2797,4
4517,1240,4
4517,1097,1
4517,1246,1
4517,1291,3
4517,1222,1
4517,1258,3
4517,1196,4
4517,1198,4
4517,1131,2
1051,2328,3
1051,3082,4
1051,1665,2
1051,926,4
1051,2123,2
1051,3897,4
1051,1853,3
1051,2329,1
3428,2183,2
1733,1966,3
4823,3083,2
1317,2273,4
195,18,2
195,31,3
195,1795,1
195,158,1
3547,3756,3
2022,3527,1
2022,587,3
2022,3903,1
1952,3865,4
1952,3317,3
1181,190,4
1181,3125,2
1181,1639,3
1181,3826,4
1181,172,4
1181,2046,2
1181,718,2
195,2699,3
3411,2718,2
3411,3863,4
3411,1377,2
3411,1917,4
3411,924,4
3411,2311,4
3411,1358,2
3411,1207,4
3411,1219,4
3411,1460,2
3411,1617,1
3411,3741,2
1203,150,3
1491,3688,1
1491,1380,4
1491,3536,3
1491,3178,3
1491,2863,4
1491,2952,2
1491,21,4
1491,1247,1
1491,1416,1
1491,1230,2
1491,2858,3
1491,3897,4
1491,1078,4
1491,756,3
4085,3916,1
4126,2424,4
4085,3598,3
4085,3911,3
1491,2082,3
1556,361,3
1491,3911,3
1491,3256,3
1491,3753,3
1491,1917,2
4089,3857,4
4089,3598,4
4089,3852,1
4089,3317,2
4089,3571,4
4089,3745,2
4089,3755,4
4089,3553,1
4089,3556,4
4089,3753,4
4089,3512,2
4089,3189,4
4089,3915,4
4089,3948,4
4089,3859,3
4089,3916,1
4089,3793,3
1181,3943,1
331,3008,3
331,3728,3
331,1089,2
331,293,1
331,280,4
331,163,3
195,733,2
195,788,4
195,635,3
195,798,4
195,1614,4
195,1573,1
195,1677,3
195,2995,1
2489,474,2
2489,1625,3
2489,2391,3
2489,3147,3
2489,2338,4
2489,1689,3
2489,1892,1
2489,603,3
2489,537,2
2489,231,1
2489,1642,4
2489,3263,2
2489,3450,2
2489,1747,4
2489,500,1
2489,3247,2
2489,372,1
2489,801,2
2489,1485,4
2489,3108,1
2489,339,1
2489,852,2
2489,3809,4
2489,141,4
2489,2706,4
2489,1701,4
2489,440,4
2489,3255,4
2489,1885,3
2489,1914,4
2489,342,2
2489,1641,3
2489,2321,1
2489,104,1
2489,2355,2
2489,2302,1
2489,2542,2
2489,2501,2
2489,1833,3
2489,3274,1
2489,1049,4
2489,1597,3
2489,89,2
2489,3107,4
2489,2763,2
2489,3100,4
2489,296,1
2489,2439,4
2489,3174,2
2489,2671,3
2489,2724,1
3312,3115,2
3312,1022,3
3312,1951,1
3312,1947,3
3312,317,1
3312,2064,4
3312,2080,2
3312,2142,2
3312,2141,2
3312,2089,4
3312,2137,3
3312,174,4
3312,193,1
3312,2153,1
3312,2906,1
3312,2448,2
3312,2907,3
3312,234,2
3312,46,2
3312,1837,3
3312,1591,3
3312,2719,1
3312,3113,4
3312,1884,4
3312,2558,2
3312,2806,3
3312,2672,2
3312,2335,4
3312,2060,2
3312,273,4
3312,830,1
3312,3264,2
3312,1690,3
3312,1320,3
3312,3120,3
3312,410,1
3312,1717,1
3312,3254,1
3312,3258,4
3312,413,2
3312,2694,3
3312,542,1
3312,2770,4
3312,2712,4
3312,1608,2
3312,1513,1
3312,3107,1
3312,3686,1
3312,2502,2
3312,2841,3
3312,1777,1
3312,1610,1
3312,428,4
3312,3252,3
3312,1120,1
3312,1060,4
3312,1635,2
3312,3562,4
3312,3299,1
3312,3484,2
3312,3534,3
3312,3594,1
3312,3786,4
3312,3753,3
3312,3408,3
3509,2278,4
3312,3916,4
453,3897,3
1524,2572,3
1524,3006,4
4520,1263,4
4520,2460,4
4520,842,3
4520,1969,4
4520,2719,3
4520,3826,2
4520,3919,3
4520,2315,3
4520,2119,3
4520,3837,4
4520,2107,3
4520,2902,1
4520,1983,3
4520,1128,4
4520,1644,1
4520,1970,2
4520,2459,1
4520,2525,4
4520,2717,4
1748,3948,2
1748,1863,1
1748,1968,3
1748,2997,1
1748,2763,2
648,3865,3
648,3827,4
648,3952,4
648,3948,4
648,3317,1
648,3893,1
648,3897,1
3746,3421,3
4790,1449,3
4790,337,3
4790,3160,4
4790,3795,1
4790,3794,2
3746,2114,4
3746,3868,4
3746,2064,4
4790,3556,4
4790,3746,2
4790,3289,2
4790,3408,1
4790,3787,2
4790,3751,4
4790,3747,2
4790,3952,1
4790,3911,4
4790,3949,1
4790,3317,4
3746,2100,3
3746,3438,1
3746,1120,2
3746,454,2
3746,3250,4
3746,3259,1
3746,1682,1
3746,866,3
3746,428,1
3746,1673,1
3746,1704,3
3746,2959,3
3746,2421,4
3746,2471,3
3746,2735,3
3746,2405,1
3746,2617,2
3746,10,3
3746,2077,1
3746,1129,4
3746,1590,4
3746,849,4
3746,1037,1
3746,2012,2
3746,1371,3
3746,2054,4
3746,1372,3
3746,2011,1
3746,3699,2
3746,3927,3
3746,2529,1
3746,2968,4
3746,293,2
3746,829,1
3746,312,1
3746,520,3
3746,1468,4
3746,88,4
3746,2694,2
3746,542,1
3746,3869,1
3746,216,4
3746,2002,4
3746,586,3
3746,344,4
3746,3254,4
3746,1377,3
3746,2325,4
3746,3450,3
3746,597,2
3746,3263,2
3746,231,1
3746,180,4
3746,588,1
3746,3285,2
3746,3301,1
3746,3825,4
3746,3753,2
195,2694,1
195,3146,3
2980,3623,4
2980,3555,4
2980,3863,4
2980,3624,3
2980,2641,4
2980,733,4
2980,587,2
2980,2245,3
2980,2640,1
2980,2183,3
2980,353,4
2980,647,1
2980,1954,1
2980,3181,4
2980,1094,1
2980,3179,1
5233,3169,4
5233,2073,1
1203,3858,2
1203,3483,3
1203,3554,2
1203,3720,1
1203,3598,3
1203,3910,4
1203,3317,2
1203,3579,3
1203,3509,3
1203,3298,3
1203,3556,2
1203,3618,2
1203,3915,1
4520,3918,2
4520,2367,4
4520,2120,2
4520,1346,1
4520,2026,4
4520,2377,3
4520,2617,3
4520,1388,2
4520,1690,2
4520,2513,3
4520,382,4
4520,2327,3
4520,3785,3
4520,426,1
4520,1320,1
4520,3917,3
4520,1327,4
1228,337,1
4520,2867,4
4520,1130,3
4520,1717,4
1228,2297,4
1228,3809,2
4520,610,1
4520,2747,4
4520,1347,4
4520,2746,1
1228,3510,2
1228,3949,2
4520,253,4
4520,2455,4
4520,1645,1
1733,891,4
1228,432,1
4520,1339,2
4520,1982,4
4520,3499,1
1228,1721,4
1228,3916,4
4520,1258,2
4520,1387,4
4520,1997,2
1228,214,1
4520,1272,4
4520,1129,1
4520,2989,4
4520,1552,1
4520,1101,3
4520,2002,2
4520,2990,4
4520,1378,2
4520,1616,4
4520,1769,1
4520,3107,2
4520,1376,1
4520,2105,1
4520,70,1
4520,1261,4
4520,2640,2
4520,1754,3
4520,3635,3
4520,2406,3
4520,3639,2
4520,3633,3
4520,592,1
4520,3519,1
4520,3740,3
4520,1954,2
4520,2000,3
4520,3702,4
4520,2951,2
4520,1374,1
4520,3104,2
4520,2363,4
4520,2993,3
4520,1222,1
4520,2947,2
4520,1291,1
4520,2194,4
4520,1210,2
4520,3703,2
4520,858,1
195,2072,4
195,2422,2
2106,1952,2
195,1242,3
3821,1127,1
1551,1225,3
4126,2431,1
1733,1984,2
839,1178,2
839,3598,2
839,3952,3
839,3910,1
839,3893,4
692,3893,3
692,2692,1
692,3896,1
692,3266,3
710,3896,3
151,3911,4
3505,342,4
3505,357,1
3505,1569,3
151,3070,4
151,3860,3
151,3328,4
151,3896,2
151,11,1
151,497,3
151,2125,1
151,1188,1
151,356,3
4094,3916,4
151,256,4
151,3175,4
151,3863,4
4094,3316,1
4094,3511,3
151,3581,2
4094,3324,3
4094,3879,1
4094,3354,3
4094,3409,1
4094,3821,4
4094,3616,4
151,3408,1
4094,3328,3
4094,3915,4
151,3897,3
151,3325,1
151,3752,3
151,3299,1
151,3302,2
151,3785,2
151,3535,4
2814,3755,4
2814,3623,3
2814,3618,2
2814,3753,4
2814,3513,1
2814,3624,4
2814,3751,3
2814,3578,4
151,3831,1
151,3556,3
151,3317,3
151,3540,3
3821,1172,4
293,308,3
293,306,1
293,307,4
3041,3950,3
392,3114,4
392,1262,4
392,3098,1
231,2571,3
4079,2919,4
4079,648,2
4079,1092,2
4079,3602,2
4079,3545,2
4079,1992,4
4079,2003,1
4079,253,4
4079,3930,3
4079,1252,3
4079,1191,2
4079,434,3
4079,3247,4
4079,267,1
4079,19,1
4079,3248,4
4079,3243,2
4079,762,1
4079,2953,1
4079,3869,3
4079,1689,4
4079,3497,1
4079,231,2
4079,743,2
4079,344,4
4079,2746,1
4079,2795,4
4079,3614,3
4079,2469,1
4079,317,1
4079,3157,1
4079,2736,3
4079,45,2
4079,351,2
4079,700,1
4079,1923,4
4079,2828,4
4079,1592,2
4079,888,4
4079,2322,4
4079,577,4
4079,1626,2
4079,204,4
4079,3841,3
4079,466,1
4079,2421,2
4079,1100,2
4079,316,2
4079,2023,3
4079,3107,3
4079,1711,1
4079,524,1
4079,2918,4
4079,1946,2
4079,1301,2
4079,525,3
4079,1370,4
4079,1036,4
4079,165,4
1101,2412,3
1101,2409,4
1101,2123,2
1101,2617,4
1101,353,3
1101,2112,4
2471,899,4
2471,969,4
2471,3368,3
2471,933,3
2471,915,4
1101,587,2
1101,1958,4
1101,733,4
1101,1203,1
1101,903,4
2427,313,3
2427,1881,2
2427,2687,4
2427,2078,4
2427,2018,4
2427,595,3
2427,2080,4
2427,1282,3
2427,497,4
2427,326,3
2427,446,1
2427,509,1
2427,293,4
2427,3743,1
2427,3454,1
2427,3457,4
2427,3452,2
2427,3594,4
2427,3225,2
2427,3883,1
2427,3538,4
2427,3861,1
2427,3481,2
2427,3554,4
2427,3536,4
2427,3897,3
3821,3827,1
3821,3916,1
2427,3798,1
2427,2714,2
2427,3793,4
2427,2763,2
2427,2806,3
2427,3176,4
2427,2907,2
2427,2395,4
2427,2485,1
2427,2724,2
2427,2396,3
2427,2762,3
2427,314,1
2427,1513,4
2427,2692,2
2427,2598,4
2427,1959,2
2427,3623,2
2427,2581,3
2427,3160,4
2427,3453,4
2427,2690,2
2427,3578,2
2427,2580,3
2427,3510,4
2427,2959,2
2427,3175,2
2427,2861,2
2427,2718,4
2427,2712,1
2427,2336,3
2427,2599,3
2427,3408,1
2427,2575,2
2427,2434,4
2427,2888,4
2427,1911,3
2427,3543,2
2427,2541,3
2427,3751,4
2427,223,2
2427,3005,1
2427,3298,1
2427,2976,4
2427,2770,4
2427,2355,2
2427,2975,2
2427,2997,1
2427,2683,3
2427,3155,1
2427,3824,2
2427,1127,4
2427,2188,2
2427,2706,3
2427,2858,3
2427,2572,1
3017,3948,3
4834,1544,1
4834,480,1
4834,3471,3
4834,924,3
4834,3844,1
4834,362,3
4834,2917,4
4834,2236,2
4834,2501,1
4834,1272,2
195,743,4
1413,3095,1
195,3915,4
1088,361,1
1088,2092,4
1425,436,3
1425,271,2
1425,836,4
1425,577,2
1354,3598,4
1354,3943,1
1354,2769,1
822,3513,4
822,3554,3
822,3512,1
822,2617,2
822,3882,2
822,3952,3
1733,370,4
1733,3868,1
1733,3869,1
3410,2883,3
3051,3409,2
3051,3698,4
3051,2692,3
3051,2324,2
3051,3300,3
3824,3013,2
3824,1963,1
3824,3396,1
3824,2788,4
3824,39,4
3824,3363,2
3824,1292,4
3824,1080,1
3824,3200,1
3824,3814,3
3824,788,3
3824,3153,4
3824,2015,4
3824,1019,2
3824,60,4
3824,1445,3
3824,688,3
3824,1920,4
3824,3519,1
3824,3836,3
3824,3366,4
3824,2287,4
3824,2067,4
3824,1078,3
3824,3035,1
3824,969,3
3824,2944,1
3824,1256,1
3824,3742,1
3824,1272,4
3824,3654,2
3824,1263,3
3824,3196,1
3824,1460,1
3824,517,1
3824,2413,3
3824,1754,3
3824,2414,1
3824,2184,2
3824,1464,3
3824,911,1
3824,1303,2
3824,1208,2
3824,908,4
3824,1,3
3824,1952,3
3824,1294,3
3824,2728,3
3824,718,2
3824,3504,3
3824,1281,2
3824,720,1
3824,1251,4
3420,1330,4
3420,2793,2
3420,3843,4
3420,2710,1
3420,1333,2
3420,1219,3
3420,2160,2
3420,1897,2
3285,3949,4
3285,3901,2
4477,3948,3
4477,3952,3
4477,3317,3
4477,1254,3
3833,1249,2
1733,2171,3
1733,187,1
1733,1484,4
1733,1563,4
4277,3483,2
4277,297,1
4277,2435,2
4791,1358,1
1611,2891,3
4751,3952,2
242,919,2
195,1252,1
1088,3793,3
1088,208,4
1088,3624,3
1088,47,1
1088,551,2
1088,3753,1
1088,2761,2
1088,1704,4
1088,3328,1
1088,3186,1
1088,3510,4
1088,3751,2
1088,916,1
1088,2206,3
1415,3948,3
1415,3751,1
1415,3320,2
1415,3897,3
4079,2313,3
4079,2791,4
3688,3629,4
4079,173,1
4079,784,1
4079,444,2
4079,1591,4
4079,2120,4
4079,2815,4
710,3266,2
4079,3258,2
4079,1831,4
4079,153,4
4079,532,3
5333,3591,3
4079,2616,3
4079,3,3
4079,370,2
4079,3141,3
4079,2523,4
4079,208,3
4079,1487,1
4079,3016,3
4079,523,1
4079,585,1
4079,2688,3
4079,544,4
4079,2266,1
4079,2942,4
4079,1589,2
4079,2683,4
4079,1377,1
4079,3528,2
4079,1093,4
4079,252,2
4079,500,1
4079,3213,2
4079,2278,4
4079,1015,2
4079,454,4
4079,3450,4
4079,586,4
4079,587,3
4079,3217,4
4079,1459,1
4079,345,2
4079,337,2
1395,2542,3
1395,2507,2
4934,915,2
4079,1674,4
4079,1991,4
4079,2450,2
4079,3431,1
4079,3432,1
4079,3434,4
4079,3433,4
4079,2147,2
4079,3394,1
4079,3688,3
4079,2950,2
4079,2794,4
4079,1091,2
4079,3388,1
4079,3033,2
4079,2473,2
4079,2259,3
4079,2517,4
4079,2376,1
4079,3868,2
4079,3701,1
4079,2846,2
4079,2117,2
4079,3524,2
4079,2990,4
4079,1135,1
4079,2989,3
4079,2240,1
4079,2245,1
4079,2470,3
4079,3197,2
4079,2520,1
4079,1272,2
4079,2857,2
4079,1784,4
4079,1584,1
4079,3408,2
4079,597,4
4079,1958,4
4079,2943,1
4079,381,2
4079,3105,2
4079,2866,3
4079,150,4
4079,3198,1
4079,2268,4
4079,41,2
4079,3296,1
4079,1426,4
4079,3098,3
4079,1694,2
4079,2324,4
2986,573,4
2986,506,4
2986,3249,3
2986,1365,4
2986,1785,4
2986,1482,3
2986,2331,3
2986,647,4
2986,1660,1
2986,1407,2
2986,440,1
2986,58,4
2986,1567,3
2986,2890,3
2986,352,1
2986,373,2
2986,3006,2
2986,2329,4
2986,290,3
2986,3187,2
2986,2412,1
2986,2409,2
2986,2347,4
1733,1648,4
1390,3317,1
1390,3827,1
1611,3623,1
1611,3827,2
4496,3949,1
1546,2763,2
1546,3901,1
2020,3066,1
4543,1246,4
4543,1260,3
4543,2664,4
4543,3083,3
4543,3551,3
4543,1252,2
4543,1173,3
4543,3535,3
710,353,3
710,3893,4
710,2692,2
5333,911,1
5333,3125,1
299,3897,1
299,3948,3
299,3911,2
4079,2762,1
4079,2398,3
4079,2420,3
4079,1959,3
4079,1937,1
4079,2730,1
4079,563,2
4079,2353,1
4079,2915,2
4079,539,4
4079,592,3
4079,3418,3
4079,1582,2
4079,3135,1
4079,982,4
4079,3359,2
4079,246,3
2272,3827,2
4079,2932,1
4079,527,1
4079,318,4
1087,1027,2
1087,3524,1
1087,1101,4
1087,2141,1
1087,2135,2
1087,1552,2
1087,3355,3
5046,3865,4
5046,3827,2
1087,317,1
1087,1569,2
5046,3893,1
5046,3598,4
5046,3317,2
5046,3911,4
1087,3771,4
1087,3052,3
1087,3249,4
1087,2146,2
1087,1135,2
1087,1366,3
1087,2551,2
1087,2003,3
1087,2420,1
1087,2424,4
1087,1485,1
1087,2014,3
1087,1516,3
1087,1347,3
1087,3827,3
1087,2145,3
1087,1275,2
1087,1676,4
1087,3591,3
1087,1025,4
1087,40,1
1087,105,2
1087,2144,3
1087,2089,4
1087,1727,2
1087,2167,3
1087,380,3
1087,1010,1
1087,362,4
1087,1298,3
1087,2353,3
1087,3145,3
1087,1271,2
1087,2993,2
1087,3148,4
1087,2889,4
1087,661,4
1087,2795,1
1087,2455,1
1087,141,4
1087,2433,4
1087,1125,3
1087,509,1
1087,1680,3
1087,1527,1
1087,3210,4
1087,1268,4
1087,3426,3
1087,3197,1
1087,900,4
1087,2583,1
1087,3608,2
1087,1297,4
1087,1721,2
1087,2427,4
1087,1380,1
1087,3684,1
1087,3244,3
1087,1682,4
1087,3018,3
1087,2000,4
1087,1794,2
1087,1060,3
1087,1013,2
1087,551,3
1087,3246,4
1087,1285,3
1087,1246,4
1087,1080,4
1087,1747,4
1087,1078,1
1087,2248,4
1087,2291,2
1087,515,4
1087,1994,2
1087,2949,4
1087,2268,1
1087,2406,2
1087,1090,1
1087,3330,2
1087,1028,3
1087,3552,1
1087,1947,4
1087,2677,4
1087,1257,1
1087,1961,3
1087,1948,4
1087,1960,3
1087,3363,2
1087,3499,1
1087,1411,4
1087,2915,1
173,1394,1
173,926,4
173,1694,4
173,2324,2
173,2937,4
173,3470,2
173,1251,4
1087,2872,4
1087,1077,1
173,919,2
173,922,3
173,3872,3
173,1207,4
173,1041,4
1087,1584,3
1087,1449,4
173,1952,1
173,3224,3
173,527,3
173,1237,3
173,541,2
1087,1500,1
1087,1641,3
173,3307,2
173,3030,1
173,912,4
173,2905,2
1087,2067,2
1087,3481,3
1087,728,2
173,2920,1
173,1922,2
173,2935,2
1087,1954,3
1087,2076,3
1087,2529,2
1087,150,3
1087,2797,3
1087,1079,4
1087,1333,4
1087,1258,3
1087,1678,2
1087,1222,3
1087,1211,3
1087,1997,2
1087,1968,2
1087,265,3
1087,954,2
1087,3671,3
1087,1256,1
1087,2020,2
1087,2791,4
1087,110,3
1087,994,2
1087,915,2
1087,902,4
1087,1393,4
1087,2064,4
1087,3424,1
1087,17,3
1087,1307,1
1087,914,4
1087,1234,4
1087,1066,3
1087,3147,3
1087,1288,2
1087,2918,3
1087,3471,2
1087,778,4
1087,1293,1
1087,1278,2
1087,3871,4
1087,2947,3
1087,1304,2
1087,2289,4
1087,3095,4
1087,1941,1
1087,940,4
1087,1175,2
1087,1208,2
1087,1949,1
1087,3421,1
1087,1725,3
1087,1136,1
1087,296,2
1087,1250,4
1087,2028,2
1087,899,3
1087,1213,2
1087,1262,1
1087,1203,4
1087,1212,2
1087,2728,1
1087,912,2
1087,908,1
1087,1225,4
1087,2804,2
1087,318,3
1087,527,4
1087,923,3
1087,1221,1
1087,858,2
1087,3911,1
1087,3897,2
1087,3901,1
1087,1875,3
1087,1906,3
3550,3327,1
3550,1218,4
4126,3755,1
4126,1892,3
4126,507,1
3562,3915,3
2242,1645,4
2242,47,3
2242,3510,3
2242,1590,2
195,2648,3
2242,2719,1
2242,1339,3
2242,2550,3
2242,1387,2
2242,1219,4
3610,2617,2
3610,733,4
3610,3527,3
5359,3882,4
2242,2163,1
2242,355,1
2242,3248,2
2242,19,1
2242,3565,1
2242,520,3
774,733,2
2242,2478,4
2242,3243,1
774,3911,1
2242,2717,3
2242,1091,3
2242,344,4
2242,3258,1
2242,550,2
2242,410,4
2242,2413,3
2242,252,4
2242,3263,3
2242,3247,1
2242,1747,2
2242,2746,2
2242,3264,3
2242,2770,2
2242,3157,1
2242,500,2
2242,2003,2
2242,2124,2
2242,1485,1
2242,3809,4
2242,708,2
2242,1569,1
2242,543,2
2242,1285,4
2242,2150,1
2242,357,3
2242,440,3
2242,497,2
2242,3671,1
2242,356,4
2242,2302,4
2242,2321,2
2242,2747,1
2242,2716,2
2242,1500,1
2242,1641,1
2242,1278,2
2242,2324,1
2242,1265,3
3013,2501,2
2242,1136,3
2242,3268,2
2242,485,3
2242,517,3
2242,316,2
2242,3753,2
2242,1205,1
2242,288,3
2242,1608,4
2868,1635,2
2446,2806,3
2446,2840,1
2446,2723,1
2446,2581,4
2446,2568,4
2446,2605,3
2446,2688,4
2446,2722,3
2446,3175,2
2446,2188,4
293,805,3
293,483,2
2451,3512,4
218,3889,2
218,3827,2
218,3901,1
218,3317,1
218,3893,3
218,3916,3
218,3852,4
218,3911,2
218,3897,3
293,3948,1
293,3893,1
293,3746,3
5996,911,1
3519,2192,4
3519,3794,1
1776,3785,1
1776,3948,4
3824,3820,3
3824,3882,2
3824,3555,1
3824,3948,2
3824,3822,3
3824,3949,4
3824,1250,1
3824,1136,3
3824,1207,2
3824,3362,4
3824,3022,3
3824,1254,3
3824,1221,4
3824,1237,3
3518,3794,1
231,1748,2
791,2409,1
791,1093,1
791,1204,1
2390,3553,3
2390,3286,3
2390,3623,3
2390,3565,3
2390,3753,2
2390,3481,3
2390,3408,3
2390,3897,3
3821,3753,1
1716,3895,4
4387,2341,2
4387,1629,1
1611,2115,2
1611,1291,4
2239,3897,3
1088,539,1
1088,2340,4
4126,292,3
4126,2571,2
2409,3578,2
2409,3852,4
2688,3948,2
2688,47,2
2544,474,3
2544,1211,1
2544,2243,2
2544,1066,2
2544,3097,2
2544,2208,3
3509,3300,1
3509,2232,2
2544,2724,1
2544,2159,3
2544,1535,3
2544,2329,4
2544,2348,1
2544,1282,3
2544,1060,4
2544,373,3
195,597,2
2544,3105,4
2544,1610,3
2544,2967,2
2544,2729,1
2544,308,2
2544,931,2
2544,2071,1
2544,3347,4
2544,1183,3
2544,534,1
2544,199,4
2544,1913,3
2544,1123,2
2544,2204,1
2544,1187,4
2544,1446,4
2544,515,4
2544,702,3
2544,3653,2
2544,1111,1
2544,1150,3
2544,232,1
2544,2940,3
2544,3069,2
2544,307,1
2544,2692,4
2544,1929,1
2544,2664,2
2544,940,3
2544,306,4
2544,2804,2
2544,3634,2
2544,1860,4
2544,1162,3
2544,2248,2
2544,3341,3
2544,3897,2
3509,1206,2
2544,1218,3
3509,253,4
3509,3578,3
3509,3160,3
5359,1274,2
3428,2870,1
195,912,1
1551,3361,4
1551,1212,4
2105,3893,2
2015,2123,3
2015,708,2
2015,647,2
1748,3257,4
1748,3241,3
195,2103,1
1165,2501,2
1165,2761,3
1165,2762,3
1165,2359,3
2018,3129,2
2018,3189,3
2018,3148,1
2018,1354,3
5333,2959,1
1051,1286,3
1051,3753,3
1051,3901,4
1051,2026,4
639,839,1
639,2410,2
639,2412,1
639,2642,3
639,2411,3
639,2643,3
1113,3948,1
1113,3943,4
1113,1892,4
1395,3911,3
1165,1904,2
355,1214,1
355,1200,4
1717,3704,4
1717,737,1
1717,1200,4
1717,1321,2
1088,2542,3
2097,47,4
5333,928,2
1812,2054,3
1812,2080,1
1812,2077,1
3428,2882,4
3821,444,2
2106,1247,2
453,1732,1
3428,1303,4
4517,1673,3
1088,2805,2
1088,2447,2
1142,2976,3
1794,3879,1
1794,3793,4
2409,3948,3
2409,3893,1
2409,3831,3
2409,3317,2
2409,3510,1
2409,3897,1
3391,1317,3
3018,2770,3
3391,1797,4
5387,3884,4
5737,1635,3
4496,3317,2
4496,3903,4
1274,3629,1
1274,3140,3
1274,3742,2
1274,2847,4
1274,3134,1
1274,946,3
1274,1935,2
1274,3089,2
1274,3095,3
1274,668,3
1274,3405,4
1274,2351,1
1988,2304,2
480,3623,1
480,3301,3
480,3408,4
2903,2724,1
2903,3210,3
4791,2279,3
3410,783,3
5539,2442,2
5539,3534,2
2060,3827,3
2060,2502,1
2097,1537,3
146,2291,1
146,3599,1
146,2605,1
146,3334,3
146,1354,4
146,3082,4
1211,3897,1
3821,2271,2
4126,168,3
4126,2432,4
1733,1236,4
1733,216,2
1733,154,2
5333,2687,1
3074,3275,2
3074,3317,4
3074,3747,3
3074,3325,2
3074,3316,2
3074,3580,4
3074,3185,4
3074,3408,2
3074,3915,1
3074,3512,2
3074,3897,2
3074,3198,1
3074,3457,3
3074,534,4
3074,3831,3
3074,2766,2
3074,2501,2
3387,2575,2
3387,2908,4
3387,562,3
3387,1179,2
3387,1719,3
3387,527,1
3387,1694,1
3387,1885,3
3387,308,1
3387,36,4
3387,265,1
3387,3006,2
3387,318,2
3387,2360,3
5333,1212,2
2594,1544,3
2594,1848,2
2594,3269,4
2594,434,2
2594,1552,2
2594,653,1
2594,2167,1
2594,1676,4
2594,3175,4
2594,1358,4
2594,1393,2
2594,296,1
2594,593,3
2594,318,2
2594,380,2
2594,349,3
2594,733,1
2594,2353,3
2594,3418,2
2594,2763,1
2594,2916,1
2594,3256,1
2594,457,4
2594,3784,1
2594,494,1
2594,1370,2
2594,3086,4
2594,1036,3
2594,3755,3
2594,3861,3
2594,2571,1
1088,2560,4
2020,3911,4
1088,631,1
1088,435,3
1088,2123,1
1088,2183,2
1969,110,1
195,3950,3
392,1193,3
1274,1251,2
1274,1161,2
1274,3622,1
1274,2921,3
1274,3947,1
1274,1419,2
1274,3741,3
1274,2932,2
1717,3134,1
1717,527,4
1717,1348,4
1274,1235,1
1274,1136,4
1274,1199,4
1274,3819,2
3113,3317,1
1969,3826,1
3013,3502,1
1173,3862,4
1173,2686,4
1173,2336,2
2793,3705,4
2793,1590,3
2793,459,1
2793,3257,1
2793,1769,3
2793,996,3
2793,153,3
2793,504,1
2793,2334,2
2793,442,3
2793,1676,1
2793,2002,4
2793,3082,4
2793,1876,2
2793,1597,4
2793,1320,1
2793,2723,3
2793,3020,2
2793,3107,3
2793,368,3
2793,288,2
2793,145,3
2793,474,4
2793,2183,1
2793,3424,3
2793,903,2
4834,3424,3
4834,750,1
5333,195,1
1733,1288,4
1733,3911,4
3428,1203,2
4591,2692,3
1958,2724,1
1088,903,4
1088,110,1
195,2159,4
159,3793,3
159,2070,2
159,3114,2
159,2762,4
159,3753,4
159,3578,4
159,2716,2
159,3408,4
159,2881,1
159,2759,2
159,3615,4
159,3751,1
159,2858,2
159,2987,4
159,2763,2
159,2724,3
159,2485,4
159,2396,4
159,1513,4
159,2581,1
159,2805,3
159,2688,1
159,2599,3
159,2718,3
159,2772,2
159,3543,4
159,2355,4
159,2710,2
159,2683,3
159,2706,3
159,2572,4
159,1234,2
159,1198,2
159,1210,4
159,2028,4
159,3255,2
2878,2708,3
2106,3565,2
2193,2617,3
1458,2648,4
1458,1265,3
1458,2028,3
1458,34,2
1458,1272,3
1458,296,1
1458,2997,3
1458,2728,1
1458,2804,1
1458,1617,1
1458,2336,2
1458,1288,2
1458,2078,2
1458,260,1
1458,1207,1
1458,1196,4
1458,593,3
1458,3095,3
1458,919,4
1458,318,4
1458,3596,2
1458,3646,4
1458,3754,4
1458,3326,3
1458,3752,2
1458,3821,3
1458,3301,3
1458,3534,1
1458,3785,1
1458,3948,1
1458,3943,1
1458,3852,4
1458,3536,1
1458,3893,1
1458,3911,3
1458,3897,3
770,3359,4
770,1090,3
2070,3893,3
3519,1079,1
862,3862,3
195,1224,2
678,3317,4
5621,1552,1
3423,3299,4
3423,3897,4
3423,3916,2
3423,3893,2
1712,3730,1
1712,2412,1
1712,3689,4
1712,2122,4
1712,2642,3
1712,3688,4
1712,2119,3
1712,2411,1
1712,2410,3
1712,2409,4
1712,1093,4
1712,2177,4
1712,2112,1
1712,2641,1
1712,186,1
1712,3049,2
1712,353,3
1712,2180,4
1712,587,2
1712,1635,4
1712,2245,3
1712,3358,3
1712,733,2
1712,708,2
1712,2204,1
1712,1954,4
1712,1958,1
1712,2176,3
1712,3950,1
3428,1951,3
3428,2779,2
1425,3129,1
1425,2725,4
1425,908,3
1425,1678,1
3428,1921,4
1425,2976,2
1425,3897,3
3428,14,2
3428,2529,2
5450,500,3
5450,705,3
5450,10,3
5450,1614,3
5450,3526,3
5450,3552,4
5450,3812,3
5450,1784,2
5450,171,2
5450,1962,2
5450,1643,4
5450,2700,1
5450,509,1
5450,1305,3
5450,2626,3
5450,1013,3
5450,1794,4
5450,1393,3
1202,2072,2
5450,1673,4
5450,1517,4
1202,2469,3
5450,47,4
1202,3591,2
1202,3087,2
5450,2302,2
5450,364,3
5450,678,4
5450,1222,3
5450,1297,2
1202,2795,3
1202,2243,3
1202,2064,3
1202,2915,1
5450,2599,3
5450,1732,2
5450,2333,1
5450,2791,3
5450,2918,1
5450,1246,1
5450,58,3
5450,3547,4
5450,3363,1
5450,2542,3
5450,300,4
1015,2769,2
5450,3424,1
5450,3086,2
5450,1079,3
5450,3412,2
5450,2282,2
5450,3340,1
5450,1173,1
4600,2617,2
3041,2710,3
3041,2769,3
5367,2617,2
5636,3328,3
5972,2624,1
1616,1769,3
1616,465,4
1616,996,4
1616,809,4
1616,1552,2
1616,1391,2
1616,380,4
1616,517,2
1616,1917,3
1616,2393,2
1616,251,3
1616,3274,1
1616,2893,1
1616,648,1
1616,376,2
1616,329,2
1616,2334,2
1616,736,2
1616,145,3
1616,2167,3
1616,479,4
1616,2023,4
1616,507,1
1616,292,1
1616,1616,4
1616,423,3
1616,2273,1
1616,2763,2
1616,1722,3
1616,1385,2
1616,494,1
1616,1488,2
1616,861,4
1616,2278,4
1616,2006,2
1616,353,3
1616,165,4
1616,1597,1
1616,10,1
1616,1573,2
1616,349,2
1616,474,1
1616,1676,3
1616,3082,1
1616,1429,4
1597,3747,4
1597,3943,3
1597,2411,1
1597,2119,2
1597,2412,2
1597,2410,4
1597,2642,4
1597,2409,3
1597,2617,1
1597,587,2
1597,1093,4
1597,2640,3
1597,2641,4
1597,3098,4
1597,1954,1
1597,3910,4
1616,3256,3
1616,2058,3
1616,2490,3
1616,3107,3
1616,1608,3
1616,733,2
1616,198,3
1616,480,2
1616,6,1
1616,2692,2
1556,2502,3
1556,110,3
2820,3273,1
5841,532,2
1969,3897,2
5333,3688,2
5250,949,1
3462,2119,3
3462,2617,4
3462,1958,1
3462,3948,3
3462,3897,4
3428,2150,1
3428,2064,1
1519,532,4
3428,1035,3
1519,1171,2
1519,2371,2
1519,3552,1
1519,2795,1
1519,3868,2
1519,2804,3
3428,2245,2
3428,477,4
3428,282,4
3428,2115,1
3428,780,2
3428,1398,1
3428,1401,2
1088,1073,4
3428,237,4
3428,1735,1
2131,3948,2
3203,3358,4
5157,3241,1
5157,3421,4
5157,1234,2
5157,265,3
5157,58,2
5157,900,3
5157,2065,2
5157,1674,4
5157,2020,3
5157,920,4
5157,1947,4
5157,1172,2
5157,1296,2
5157,899,4
5157,1244,3
5157,1247,3
5157,912,1
1491,903,3
5011,1226,3
5011,3354,2
5011,3863,3
5011,3751,3
5011,3882,2
5956,2292,4
453,1967,1
3732,942,3
3732,2324,4
3732,1225,4
195,2722,4
195,3598,2
1181,3882,3
4604,2411,4
4604,2642,3
4604,2409,4
4604,2641,2
4604,2640,4
4604,3948,3
4604,2245,4
4604,3527,3
4604,1954,4
4604,2769,2
4604,3578,2
4604,3481,2
4604,1912,4
4604,1673,2
4604,1610,1
4604,1266,3
4604,47,3
4604,1704,2
4604,2959,3
4604,1089,1
4604,2571,3
4604,296,2
4604,50,2
4604,2003,2
4604,1297,2
4604,1101,3
4604,2005,3
4604,2115,4
4604,2371,2
4604,3087,4
4604,1257,2
4604,2795,4
4604,2797,4
4604,3098,2
4604,2081,4
4604,1291,4
4604,2000,2
4604,1968,2
4604,1674,3
4604,1270,3
4604,1240,2
4604,1036,3
4604,1097,2
4604,3361,1
4604,2918,1
4604,1198,2
4604,3424,1
4604,1225,4
4604,69,1
4604,1196,3
4604,1213,3
4604,527,4
4604,260,4
4604,1221,3
4604,858,2
4604,1307,1
4604,912,3
4604,3897,1
4604,2700,3
4604,3617,4
4604,2706,4
4604,2716,1
4604,2694,2
4604,2605,1
4604,223,1
4604,1127,4
4604,1060,1
4604,2020,3
4604,1246,1
3526,3564,3
3526,3354,2
3526,3285,3
3526,3324,4
3526,3326,2
3526,3300,1
3526,3408,3
3526,3536,4
3526,3578,4
3526,3481,3
1780,2624,2
5956,1960,4
5956,1136,4
5956,111,2
5956,3786,2
4656,3452,3
5333,3203,2
4277,3897,3
2106,3006,2
2176,300,2
1327,1688,1
1327,1566,2
1327,2394,3
1327,1487,4
1327,1093,4
1327,1772,2
1327,595,2
1327,588,4
1327,783,3
1327,364,1
1327,73,4
1327,661,3
1327,551,2
1524,328,4
4126,407,2
1958,3893,3
195,3796,1
1302,1059,4
1302,2841,1
3751,3688,4
3751,3689,2
3751,3889,4
3751,2177,4
3751,2179,4
3751,2180,4
3751,2184,2
3751,1480,3
3751,1410,1
3751,901,2
3751,2183,4
3751,3527,2
3751,1958,4
3751,1093,2
3751,2176,2
3751,3893,1
3751,2245,4
3751,3823,3
3751,3897,1
3751,3916,1
3751,3948,4
3751,1635,4
1941,2855,1
1941,2979,4
1941,1427,3
1941,3484,1
1941,240,1
1941,2505,2
1941,2185,2
1941,2408,1
1941,338,1
1941,802,2
1941,1284,1
1941,1880,4
1941,2975,1
1941,2207,4
1941,1363,3
1941,3403,3
1941,2734,4
1941,3791,1
1941,536,1
1941,282,3
1941,2712,2
1941,3478,2
1941,3176,3
1941,488,4
1941,1621,4
1941,3029,3
1941,3298,2
1941,1611,2
1941,3510,2
1941,3724,2
1941,778,3
1941,3169,2
1941,3480,1
1941,647,4
3411,3317,4
3411,3897,4
1941,2959,4
1941,3160,4
1941,3260,2
1941,3744,2
1941,3391,3
1941,3392,2
1941,3031,3
1941,3146,1
1941,1837,4
1941,231,4
1941,840,1
1941,1855,2
1941,1793,1
1941,1410,4
1941,830,4
1941,1564,3
1941,663,4
1941,1646,1
1941,585,3
1941,2111,3
1941,542,3
1941,3565,3
1941,2485,2
1941,2136,3
1941,3040,4
1941,2518,2
1941,2423,1
1941,2889,3
1941,3052,1
1941,2738,3
1941,2325,1
1941,2926,3
1941,1965,4
1941,3108,2
1941,1663,3
1941,351,1
1941,1883,2
1941,934,1
1941,141,1
1941,2144,1
1941,2065,3
1941,3253,4
1941,3244,4
1941,1077,4
1941,2870,2
1941,2243,3
1941,2883,3
1941,927,3
1941,1739,1
1941,355,3
1733,2349,2
1941,1592,3
1941,1426,2
1941,1367,3
1941,1566,3
1941,3398,2
1941,801,3
1941,2140,1
1941,3390,4
1941,169,4
1941,2344,2
1941,3036,1
1941,479,3
1941,3208,1
1941,504,1
1941,442,1
1941,3807,1
1941,507,3
1941,2364,1
1941,3062,3
1941,3384,3
1941,3578,4
1941,3104,4
4591,2835,4
4591,252,3
4591,3452,4
3041,3916,1
3041,3317,4
3041,3897,2
3430,2973,3
1413,3823,1
1413,3598,2
1413,2769,3
678,3409,1
678,2912,2
127,3857,4
1088,1334,1
1088,1339,2
1088,1005,4
1088,2429,3
1088,2082,3
1088,2430,3
1088,2042,3
1447,1077,4
1088,2310,1
1088,2236,2
1088,2384,3
1447,2103,2
1088,2048,3
1088,317,2
1447,1015,1
1088,1042,4
1088,2583,2
3916,353,4
3916,3897,3
3916,3896,2
173,3852,2
173,2245,1
173,733,1
173,2180,2
173,1093,2
173,353,4
173,3701,2
173,3527,4
173,3916,4
173,708,3
173,647,4
173,2178,3
173,2184,4
173,1173,1
173,3098,2
173,1414,1
173,3943,3
173,2112,2
173,1226,3
173,1635,2
173,2176,1
173,1287,1
173,1958,1
173,1299,4
173,3424,2
173,549,3
173,2349,4
173,750,1
173,1203,1
173,3720,4
2781,1732,3
2781,1459,2
2781,350,4
2781,3706,4
2781,1892,3
2781,1589,2
2781,2583,3
2781,3044,1
2781,2076,1
2781,1284,4
2781,2628,4
2781,2193,4
2781,3920,4
2781,2161,3
2781,2140,1
2781,1967,2
2781,2100,2
2781,3479,3
2781,260,1
2781,2872,2
2781,2173,1
2781,1097,4
2781,2968,3
2781,2797,2
2781,2478,3
2781,2012,3
2781,458,3
2781,553,3
2781,714,3
2781,1266,3
2781,590,1
2781,2441,1
2781,599,3
2781,3365,3
2781,1283,4
2781,1201,3
2781,1407,2
2781,1645,4
2781,1982,4
2781,3535,4
2781,3627,2
2781,2288,1
2781,1215,1
2781,1994,1
2781,2525,3
2781,3476,2
2781,1345,4
2781,3576,4
2781,1321,1
2781,3018,2
2781,3499,4
2781,1997,4
2781,2159,4
2781,2648,1
2781,1348,1
2781,1387,1
2781,910,4
2781,2788,1
2781,3504,3
2781,3462,1
2781,1244,4
2781,3362,1
2781,1230,1
2781,6,3
2781,1227,1
2781,628,3
2781,377,3
2781,2917,3
2781,1249,1
3420,2186,1
3420,1221,1
3420,1649,2
3420,1189,2
3420,2054,1
3420,317,2
3420,2622,2
3420,1097,4
3420,2797,3
3420,1009,4
3420,1031,2
3420,1380,3
3420,1345,3
3420,1214,2
3420,1073,1
3420,1954,1
3420,1997,2
3420,1206,2
3420,3421,1
3420,1955,2
3420,260,4
3420,1294,1
3420,3363,4
3420,1230,1
3420,858,3
3420,1193,1
3420,2639,2
3420,2003,2
3420,2100,4
3420,2736,1
3420,2144,1
2781,1212,2
3420,3552,1
3420,3844,4
3420,2081,2
2781,1889,3
2781,3897,2
2781,1361,2
2781,3947,2
3420,2133,2
3420,3033,4
3420,1124,2
3420,2987,2
3420,592,1
3420,1994,4
3420,1296,3
3420,1290,1
3420,2795,3
3420,2915,4
3420,1298,3
3420,2423,4
3420,2716,3
3420,2791,1
3420,1347,2
3420,3210,2
3420,1270,1
3420,2174,1
3420,2020,4
3420,1674,1
3420,2114,2
3420,3526,4
3420,1246,1
3420,1961,1
3420,2005,2
3420,1307,1
3420,1257,3
3420,3072,2
3420,1285,1
3420,1956,2
3420,2739,4
3420,1258,1
3420,1198,1
3420,2918,4
3420,1222,4
3420,1394,2
3420,1968,1
3420,1225,4
3420,1197,3
3420,1196,1
3420,2804,1
228,3355,2
228,3409,4
228,3745,4
228,3510,4
228,3408,1
3821,2829,1
1551,3948,3
1422,3893,1
996,1221,3
996,3893,3
3547,3578,1
4802,1394,3
4802,147,2
4802,424,1
4802,597,2
4802,2671,3
4802,3751,1
1088,277,3
1088,2846,1
1088,410,2
1088,2124,2
1088,1027,2
1088,27,2
1088,1644,1
1088,3185,1
1088,473,2
1088,1688,3
3285,3328,1
3285,3867,3
3285,3895,2
3285,3952,2
3285,3852,2
3285,2769,3
1088,1946,2
173,3091,3
173,1104,1
173,3629,3
173,3469,4
173,2731,4
173,3201,1
173,3678,2
173,949,4
173,1247,2
173,3416,2
173,3789,3
173,3929,2
173,318,1
173,3950,2
173,1232,2
173,3420,3
173,3379,3
173,2639,4
173,3330,4
173,3498,1
173,1631,2
1395,3831,4
2106,357,1
2106,2529,1
2106,1621,4
2106,904,3
3420,1483,4
3420,848,4
3420,144,2
3420,3261,1
3420,1441,3
3420,3253,4
3420,1059,4
3420,2427,3
3420,587,2
3420,1613,4
3420,708,4
3420,2771,4
3420,661,2
3420,3107,4
3420,1784,4
3420,508,1
3420,647,1
3420,1343,3
3420,361,4
3420,3186,2
3420,57,2
3420,551,3
3420,1027,1
3420,2231,1
3420,1777,3
3420,342,3
3420,1643,3
3420,2706,2
3420,1517,3
3420,595,4
3420,3145,1
3420,1407,1
3420,2916,2
3420,3052,4
3420,357,2
3420,230,3
3420,147,3
3420,2023,1
3420,1339,4
3420,3499,1
3420,1641,3
3420,2321,4
3420,1729,1
3420,94,1
3420,838,3
3420,2268,3
3420,11,1
3420,1639,4
3420,2890,3
3420,32,2
3420,562,4
3420,47,3
3420,1094,1
3420,125,4
3420,1635,1
3420,2542,1
3420,1625,1
3420,2396,2
3420,82,3
3420,1089,4
3420,2692,3
3420,50,2
3420,3299,4
3420,3747,4
3420,3948,1
3420,3893,1
678,673,1
678,2789,2
678,2942,1
678,275,1
678,379,4
678,4,1
678,303,4
678,195,3
678,158,1
678,674,4
678,2805,3
678,2615,3
678,2095,4
678,2369,4
678,1064,2
678,3269,4
678,1547,3
678,2301,2
678,2491,2
678,2337,2
678,2136,2
678,1024,2
678,2803,4
678,3477,1
678,2941,3
678,1010,3
678,261,2
678,3608,4
678,3927,3
678,125,4
678,1951,3
678,708,3
678,3776,2
678,2245,1
5359,1228,4
678,832,3
678,2099,2
678,2261,2
678,3684,2
678,3552,3
678,1101,3
678,2240,3
678,2756,3
678,2529,2
678,1029,4
678,2090,4
678,1013,3
678,1374,2
678,2872,4
678,3101,2
678,2102,1
678,1079,3
678,2085,3
678,1022,4
678,596,2
678,2087,2
678,1028,4
678,235,2
678,2300,4
678,1023,1
678,3516,1
678,2078,3
678,953,4
678,920,2
678,3094,1
678,927,4
678,950,3
678,1212,3
678,2851,2
678,2034,2
678,2533,3
678,2532,2
678,1327,1
678,2901,2
678,3732,2
678,2531,4
678,2530,2
678,2038,2
678,2367,3
678,1371,3
678,1011,4
678,2016,2
678,2091,4
678,2051,1
678,3674,4
678,2877,4
678,3506,3
678,3807,3
678,1009,2
678,1007,3
678,2528,4
678,2014,2
678,3040,4
678,2527,1
678,1380,4
678,1030,4
678,2109,2
678,3771,3
678,616,2
678,1031,1
678,3672,2
678,2640,1
678,1982,4
678,2779,2
678,1350,3
678,1345,3
678,3244,3
678,3498,4
678,3671,3
678,3396,4
678,3882,2
5621,165,3
5621,1036,3
5621,1792,1
5333,905,1
5333,3128,1
3821,3901,2
5737,3536,4
4647,2770,3
4647,3943,2
2547,1036,1
2547,1307,2
2547,2289,2
2547,1944,4
2547,1283,1
2547,2571,3
2547,1197,3
2547,1285,1
2547,994,2
2547,3198,1
2547,927,2
2547,1296,4
2547,3481,1
2547,2020,3
2547,3111,1
2547,2599,2
2547,1945,4
2547,1235,4
2547,2064,2
2547,1201,1
2547,1244,3
2547,3201,4
2547,3424,3
2547,3365,2
2547,1198,1
2547,2940,1
2547,951,2
2547,599,2
2547,3548,1
2547,1213,1
2547,260,2
2547,3341,3
2547,296,3
2547,3200,4
2547,1096,4
2547,1956,2
2547,2396,2
2547,593,3
2547,2132,4
2547,2973,3
2547,3152,2
2547,2804,1
2547,318,3
2547,90,2
3688,3543,3
1611,2861,4
1611,2747,1
1611,261,2
1611,365,3
1088,1234,2
424,2403,3
424,380,1
424,3274,2
424,493,2
424,2115,4
424,3107,2
424,1676,4
424,2457,1
424,349,2
424,3029,4
424,3020,4
424,3256,2
424,2353,1
424,2427,2
424,2406,2
424,1370,4
424,1275,2
424,2000,2
424,1610,1
424,3418,3
424,377,3
424,474,3
424,2949,4
424,2947,1
424,2366,1
424,2088,3
424,1031,4
424,1380,3
424,1032,3
424,1030,1
424,1298,3
424,1035,4
424,899,2
424,900,3
424,2922,4
424,3494,1
424,2628,2
424,1210,2
1019,232,4
1019,1673,2
3096,3,2
3096,3705,3
3096,605,2
3096,3257,3
3096,2316,1
2188,3157,2
3096,236,2
3096,1409,3
3096,1569,2
3096,3528,2
3096,736,4
3096,1353,4
3096,207,4
3096,802,1
3096,2724,4
2188,2692,1
424,2005,1
3096,3155,2
3096,1408,4
3096,2424,2
3096,2671,2
3096,357,4
3096,587,3
3096,440,1
3096,539,2
3096,1721,4
3096,339,1
3096,1265,3
3096,356,3
3096,11,3
3096,2396,1
3096,3299,3
3096,3190,3
2188,2858,2
3096,3623,1
2188,3860,4
424,2013,3
424,2900,3
3096,3408,1
424,2713,1
424,2572,2
3096,3646,3
424,3635,4
3096,3536,1
3096,3824,3
3096,3798,4
5333,904,1
2688,3578,3
2627,3598,1
2097,2762,1
5333,1894,3
195,3727,1
195,2360,2
412,1571,2
5831,3317,2
5831,3852,2
5831,3882,4
3821,3943,1
149,2769,4
1137,3884,4
1137,3946,4
1137,3916,1
1137,3827,1
1137,3852,1
1137,3903,3
1137,3950,1
1137,2769,1
1266,3892,3
1266,427,1
1266,839,4
1266,2122,4
1266,3891,1
1266,186,2
1266,435,2
1266,241,3
1266,327,1
1266,312,3
1266,2119,4
1266,2123,2
2451,2617,4
2451,3916,4
2451,2583,3
4258,3916,4
4258,372,2
5333,1283,3
4579,3793,2
4579,3783,2
4579,3481,3
5333,1276,4
2272,3326,3
2272,3618,2
2272,3241,3
3821,80,3
1941,3839,2
1941,330,2
1941,2315,2
1941,3785,1
1941,1331,3
1941,2327,1
1941,3838,1
1941,2560,3
1941,3693,3
1941,273,3
1941,532,3
1941,2781,2
1941,1321,1
1941,2646,2
1941,2647,4
1941,2638,1
1941,2637,1
1941,2634,2
1941,2652,1
1941,841,1
1941,2648,4
1941,1348,1
1941,2785,3
1941,3264,4
1941,3825,1
1941,3798,1
737,589,1
3051,2355,4
1218,3897,3
3410,514,4
3410,477,3
1579,2816,4
1579,1389,3
1579,2422,1
1579,1381,3
1579,2450,1
1579,2815,1
1579,2735,1
487,3893,1
1579,2413,2
1579,2376,3
1579,3688,4
1579,2472,1
1579,1298,3
1579,2133,3
1579,2474,4
1579,2469,1
1579,2076,2
1579,1186,1
1579,2846,4
1579,1998,3
1579,1388,4
1579,3430,1
1579,1371,4
1579,3638,4
1579,2409,3
1579,2877,4
1579,2657,3
1579,2095,1
1579,1380,2
1579,3040,1
1579,3635,3
1579,2109,2
1579,2640,2
1579,3224,2
1579,3649,1
195,1711,4
3833,900,3
2022,3893,4
3693,1084,1
2969,1374,4
2969,1376,4
2969,1373,1
2969,1375,2
2969,1372,4
2969,1371,3
2969,3235,2
2969,2617,2
4933,3078,4
149,1958,2
149,2721,4
149,2724,2
149,3185,3
149,2686,4
149,3617,1
149,3117,2
149,3219,1
149,1959,4
149,24,1
149,3752,4
149,3174,4
149,3053,2
149,2856,2
149,2688,3
149,2605,3
149,3203,2
149,2369,3
1605,2357,4
149,2433,1
149,2908,1
149,2770,2
149,2710,4
149,2827,1
149,2706,4
149,2683,3
149,2572,3
149,3952,1
2895,3906,2
678,3564,2
678,3754,1
678,3325,4
678,992,1
678,1681,3
678,2548,2
678,181,2
678,1556,4
678,1495,2
678,3054,4
678,427,3
678,2800,1
678,839,1
678,546,2
678,2715,2
678,2027,2
678,1453,3
678,12,3
678,880,2
678,3709,3
678,2153,2
678,160,1
678,540,1
678,92,1
678,3248,4
678,3243,4
678,3669,1
678,2084,2
678,3439,4
678,2120,3
678,65,2
678,1591,2
678,415,1
678,1999,4
678,2849,3
678,1882,3
678,44,2
678,2162,1
678,355,4
678,173,4
678,1867,4
678,234,2
678,15,3
678,1644,1
678,2884,2
678,3053,2
678,533,2
678,3802,1
678,430,4
678,2808,1
678,1562,2
678,3835,1
678,489,4
678,3705,4
678,2429,1
678,2953,2
678,2004,4
678,1702,3
678,455,4
678,1831,2
678,2898,1
678,2986,3
678,186,2
678,2188,2
678,818,4
678,1037,3
678,2297,1
678,2719,1
678,193,4
678,327,3
678,2053,2
678,366,2
678,1779,4
678,153,2
678,1353,4
678,3258,1
678,3438,4
678,208,3
678,2322,1
678,3489,2
678,1911,2
678,1586,3
678,1464,2
678,436,2
678,338,2
678,544,1
678,3257,3
678,2092,4
678,2052,4
678,520,3
678,1363,1
678,273,3
678,2722,3
678,1588,4
678,48,3
678,2504,1
678,879,4
678,1191,3
678,3764,3
678,3436,2
678,2082,1
678,185,1
678,1391,4
678,830,2
678,442,3
678,1881,2
678,486,3
678,2978,1
678,2616,3
678,2558,4
678,542,1
678,2617,1
678,1416,2
678,24,3
678,1769,1
678,2165,2
678,481,1
678,253,3
678,2446,3
678,1917,2
678,788,3
678,31,4
678,742,2
678,218,3
678,1603,1
678,724,3
678,2724,2
678,2340,3
678,2320,3
678,2710,1
678,2881,4
678,1513,1
678,2316,4
678,2840,3
678,188,2
678,550,4
678,1821,3
678,1554,3
678,783,1
678,3264,3
678,2432,1
678,2875,3
678,736,4
678,1377,4
678,1593,3
678,236,2
678,282,1
678,203,1
678,3219,2
678,353,4
678,196,4
678,2541,3
678,1918,4
678,552,4
678,537,4
678,517,3
678,2393,1
678,1552,3
678,2024,3
678,2106,4
678,2249,2
678,3274,1
678,1612,3
678,3247,2
678,1676,4
678,3020,3
678,653,3
678,2,3
678,316,1
678,3249,1
678,2447,4
678,3254,1
678,3120,4
678,984,1
678,1606,1
678,3528,3
678,57,1
678,1690,4
678,1717,4
678,1320,4
678,178,1
678,2023,3
678,2026,1
678,1385,1
678,860,3
678,2168,4
678,410,1
678,165,1
678,1027,3
678,224,3
678,3045,1
678,2699,1
678,1696,4
678,786,1
678,408,3
678,2083,4
678,177,2
678,1758,4
678,1713,3
678,1407,1
678,628,4
678,1409,2
678,748,3
678,3252,3
678,10,4
678,1747,1
678,426,4
678,2112,2
678,1722,4
678,322,1
678,802,1
678,1059,1
678,1396,2
678,553,2
678,1794,1
678,2502,1
678,1912,1
678,497,1
678,1060,1
678,508,1
678,2607,4
678,2124,3
678,351,1
678,317,4
678,2539,4
678,1339,2
678,1656,3
678,2273,4
678,2089,3
678,1608,3
678,3263,4
678,372,4
678,180,1
678,586,4
678,780,1
678,1688,1
678,2707,4
678,1020,4
678,288,1
678,587,2
678,1733,1
678,2012,3
678,500,1
678,2094,3
678,1569,2
678,2891,1
678,2496,1
678,1777,4
678,3712,3
678,3261,1
678,2889,1
678,1015,4
678,198,1
678,367,2
678,1625,1
678,1441,4
678,2059,3
678,380,3
678,2581,2
678,3250,4
678,1367,2
678,3686,2
678,1527,2
678,799,1
678,230,1
678,3809,1
678,2046,1
678,1047,4
678,329,1
678,1092,2
678,1356,2
678,1835,1
678,1614,2
678,2837,2
678,2231,3
678,538,1
678,1619,4
678,345,1
678,171,4
678,141,3
678,3125,3
678,1876,2
678,514,2
678,1611,1
678,1414,1
678,1372,1
678,2167,4
678,1727,2
678,454,3
678,3081,3
678,151,4
678,2706,1
678,2006,3
678,2045,4
678,187,1
678,733,2
678,342,4
678,223,2
678,3253,3
678,1370,3
678,339,4
678,2671,3
678,2294,2
678,3386,1
678,1573,2
678,3108,4
678,3107,3
678,348,1
678,3163,3
678,2424,3
678,324,2
678,539,4
678,2355,4
678,1639,2
678,3213,4
678,3270,4
678,1580,1
678,3157,3
678,1834,2
678,1343,3
678,2959,4
678,356,1
678,16,2
678,1748,3
678,364,1
678,145,4
678,3476,1
678,388,1
678,1909,2
678,685,3
678,3499,2
678,597,3
678,450,4
678,491,4
678,1805,4
678,2437,3
678,2542,1
678,1885,2
678,2302,1
678,1641,2
678,299,4
678,2916,3
678,3255,4
678,47,2
678,1653,2
678,1682,3
678,2390,4
678,238,3
678,2580,2
678,2841,1
678,3060,2
678,1266,4
678,161,2
678,3175,3
678,357,2
678,1535,2
678,1784,3
678,2864,4
678,1408,2
678,1566,4
678,1183,4
678,778,4
678,2125,1
678,3148,4
678,377,4
678,1192,4
678,1215,2
678,1271,1
678,2395,2
678,1610,3
678,3271,1
678,457,2
678,222,2
678,3246,4
678,1393,2
678,2071,3
678,2725,3
678,590,4
678,1188,3
678,2028,4
678,2324,3
678,593,1
678,3575,4
4126,504,4
4126,1129,4
4126,1343,3
5333,2024,4
4979,2631,1
4979,3893,3
4979,3661,4
4979,3666,3
4979,3852,4
4979,3897,4
4979,3618,1
4979,2018,4
4979,3943,3
5520,3893,4
2880,2361,1
2880,1235,3
2880,1230,3
2880,1278,4
2880,1086,3
2880,903,4
2880,904,1
2880,2413,4
2880,2076,1
2880,1092,2
2880,3262,4
2880,1732,2
2880,1625,2
2880,2877,1
2880,1380,3
2880,1947,4
2880,1032,3
2880,3675,3
2880,899,2
2880,3549,4
2880,942,3
2880,913,2
2880,1252,3
2880,3882,1
2880,3897,3
1088,235,3
4802,3827,1
1812,2245,4
1812,1148,3
1812,3675,3
1812,3254,4
1812,3253,2
1812,3809,4
1812,208,2
1812,2987,1
1812,1023,1
1812,2795,2
1812,2668,1
1812,2393,3
1812,329,1
1812,1663,2
1812,1259,4
1812,3744,1
1812,1290,1
1812,2236,2
1812,533,3
1812,151,3
1812,1030,3
1812,3072,2
1812,3040,3
1812,2883,1
1812,2240,3
1812,648,2
1812,1667,4
1812,2816,1
1812,2815,1
1812,1642,2
1812,2405,2
1812,1130,3
1812,252,2
1812,3061,2
1812,2779,1
1812,2004,1
1812,2003,4
1812,920,2
1812,1381,2
1812,1380,2
1812,1179,2
1812,1457,2
496,2502,4
4277,2357,4
4277,2769,1
4277,2809,1
1051,1459,1
4277,3718,3
1051,3457,4
1051,1003,3
2841,2502,2
1812,2046,2
1812,2558,2
1812,2456,3
1812,1242,1
1812,1079,1
1812,3436,3
1812,3763,3
1812,3243,4
1812,2477,4
1812,2872,4
1812,3113,3
1812,2949,2
1812,1527,1
1812,468,2
1812,1573,1
1812,934,4
1812,2470,3
1812,3044,1
1812,2413,4
1812,2787,1
1812,2312,1
1812,1022,4
1812,2041,2
1812,2147,4
1812,2137,1
1812,836,1
1812,2710,2
1812,2167,1
1812,2243,2
1812,2507,2
1812,2035,2
1812,1340,4
1812,1333,2
1812,2753,2
1812,3525,1
1812,2791,3
1812,3421,4
1812,3534,1
1812,969,1
1812,1200,1
1812,1541,1
1812,1127,2
1812,588,3
195,1305,1
2106,2540,2
2106,1617,2
2022,3624,1
3454,3050,2
5333,1442,4
1952,3943,2
1952,3912,4
65,3717,3
2105,104,4
2105,3952,1
3768,3897,1
4116,3317,1
4116,3897,3
2272,3512,4
4273,586,2
4273,3451,1
4273,2302,4
4273,3622,4
4273,597,4
4273,1963,4
4273,1125,2
4273,3552,3
4273,3210,4
4273,1220,2
4273,2700,3
4273,1663,2
4273,1278,2
4273,2791,3
4273,1080,2
4273,1244,2
4273,3039,2
4273,223,1
4273,1294,2
4273,1136,1
4273,356,3
4273,1292,2
4273,3671,4
4273,3421,1
4273,1304,4
4273,1230,4
2195,1881,1
4273,1234,2
4273,3363,1
2195,2089,3
2195,2090,3
2195,2123,1
2195,631,4
2195,1489,3
2195,2048,2
2195,13,4
2195,673,3
2195,2080,3
2195,2087,1
2195,2033,4
2195,1023,3
2195,2078,3
2195,2085,3
2195,596,2
2195,2096,3
2195,3034,4
2195,594,4
2195,364,3
2195,1033,4
2195,1032,3
2195,616,1
2195,1025,4
2195,1022,1
2195,2355,3
2195,2137,2
2195,2139,2
4273,1210,3
4273,2150,4
2195,1374,2
2195,1479,4
2195,3608,3
2195,1282,4
2195,2949,3
2195,2012,1
4126,2497,3
4126,3287,1
2195,393,3
2195,56,1
2195,484,2
2195,2092,4
2195,1005,2
2195,8,1
2195,258,3
2195,435,2
2195,1702,3
2195,374,4
2195,267,1
2195,239,2
2195,414,3
2195,2142,1
2195,1064,4
2195,1726,3
2195,1367,4
2195,2042,3
2195,1021,3
2195,528,1
2195,413,2
2195,1566,3
2195,2059,1
2195,333,4
2195,95,4
2195,2995,4
2195,1895,3
2195,1405,1
2195,185,2
2195,881,1
2195,2605,1
2195,586,3
2195,784,1
2195,2335,2
2195,2687,4
2195,3489,2
2195,361,2
2195,2394,3
2195,216,3
2195,1911,2
2195,1805,3
2195,595,4
2195,1597,4
2195,783,1
2195,3247,4
2195,588,4
1051,2672,3
2195,2861,2
2195,2683,4
2195,529,4
2195,802,3
2195,520,2
2195,840,3
2195,34,4
2195,852,1
2195,1027,4
2195,661,2
2195,1476,2
2195,2294,1
2195,2541,4
2195,2693,3
1051,2310,4
2195,2125,3
2195,2860,2
2195,1747,3
2195,1485,4
1051,2446,3
2195,1573,4
2195,2321,3
2195,1682,4
2195,1265,2
2195,1907,1
2195,104,3
2195,250,4
2195,3114,2
2195,3213,2
2195,1704,1
2195,2762,4
2195,2501,1
2195,356,4
2195,593,4
2195,2470,3
2195,2471,4
319,3052,1
319,2706,1
319,3210,3
319,1663,3
319,2395,2
319,3685,3
319,1896,2
319,3200,1
319,915,3
319,1963,3
319,1270,2
319,2788,2
319,1307,4
319,1269,3
319,1948,1
319,1288,2
319,2997,3
319,3334,3
319,1252,4
319,913,1
319,1260,1
319,3435,1
319,2693,3
319,2064,4
319,1169,2
319,1189,4
319,3326,4
319,3535,2
319,3515,3
319,3182,4
319,460,3
319,3098,2
319,2176,4
319,3897,2
319,903,4
319,1299,3
319,1204,2
319,1203,3
319,3952,3
319,3579,4
2880,1274,4
2880,592,4
2880,1198,2
2880,2005,2
2880,1376,4
2880,590,2
355,3452,3
2880,3889,4
2880,2470,4
2880,2145,3
2880,2746,4
2880,3740,4
2880,3070,4
2880,3448,2
2880,2065,2
2880,2926,4
2880,2736,4
2880,1297,1
2880,3397,3
2880,2174,2
2880,2144,2
2880,3608,4
2880,3361,1
2880,3526,1
2880,2915,1
2880,2124,4
2880,1777,2
2880,708,4
2880,52,4
2880,2302,4
2880,342,4
2880,441,4
2880,2483,4
2880,3809,3
2880,3052,2
2880,588,1
2880,2282,3
2880,1641,4
2880,2359,4
2880,357,3
2880,1449,3
2880,327,3
2880,208,2
2880,1544,2
2880,153,2
2880,434,3
2880,380,3
2880,2616,2
2880,165,2
2880,1377,2
2880,522,4
2880,1370,4
2880,733,2
2880,145,1
2880,353,2
2880,1047,1
2880,288,3
2880,1580,1
2880,2006,1
2880,112,4
2880,474,1
2880,110,3
2880,1610,4
2880,3418,3
2880,3265,1
2880,21,3
2880,1233,3
2880,3578,3
2880,3754,2
2880,3598,4
2880,3948,2
2880,3210,4
2880,1517,1
2880,471,2
2880,1028,2
2880,2110,4
2880,39,4
2880,3253,2
2880,2352,3
2880,2321,4
2880,3760,2
2880,2108,4
2880,2109,1
2880,2542,3
2880,2918,3
2880,1188,1
2880,3363,1
2880,348,1
2880,2924,4
2880,3893,3
2880,1060,2
2880,3868,4
2880,235,2
2880,1923,2
2880,3421,4
2880,1220,2
2880,1079,1
2880,2300,1
2880,3671,3
2880,3396,4
2880,1243,1
2880,1500,4
2880,3424,4
2880,1073,3
2880,3481,1
2880,2791,2
2880,2289,4
2880,1080,3
2880,1285,2
2880,1265,2
2880,1234,3
2880,3504,4
2880,1294,4
2880,1,4
2880,2858,4
2880,1197,3
2880,1288,3
2880,1136,2
2880,3819,3
2880,1354,1
2880,1535,2
2880,1302,3
2880,3108,1
2880,1041,2
2880,778,2
2880,1259,4
2880,3676,2
2880,3461,1
2880,1968,4
2880,2248,1
2880,3067,3
2880,25,2
2880,334,2
2880,2303,1
2880,1228,4
2880,2020,4
2880,3521,1
2880,3201,3
2880,3266,2
2880,2291,2
2880,293,3
2880,1090,4
2880,247,4
2880,1172,3
2880,1263,3
2880,1272,3
2880,919,1
2880,3742,1
2880,1280,2
2880,1095,3
2880,1217,4
2880,1222,1
2880,111,2
2880,3683,2
2880,2324,4
2880,1213,3
2880,3468,3
2880,1225,1
2880,1208,1
2880,908,2
2880,1193,4
2880,527,1
2880,296,1
2880,923,1
2880,2019,1
2880,1237,3
2880,858,2
2880,2275,4
2880,1320,2
2880,780,1
2880,3704,4
2880,2012,1
2880,2009,3
2880,1205,1
2880,1375,4
2880,3698,1
2880,2628,4
2880,2528,4
2880,2011,3
2880,3033,4
2880,1676,1
2880,1573,1
2880,1372,1
2880,2105,4
2880,3702,3
2880,1527,2
2880,2533,4
2880,1396,1
2880,2916,4
2880,2117,3
2880,2657,3
2880,1653,1
2880,480,2
2880,2985,1
2880,2140,4
2880,32,3
2880,29,2
2880,2529,3
2880,1097,4
2880,1584,3
2880,1965,4
2880,1175,2
2880,1240,2
2880,1215,3
2880,3703,2
2880,1374,2
2880,1199,4
2880,1200,3
2880,1214,1
2880,2571,4
2880,589,1
2880,1206,4
2880,541,1
2880,260,3
2880,924,1
2880,750,1
2880,1077,3
2880,1196,4
76,3794,4
76,3513,4
76,3510,1
76,3317,3
76,3408,1
76,3916,2
76,3328,4
76,3783,2
76,3897,3
76,3593,3
76,3316,1
76,3744,4
76,3946,4
76,3300,2
76,3827,1
76,3898,2
76,3452,2
76,3755,2
76,3717,1
76,3753,1
76,3793,1
76,3578,3
76,3623,2
1889,2336,1
1889,2743,4
1889,2315,4
1889,3444,1
1889,1479,3
1889,2598,3
1889,2126,1
1889,1665,3
1889,517,2
1889,370,3
1889,2840,2
1889,2688,2
1889,3773,1
1889,3791,4
1889,23,4
1889,252,2
1889,2241,4
1889,612,2
1889,1661,4
1889,1375,4
1889,366,3
1889,1135,1
1889,1821,3
1889,1604,2
1889,784,3
1889,1342,1
1889,2478,4
1889,1373,4
1889,2605,3
1889,1100,1
1889,2616,4
1889,2470,1
1889,442,3
1889,3567,3
1889,18,1
1889,2335,4
1889,786,1
1889,208,3
1889,2735,2
1889,1472,2
1889,1687,4
1889,1711,3
1889,1836,4
1889,2805,3
1889,1385,3
1889,3765,2
1889,1991,2
1889,2468,2
1889,1801,1
1889,1884,3
1889,1586,1
1889,1627,3
1889,1717,2
1889,422,3
1889,3272,3
1889,1918,3
1889,1601,4
1889,3005,2
1889,329,4
1889,2796,1
1889,89,4
1889,3355,2
1889,1488,2
1889,3115,3
1889,2794,4
1889,1459,1
1889,225,2
1889,1753,1
1889,2694,3
1889,2340,1
1889,376,3
1889,1614,1
1889,196,3
1889,413,3
1889,3591,1
1889,2787,3
1889,2369,1
1889,3,2
1889,3841,2
1889,1833,2
1889,3638,4
1889,2990,1
1889,804,3
1889,434,3
1889,3514,4
1889,1876,2
1889,781,4
1889,2376,2
1889,1184,2
1889,1205,2
1889,2792,4
1889,1593,3
1889,490,2
1889,2826,1
1889,2617,3
1889,3633,4
1889,2387,4
1889,1049,4
1889,112,1
1889,122,2
1889,2891,2
1889,344,3
1889,2702,2
1889,2770,2
1889,81,3
1889,2431,1
1889,3515,4
1889,1088,3
1889,3706,2
1889,3263,2
1889,780,2
1889,518,4
1889,3698,4
1889,2169,2
1889,22,1
1889,3250,1
1889,3219,3
1889,2469,1
1889,100,2
1889,3879,2
1889,1401,1
1889,459,3
1889,550,4
1889,170,3
1889,165,3
1889,999,4
1889,2424,4
1889,1129,1
1889,3249,1
1889,1042,2
1889,188,1
1889,216,1
1889,3686,1
1889,2261,2
1889,78,2
1889,2046,4
1889,2490,2
1889,2295,1
1889,2712,4
1889,45,2
1889,1093,4
1889,2413,2
1889,1476,2
1889,2683,2
1889,1892,3
1889,619,2
1889,1747,2
1889,3141,3
1889,1722,4
1889,1805,4
1889,101,2
1889,1919,4
1889,2587,3
1889,2273,3
1889,141,2
1889,70,2
1889,2989,2
1889,481,4
1889,3254,2
1889,3701,2
1889,1017,4
1889,1447,4
1889,2407,3
1889,802,4
1889,1589,2
1889,2249,4
1889,543,3
1889,2060,2
1889,292,3
1889,2710,1
1889,316,2
1889,1268,2
1889,2134,3
1889,3614,1
1889,587,3
1889,861,4
1889,1824,4
1889,454,3
1889,3623,3
1889,1485,4
1889,378,3
1889,2311,3
1889,159,3
1889,3535,1
1889,2146,1
1889,3259,1
1889,3863,2
1889,145,4
1889,482,3
1889,230,3
1889,2166,3
1889,1190,2
1889,3617,2
1889,3197,3
1889,2133,2
1889,253,3
1889,3477,1
1889,2707,1
1889,288,1
1889,597,4
1889,2145,4
1889,2420,4
1889,2001,4
1889,2628,4
1889,524,3
1889,164,4
1889,280,3
1889,493,1
1889,144,1
1889,1840,3
1889,10,4
1889,3302,1
1889,507,3
1889,206,4
1889,1580,1
1889,1573,2
1889,3052,2
1889,1092,2
1889,1870,2
1889,3699,2
1889,1290,1
1889,2006,3
1889,1845,3
1889,349,3
1889,417,1
1889,1721,4
1889,3450,4
1889,3527,2
1889,1909,1
1889,3129,3
1889,1693,3
1889,2640,1
1889,2240,1
1889,3040,3
1889,1810,3
1889,16,1
1889,3479,4
1889,2529,4
1889,2150,3
1889,3101,3
1889,1635,1
1889,2502,4
1889,3176,1
1889,3267,1
1889,2291,3
1889,2100,2
1889,3125,2
1889,1914,1
1889,1374,3
1889,1220,3
1889,3549,1
1889,2114,3
1889,1124,2
1889,2427,4
1889,1449,2
1889,3702,3
1889,377,1
1889,1215,1
1889,2948,3
1889,3317,3
1889,32,4
1889,3685,1
1889,2020,1
1889,3476,1
1889,508,2
1889,3174,2
1889,3499,3
1889,1730,1
1889,441,1
1889,265,3
1889,1411,2
1889,358,1
1889,1954,4
1889,1265,2
1889,1947,2
1889,1203,2
1889,1258,4
1889,1446,3
1889,3865,1
1889,924,1
1889,1256,3
1889,1230,2
1889,2080,3
1889,541,2
1889,912,2
1889,919,2
1889,1206,4
1889,3100,2
1889,2064,1
1889,3893,4
1889,497,2
1889,3354,3
1889,3948,2
1889,800,2
1889,3426,4
1889,1393,3
1889,2115,1
1889,104,3
1889,3717,2
1889,1662,3
1889,1641,2
1889,2949,4
1889,235,4
1889,1957,3
1889,1883,2
1889,3740,4
1889,3646,1
2841,1480,2
1889,1694,1
1889,2011,2
1889,3741,2
1889,592,3
2841,3088,4
2841,2349,4
1889,3343,4
1889,1200,2
1889,588,2
1889,3534,3
1889,3897,4
1889,409,3
5329,3916,4
5329,1483,2
5329,1173,4
5329,708,1
5329,3067,4
5329,1204,4
5825,3408,1
5825,902,2
5825,3863,4
5825,3536,2
5825,1449,3
5825,3148,2
5333,2802,2
5333,148,1
5333,3082,3
5333,3896,3
5333,3798,1
5333,3556,4
5333,852,2
5333,45,2
5333,2890,2
5333,2194,3
5333,3484,1
5333,2139,4
5333,300,1
5333,520,3
5333,2289,4
5333,1219,3
5333,289,2
5333,3161,2
5333,691,3
5333,1907,3
5333,2883,2
5333,279,1
5333,837,1
5333,2577,3
5333,2166,3
1120,1084,4
2641,2134,4
2641,1968,1
2641,3219,1
3410,1285,4
1088,2167,3
1088,808,4
1088,1064,3
5333,3448,2
5333,3450,2
5333,1285,2
5333,2885,2
5333,1235,2
5333,2062,1
5333,1179,3
5333,3510,4
5333,3686,3
5333,1573,4
5333,2125,3
5333,2197,4
5333,3169,1
5333,1057,4
5333,830,2
5333,2759,2
5333,224,1
5333,1876,3
5333,2546,1
5333,2739,1
5333,2042,4
5333,1584,3
5333,1172,2
5333,647,2
5333,440,2
5333,1005,4
5333,223,1
5333,222,2
5333,105,3
5333,95,1
5333,1968,3
5333,592,1
5333,1257,1
5333,2997,2
5333,2694,4
5333,3534,2
5333,1021,2
5333,1517,3
5333,3051,2
5333,1459,2
5333,2573,3
5333,2978,3
195,562,1
2806,2762,2
1524,3100,4
1524,2959,1
1524,778,2
195,2313,4
1524,1876,1
1524,1917,3
1524,3897,2
4858,3317,1
4858,2572,1
4310,2965,2
4310,3751,4
4310,3865,1
1274,3897,4
1274,3067,2
412,3897,2
3821,2076,4
3821,3210,4
3821,471,4
3821,2728,1
3821,1961,1
3821,1077,4
3821,1956,3
3821,2248,2
3821,3871,3
3821,1944,2
3821,1196,1
3821,1276,4
3821,260,2
242,3275,2
3821,353,4
3821,708,1
3821,1173,2
3821,2176,1
3821,3098,2
3821,3424,3
3821,2769,4
3821,3456,4
3821,2707,3
173,3745,2
173,3618,4
173,3624,2
173,3556,3
173,3746,1
173,3885,3
173,3578,2
173,3831,1
173,3536,4
173,3481,2
173,3787,4
173,3911,3
173,3327,4
173,3188,3
173,3539,3
173,3718,3
173,3182,3
1780,1006,3
1780,350,1
1780,2803,3
1780,2912,1
1780,2320,3
1780,47,4
3648,3948,3
3648,2122,1
3648,839,2
3648,460,2
3648,327,2
3648,435,4
3648,3857,2
3648,1093,4
3648,186,3
3648,2123,4
3648,3895,3
3648,2617,4
3648,3882,1
3648,353,1
3648,587,4
3648,3527,3
3648,3317,4
3648,733,1
1088,2202,2
1088,46,2
1088,1582,1
1088,1405,3
1088,2142,2
1088,2141,1
1088,2793,1
1088,2335,3
1088,1804,1
1088,273,1
1088,1399,2
1088,2504,4
1088,1367,1
1088,2539,4
1088,3115,4
1088,520,2
1088,802,4
1088,261,2
2041,1957,3
2041,1694,3
2041,307,4
2041,1617,1
2041,1193,1
2041,3801,2
2041,1411,3
1088,879,3
1088,1021,4
1088,1835,4
1088,596,3
1088,911,3
1088,2282,2
1088,2550,3
1088,186,3
1088,2617,4
1088,647,3
1088,1621,4
1088,2112,1
1088,1498,4
1088,3882,3
1088,3088,3
1088,1288,4
1088,2028,3
1088,141,2
1088,224,3
1088,2505,4
1015,3299,2
1605,2086,1
1605,3852,2
4831,3952,4
4005,912,4
4005,1247,1
4005,1961,2
4005,1263,2
4005,1952,4
4005,3893,1
1865,3882,4
1865,3852,4
1865,3916,1
3387,1464,2
3387,2875,2
3387,648,3
3387,1711,2
3387,695,1
3387,1892,2
3387,2583,1
3387,800,2
3387,1484,2
3387,2844,4
1584,2110,4
1584,3087,3
1584,2416,2
1584,2470,4
1584,3033,4
1584,2746,3
1584,2371,2
1584,2150,3
1584,2100,4
1584,3398,4
1584,2736,4
1584,2011,4
1584,2463,1
1584,2750,3
1584,3397,4
1584,2145,2
1584,3693,4
1584,1257,3
1584,3868,3
1584,2261,3
1584,2797,3
1584,2065,1
1584,2791,2
1584,2918,2
1584,1307,1
1584,3747,3
1584,3539,4
1584,3182,4
1584,3827,1
1584,3895,1
1584,3910,1
1584,3317,3
2986,1480,3
2986,3424,1
368,2542,3
953,1299,4
953,1204,2
953,3424,3
953,1073,4
462,2502,3
2907,1962,3
2907,1888,1
5333,2764,1
4126,391,1
4600,2881,4
4600,3712,3
4600,2683,1
4600,3591,3
4600,1517,1
4600,3210,1
4600,2155,3
4600,2700,2
4600,2804,4
4600,1876,2
5653,522,3
3428,2541,1
3693,2328,2
195,3082,1
3821,2708,2
5333,1278,2
3163,3798,3
3163,3598,3
1218,3893,1
3163,3916,4
4802,2435,4
1125,3301,4
996,3821,2
996,3354,3
996,3238,3
996,3865,3
1776,3827,2
1776,2628,1
1776,2617,3
149,838,3
149,1060,3
149,3271,4
149,2384,1
149,2333,1
149,1517,2
149,2712,4
149,1840,3
149,2611,1
149,2700,2
149,1678,4
149,1635,2
149,1183,3
149,242,2
149,1120,4
149,1177,1
149,346,3
149,2336,3
149,150,2
149,1188,4
149,123,4
149,2594,2
149,1094,3
149,3160,4
149,265,1
149,1694,4
149,17,4
149,741,3
149,745,2
149,720,4
149,1148,1
149,3554,4
149,3556,2
149,3539,3
149,3182,3
149,3798,3
5620,173,2
5620,1037,4
5620,2393,4
5620,3615,3
5620,3824,3
5620,3717,4
5620,3555,2
5620,3593,2
5620,3354,2
5620,3189,3
5620,3948,4
2627,2467,4
2627,2005,4
2627,300,3
2627,337,4
2627,2329,1
2627,446,4
2627,2114,1
2627,3098,4
2627,3071,4
2627,1962,4
2627,1305,3
2627,3360,3
2627,2852,4
2627,1186,3
2627,1674,2
2627,1961,3
2627,1300,4
2627,1227,3
2627,3274,2
2627,2816,1
2627,1389,4
2627,2260,4
2627,2410,2
2627,2402,4
2627,2815,1
2627,2642,2
2627,2411,1
2627,1373,2
2627,3441,3
2627,3766,1
2627,2404,1
2627,2403,2
2627,2421,4
2627,3698,4
2627,1587,4
2627,2989,2
2627,2414,1
2627,2641,1
2627,2802,3
2627,2134,3
2627,2088,1
2627,3524,1
2627,3693,4
2627,3846,3
2627,2752,2
2627,2371,2
2627,2011,2
2627,2003,3
2627,2369,1
2627,3591,4
2627,2111,2
2627,2416,3
2627,2245,3
2627,2423,1
2627,2406,3
2627,2247,1
2627,1257,3
2627,3552,1
2627,2463,1
2627,2144,2
2627,3526,2
2627,2795,1
2627,2100,2
2627,3039,4
2627,2926,2
2627,2750,1
2627,2065,2
2627,3422,4
2627,1968,3
2627,1965,3
2627,2918,4
2627,2915,3
2627,3072,1
2627,1285,1
2627,2248,3
2627,2349,4
2627,2804,4
2627,3751,3
2627,1923,3
2627,1904,1
2627,1747,1
2627,471,3
2627,2359,2
2627,187,4
2627,1449,1
2627,2321,1
2627,1885,4
1317,1232,4
1087,2701,2
1087,2693,1
1087,2672,2
1087,2806,1
1087,2961,4
1087,2762,4
1087,2724,3
1087,3185,4
1087,43,4
1087,3512,3
1087,24,4
1087,3354,2
1087,2581,4
1087,2734,4
1087,3174,3
1087,3160,2
1087,2882,2
1087,2690,4
1087,2716,3
1087,3578,3
1087,2959,1
1087,3159,1
1087,2336,4
1087,3408,2
1087,2712,4
1087,1093,2
1087,2369,4
1087,2147,1
1087,223,2
1087,3751,1
1087,2770,3
1087,2710,3
1087,3179,3
1087,3155,3
3391,201,1
3391,2061,4
3391,3571,4
3391,3556,3
3391,2085,4
3391,3948,1
3391,2645,2
3391,3793,1
3391,2018,2
3391,3061,2
3391,2662,1
3391,3578,2
3391,2686,4
5367,1073,2
678,3194,4
678,2137,2
678,1955,4
678,2788,1
678,3421,4
678,1292,3
678,2790,4
678,2477,2
678,2748,1
678,2450,4
678,2368,3
678,1984,3
678,2903,4
1611,2010,4
1611,2542,4
678,1389,2
678,1323,4
1611,1396,4
678,3690,3
678,2286,3
678,1980,3
678,3689,3
678,2643,2
678,1326,4
678,1972,2
678,3391,2
678,2379,4
678,2950,4
678,1996,3
678,1979,1
678,2422,2
678,3393,1
678,3877,2
678,1969,4
678,2862,2
678,2642,3
678,2373,2
678,2513,2
678,1381,4
678,2122,3
678,2121,3
678,3716,4
678,1970,4
678,2868,1
678,2411,4
678,1995,2
678,2404,3
678,1975,2
678,2473,2
678,2050,3
678,3688,1
678,1971,4
678,2456,4
678,2088,2
678,2259,1
678,3048,4
678,3441,3
678,3459,2
678,2668,1
678,3708,2
678,2902,1
678,2263,1
678,2815,3
678,3584,2
678,2402,3
678,2794,1
678,1330,1
678,2421,2
678,3401,4
678,2123,4
678,1128,1
678,2021,2
678,3918,4
678,2735,1
678,2374,4
678,2419,3
678,2408,4
678,2655,3
678,2471,3
678,2517,2
678,3017,4
678,2410,3
678,1091,1
678,2755,4
678,2717,4
678,2375,1
678,3698,4
678,3388,3
678,3758,3
678,2415,1
678,3033,4
678,2378,3
678,2733,3
678,1346,3
678,2148,1
678,2792,2
678,2478,2
678,2255,2
678,2416,2
678,3707,4
678,2054,2
678,2134,4
678,2787,1
678,3846,4
678,3497,3
678,610,3
678,3791,2
678,2403,3
678,3449,1
678,2746,2
678,3525,3
678,1587,4
678,1033,2
678,2377,1
678,1373,1
678,2613,2
678,2405,4
678,2802,3
678,2749,4
678,3016,1
678,2370,2
678,2149,1
678,2003,4
678,1991,1
678,2900,1
678,2453,4
678,2734,2
678,2146,3
678,2011,4
678,2752,4
678,3591,1
678,3524,3
678,2989,4
678,2990,4
678,1135,3
678,3087,3
678,2097,3
678,2376,1
678,2145,3
678,3197,4
678,2641,1
678,2469,4
678,2093,3
678,3937,2
678,2867,1
678,2105,3
678,2262,1
678,1088,2
678,2956,2
678,3714,3
678,2753,4
678,2311,4
678,2474,3
678,1959,3
678,709,1
678,2414,4
678,2470,3
678,3701,4
678,2795,4
678,3770,4
678,2193,1
678,3478,3
678,2115,4
678,2161,2
678,2420,2
678,2005,1
678,2518,4
678,2133,1
678,1375,1
678,1129,3
678,3398,1
678,2423,3
678,2001,2
678,2069,1
678,2455,1
678,2140,2
678,2985,1
678,1994,2
678,1290,3
678,2117,1
678,2457,4
678,2407,2
678,2174,2
678,1220,3
678,1275,3
678,3479,1
678,2065,1
678,3740,1
678,1081,3
678,2463,2
678,3699,1
678,2288,4
678,3070,1
678,2086,2
678,3703,3
678,2144,4
678,2917,4
678,3203,1
678,2468,1
678,3370,4
678,2397,2
678,3834,1
678,1205,1
678,1960,1
678,1958,4
678,2048,1
678,3649,3
678,1956,3
4831,1257,4
737,3418,2
4517,174,2
4517,542,1
4517,2112,1
4517,3897,3
2063,75,4
2063,2411,1
1645,2826,2
2063,3668,3
2063,2132,3
2063,919,4
2063,3537,2
1546,147,1
3821,3566,4
1546,3916,1
1733,3910,4
343,2643,4
343,2642,3
343,2701,2
343,1831,3
343,435,1
343,1750,2
343,1391,3
343,2053,2
343,2668,2
343,3156,1
343,1544,3
343,2038,4
343,1590,3
343,332,4
343,1037,3
343,2021,1
343,1373,3
343,2094,4
343,3638,4
343,3033,4
343,2105,2
343,3698,3
343,2054,2
343,1375,2
343,3032,4
343,316,1
343,2393,2
343,2613,1
343,329,1
343,3701,1
343,2528,3
343,1129,2
343,2012,2
343,2009,1
343,1876,1
343,2011,3
343,2628,2
343,2455,1
343,1372,3
343,1580,4
343,3175,2
343,480,4
343,3699,1
343,1127,1
343,2640,4
343,1374,1
343,2916,1
343,2529,1
343,1653,3
343,1376,4
343,1019,2
343,2662,4
343,2664,1
343,924,4
343,1097,2
343,3471,1
343,260,2
343,1270,3
343,2470,2
343,2471,3
1556,3897,3
3327,3948,3
3327,3798,2
3327,3510,2
3327,3802,4
3327,1242,1
3327,587,4
3327,454,3
1051,1357,3
1051,3512,1
1051,628,1
3327,2605,3
3327,2712,2
3327,1997,2
3327,786,4
3327,2428,4
1051,662,3
1051,3952,2
1051,606,3
3327,2722,1
3327,2021,3
3327,1466,4
3327,2718,2
3327,1036,4
3327,442,4
3327,36,4
3327,163,4
3327,165,1
3327,2407,2
3327,2541,2
3327,1552,1
3327,1597,3
3327,745,1
3327,724,3
3327,349,4
3327,353,2
3327,39,4
3327,590,4
3327,435,4
3327,1968,1
3327,3863,1
3327,1895,2
3327,836,3
3327,95,3
3327,2707,2
3327,2018,4
3327,3107,4
3327,2167,4
3327,145,1
3327,2012,4
3327,1784,3
3327,34,3
3327,2793,3
3327,1608,3
3327,2505,3
3327,2706,3
3327,1208,3
3327,588,4
3327,1320,4
2020,1997,2
3327,3717,4
3327,3301,2
3327,3578,4
195,2502,1
2820,2599,2
2041,3097,4
2041,1676,2
2041,3512,1
2041,3689,1
2041,2122,3
2041,3688,1
2041,1093,3
2041,647,4
2041,3952,2
2041,3317,3
1780,2661,3
1780,937,1
1780,949,3
1780,837,2
1780,1021,4
1780,1584,2
1780,300,4
1780,1408,2
1812,2763,1
1812,3897,3
1988,3044,2
1447,3355,1
1246,3948,1
1246,3897,1
1246,3615,1
1246,3910,4
1246,3827,2
1524,2011,1
1524,3316,2
1524,3827,1
1524,3513,3
1524,3618,4
1524,3786,4
1524,3298,1
1524,3514,3
1524,3188,1
1524,3859,1
1524,3510,4
1524,3893,3
1524,3952,2
1524,3571,3
1524,3566,2
1524,3911,2
1524,3328,2
1524,3481,3
1524,3783,2
1524,3536,1
1524,3949,2
5096,1957,4
5096,2959,3
5096,2023,4
5096,2268,4
5096,3809,4
1780,1608,1
1780,168,3
1780,383,4
1780,520,2
1780,940,1
1780,3448,4
2188,3910,2
2188,3598,4
1780,3578,4
1780,440,1
5733,2710,1
1447,663,1
1447,1977,1
1447,1981,1
1447,2560,1
1086,3827,3
1086,3129,3
1086,3910,1
2159,912,4
2159,1284,3
2159,1248,3
2159,2920,1
2159,3341,1
2159,3678,1
2159,913,3
2159,3093,4
2159,3435,2
2159,318,3
2159,3134,4
2159,750,4
2159,2932,1
2159,1212,2
2159,3095,3
2159,1202,2
4585,903,4
4585,3424,4
2159,1252,1
2159,3089,4
2159,41,1
2159,1260,2
2159,2208,4
2159,3307,3
2159,1397,1
496,3945,1
496,3827,1
496,2617,4
496,587,1
496,2060,2
496,2504,3
496,3421,3
496,2706,3
496,741,2
4482,3176,4
4482,3831,1
1051,1779,2
1051,2103,4
195,440,4
2878,3578,2
5972,2768,3
5972,3893,4
1051,31,1
404,3498,2
3733,3949,1
3733,3894,2
3733,2019,4
3733,3256,2
3733,2861,2
3733,1094,2
3733,1625,2
3733,1206,4
1051,1835,1
1051,3103,2
1051,1015,3
127,3728,3
127,1889,1
127,2916,2
127,1805,4
127,2561,4
127,3267,1
127,1892,2
127,2600,2
127,288,4
127,3044,2
127,832,1
127,2952,1
127,1834,2
127,2391,1
127,373,1
127,678,4
127,1343,2
127,587,4
127,1653,1
127,47,1
127,247,4
127,16,3
127,50,4
127,377,3
127,296,4
127,2284,2
127,715,2
1051,2583,4
1051,1213,2
1051,296,4
1051,3673,3
1051,1376,1
1051,1348,3
1051,594,4
1051,978,3
1051,919,1
1051,1029,2
3051,1060,1
1051,596,2
1051,1282,2
1051,2018,3
1051,953,4
3051,3354,1
1051,1924,1
2926,3882,4
1051,3540,3
1051,3893,4
1051,2606,4
195,1306,2
195,2723,2
5605,3250,2
692,353,4
692,3897,2
692,3515,1
1748,1711,4
1748,1404,3
1748,3809,2
1748,3244,4
1748,3471,2
1748,11,3
1748,22,2
1748,440,3
1748,1952,3
1748,1320,3
1748,3701,3
1748,1690,4
1748,2245,4
1748,2717,4
1748,1722,3
710,2203,1
710,2187,3
1524,1527,1
2015,504,1
2015,3031,2
2015,2265,3
2015,1760,3
2015,3689,1
2015,710,4
2015,1439,1
2015,203,3
2015,3385,4
2015,1665,3
2015,88,1
2015,518,4
2015,370,1
2015,2796,1
2015,637,4
2015,2794,3
2015,410,1
2015,1513,4
2015,433,4
2015,3388,2
2015,1020,2
2015,3264,3
2015,252,3
2015,587,2
2015,2836,2
2015,2081,1
2015,2136,4
2015,2065,3
2015,60,1
2015,8,4
2015,3432,4
2015,3667,2
2015,438,4
2015,809,2
2015,2403,4
2015,3256,2
2015,3107,2
2015,349,1
2015,3418,4
2015,474,4
1142,1246,3
127,3852,2
4802,3256,4
4802,3753,1
3391,3317,2
3391,2908,3
3391,3401,1
3391,23,4
3391,2071,3
3391,1021,4
3391,1499,2
3391,2706,2
3391,2791,3
3391,2792,1
3391,1200,2
3391,1032,3
3391,2262,1
3391,1321,2
3908,3317,4
3908,3948,3
1224,3624,4
3018,2599,1
2106,2769,4
2106,3598,3
2106,3915,2
195,3408,4
1447,1285,3
639,590,1
639,2054,2
639,2453,4
639,1967,3
639,2399,4
639,2161,4
639,2095,2
639,2779,2
639,3396,2
639,1136,2
3509,47,3
3509,1587,1
3509,3556,3
3509,2105,2
1645,2383,3
1645,2478,1
1645,3388,4
1645,2247,1
1645,2796,4
1645,3087,3
1645,1965,1
1645,2423,2
5573,2130,4
5573,914,1
5573,1188,2
5573,1265,4
5573,1094,4
5573,899,1
5573,2396,3
5573,930,4
5573,1230,1
5573,3475,1
5573,2935,3
4169,2246,1
4169,2715,1
4169,2882,3
4169,3184,3
4169,170,3
4169,3113,2
4169,1702,4
4169,577,4
4169,2590,3
4169,2889,3
4169,3598,1
149,3946,1
149,3895,2
149,3855,4
149,3916,2
149,3852,3
149,3910,4
149,3893,1
149,3948,2
149,3943,4
149,3859,1
149,3067,3
149,3897,1
2362,3952,2
3519,3536,3
3519,3729,4
3519,352,4
4802,2324,1
4802,3181,4
4802,3623,1
4802,3952,3
3503,2492,2
3503,1884,4
3503,3578,2
3503,3298,2
3503,2947,3
3503,2877,3
3503,1380,3
3503,2123,1
3503,154,1
3503,1300,1
3503,1658,2
3503,3545,4
3503,3175,3
3503,1301,3
3503,2529,4
3503,1584,4
1645,2359,1
3503,1393,3
3503,11,1
3503,1639,1
3503,1296,3
3503,2502,3
3503,2291,1
3503,1674,1
3503,2067,2
3503,2443,1
3503,58,2
3503,902,1
3503,899,4
3503,2920,1
3503,2139,4
3503,364,2
3503,3000,3
3503,2078,4
3503,102,3
3503,1906,4
3503,1648,2
3503,1234,2
3503,1126,3
3503,2,1
3503,3489,4
3503,3438,4
3503,3466,1
3503,2174,4
3503,2968,3
3503,3153,2
3503,2015,3
1645,3285,1
3503,3018,3
1645,3481,3
1645,2701,2
1645,2763,1
1645,2841,4
1645,2840,2
1645,2560,3
1645,2394,1
1645,3606,2
1645,2568,1
1645,2676,4
1645,2719,1
1645,2959,4
1645,2428,4
1645,2605,3
1645,2336,3
1645,2881,3
1645,2722,1
1645,2147,3
1645,2038,1
1645,2188,4
1645,1019,1
1645,2096,1
1645,1032,4
1645,1012,3
1645,1022,3
1645,2087,1
1645,1103,4
1645,2186,1
1645,971,1
1645,3345,2
1645,2047,3
1645,968,4
1645,1025,1
1645,1017,2
1645,2181,3
1645,2085,3
1645,2951,2
1645,1201,3
1645,2944,2
1645,1207,1
1645,3520,1
1645,2078,1
1645,1010,4
1645,2870,4
1645,914,3
1645,902,4
1645,1947,4
1645,3668,1
1748,1584,3
984,3827,4
1645,3463,3
1645,2799,1
1645,1863,4
1645,626,1
1645,1887,2
1645,374,4
1645,1359,4
1645,212,2
1645,1460,1
1645,762,1
1645,489,1
1645,3669,3
1645,2036,1
1645,813,4
1645,360,4
1645,435,1
1645,2387,1
1645,818,4
1645,276,4
1645,1431,1
1645,542,2
1645,305,4
1645,1391,4
1645,784,3
1645,765,1
1645,3258,4
1645,788,3
1645,413,3
1645,2724,4
1645,1593,3
1645,453,4
1645,186,4
1645,2806,4
1645,216,4
1645,367,3
1645,1746,3
1645,1377,2
1645,2504,2
1645,2597,3
1645,2572,3
1645,799,2
1645,840,2
1645,231,4
1645,1566,1
1645,2706,3
1645,2581,3
1645,1569,3
1645,830,4
1645,380,4
1645,597,4
1645,1517,4
1645,1689,3
1645,2355,4
1645,708,2
1645,514,4
1645,104,1
1645,497,2
1645,345,4
1645,3175,4
1645,3646,3
1500,1732,4
1645,3616,1
1500,318,1
1645,3717,3
1645,3597,4
1500,3809,3
1645,3409,1
1500,2463,3
1500,543,2
1645,3752,4
1645,3755,2
1645,3861,4
1500,1663,4
1500,3210,4
1645,3177,2
1500,45,3
1500,2797,1
1500,441,2
1500,2915,2
1500,1965,4
1500,471,1
1500,3108,4
1645,3895,4
1500,1257,2
1500,1077,2
1500,934,1
1500,1449,2
1500,3253,2
1500,3481,3
1500,3608,4
1500,3039,2
1500,2174,4
1500,1080,3
1500,2918,3
1500,1307,2
1500,2000,3
1500,3421,4
1500,1259,3
1500,1079,3
1500,1517,2
1500,1641,4
1500,3361,3
1500,3429,4
1645,3510,4
1500,1968,3
1500,1278,3
1500,1292,1
1500,2248,2
1500,1500,1
1500,1923,4
1500,1265,2
1500,2791,2
1500,2716,1
1500,1230,3
1500,1197,2
1500,1394,4
1500,1223,1
1500,1136,2
1500,3147,2
1500,1573,2
2641,2781,4
3562,3865,3
3562,3916,1
2641,1209,1
2641,1266,3
2097,2617,3
2097,1954,3
4785,383,3
5319,3785,2
5319,3618,1
5319,3793,4
5319,3535,1
5319,3408,1
5319,3911,3
5319,3328,1
5319,3863,1
5319,2908,2
5319,3593,2
5319,3285,2
2106,3825,4
2106,2995,1
2106,840,2
5302,3916,2
2772,3948,2
4831,3897,2
4831,2064,4
231,2078,1
5880,3127,2
5880,3852,3
5880,3317,1
4126,3510,1
2272,3865,3
4277,3915,1
5333,3825,4
1748,3404,3
1748,1721,1
1748,87,2
195,1900,2
2105,2165,4
948,3616,4
948,3190,2
948,3717,2
948,3535,4
948,3751,1
338,3624,4
338,1090,3
338,110,4
338,1389,2
338,548,2
338,1037,4
338,2334,1
338,1587,4
338,2376,3
338,2403,1
338,2344,2
338,2278,4
338,1291,2
338,1387,2
338,2176,1
338,915,2
338,932,3
338,1203,1
338,3654,1
338,2947,4
338,3359,3
338,1234,2
338,3101,3
338,3591,2
338,1297,2
338,3552,1
338,3087,2
338,2915,4
338,3505,4
338,3448,3
338,2852,1
338,1220,2
338,1663,1
338,2081,3
338,1257,4
338,2929,4
338,1079,2
338,2987,2
338,2928,2
338,2791,1
338,3361,3
338,3360,2
338,1674,4
338,1258,3
338,1288,3
338,1246,3
338,1968,2
338,2918,3
338,1231,1
338,1302,1
338,2064,2
338,2153,3
338,2735,1
338,2471,1
338,2617,3
338,44,1
338,3698,4
338,1372,2
338,2115,3
338,3070,1
338,1931,4
338,590,1
338,1261,1
338,3104,4
338,592,3
338,3366,2
338,1259,2
338,1459,2
338,2076,4
338,904,1
338,185,2
5333,3717,1
338,1371,2
338,3638,1
338,3704,2
338,3702,3
338,2407,1
338,1584,2
338,3471,4
338,1214,3
338,1344,2
338,1179,1
338,3479,1
338,1073,1
338,1097,2
338,2516,2
338,779,4
338,1831,3
338,1453,4
338,540,3
338,519,2
338,1752,3
338,537,2
338,504,1
338,1363,1
338,273,3
338,4,1
338,3243,3
338,434,1
338,379,3
338,225,1
338,1377,1
338,2154,4
338,3082,4
338,1917,2
338,3249,4
338,2490,2
338,2167,1
338,2539,3
338,1367,1
338,2112,2
338,586,2
338,145,1
338,7,3
338,2433,1
338,3450,3
338,490,1
338,3107,1
338,266,2
338,1370,3
338,832,2
338,2496,1
338,1517,4
338,538,2
338,1722,3
338,141,2
338,1396,1
338,805,4
338,1653,3
338,1682,2
338,647,1
338,1678,3
338,349,4
338,10,3
338,861,3
338,3499,4
338,161,2
338,1704,4
338,2268,3
338,2289,4
338,1411,3
338,150,1
338,1249,4
338,593,1
338,2501,1
338,3909,2
338,3744,2
338,3753,4
1390,3316,1
1390,3755,1
1390,3512,1
1390,3916,4
4647,2769,3
195,2622,3
1086,1876,4
1086,3897,1
1086,3912,4
3119,3408,3
3503,2944,2
3503,1094,2
3503,1090,4
3503,3303,2
3503,3755,2
3503,3571,2
3503,3556,3
3503,3790,3
3503,3949,4
4802,1419,3
4802,3354,2
4802,3554,1
3410,3914,2
2047,3910,4
2047,904,2
1422,3006,4
5333,3453,4
710,965,3
2507,1339,4
2507,218,2
2507,1258,3
2507,3935,3
2507,2067,1
2507,1242,2
2507,927,4
2507,2932,3
2507,154,3
2507,2132,1
2507,3090,3
2507,930,3
2507,3949,1
1733,3915,3
1611,3185,3
1611,3148,4
1611,2236,3
1611,1968,4
1611,538,4
3940,3481,4
439,3615,1
439,3948,2
439,3354,1
439,3189,4
439,3623,2
439,3513,2
439,3578,2
439,3408,1
1605,1288,2
1605,2570,3
1605,3785,4
1605,1728,4
1605,3916,3
737,25,2
588,2359,1
588,50,2
588,101,3
4593,3357,4
979,2944,3
979,527,3
979,1262,3
979,2371,3
979,2372,3
979,1272,3
979,1265,4
979,3189,1
979,1,1
4600,2959,4
1538,3543,4
5539,3893,3
5996,1088,4
5996,3946,3
5996,2724,2
2022,3952,4
2022,3897,3
2022,36,3
5053,1923,1
5053,1500,1
5053,1732,3
5053,1089,3
5053,2325,2
5053,2499,3
5053,1882,3
5053,2150,1
5053,2580,4
1551,1719,2
5053,300,2
5053,2542,3
5053,314,3
5053,1,3
5053,608,3
5053,1914,4
5053,1784,3
5053,2599,2
5053,293,4
5053,3114,3
5053,150,4
5053,2336,1
5053,3160,1
5053,720,1
5053,1617,1
5053,2761,3
5053,745,1
5053,2324,2
5053,1393,1
5053,1148,3
5053,246,3
5053,593,1
5053,50,1
5053,296,3
5053,318,2
5053,3629,4
1556,1256,4
1556,1348,1
4680,3865,3
482,300,1
1451,3915,1
3332,86,1
3332,3793,2
3332,2670,3
3332,2762,1
3332,2669,1
3332,2900,4
3332,3160,2
3332,2713,4
3332,3578,1
3332,2719,4
3332,3408,1
3332,2712,1
4753,3578,3
4753,3301,2
4753,3827,4
4753,3189,2
4753,3408,4
1897,3124,2
1897,3326,3
1897,2773,3
1897,3594,1
1897,3512,4
1897,3883,4
1897,3793,3
1897,3747,4
1897,3831,4
1897,3320,4
1897,3751,4
1897,3567,2
3685,3752,1
3685,733,1
3685,3948,2
3685,3160,2
3685,3744,3
3685,3555,1
3224,3783,1
3125,3317,4
3125,3948,3
3125,3897,2
4939,3952,4
4939,3317,2
4939,3897,2
4939,3948,3
3821,508,3
1958,2523,4
639,2363,2
639,2019,4
639,3196,4
4277,3948,2
5053,1591,1
5053,2642,1
5053,1373,1
5053,172,4
5053,2549,4
5053,2450,1
5053,2615,3
5053,338,3
5053,1831,4
5053,1917,2
5053,880,3
5053,185,2
5053,2034,1
5053,3937,4
5053,1371,2
5053,1544,4
5053,748,1
5053,1676,4
5053,1690,2
5053,1320,3
5053,2009,1
5053,2094,4
5053,1391,3
5053,2054,2
5053,1876,4
5053,1375,3
5053,2012,1
5053,1965,2
5053,2011,1
5053,2641,3
5053,3697,4
5053,2105,1
5053,3033,3
5053,2116,1
5053,3863,3
5053,198,4
5053,2046,4
5053,2640,4
5053,2657,3
5053,1580,1
5053,1909,1
5053,2681,1
5053,1372,2
5053,3701,4
5053,2093,2
5053,3156,4
5053,3702,2
5053,1653,4
5053,1374,3
5053,2021,3
5053,1376,2
5053,3700,4
5053,1240,3
5053,2311,4
5053,1396,4
5053,1205,2
5053,2117,2
5053,32,2
5053,3471,1
5053,1206,1
5053,741,4
5053,1199,2
5053,2140,1
5053,680,2
5053,1127,2
5053,1921,4
5053,1748,3
5053,3703,3
5053,1097,3
5053,924,1
5053,1584,4
5053,589,1
5053,1270,3
5053,750,2
5053,541,4
5053,3615,4
5053,3798,1
5053,3882,2
5053,3317,3
5053,3948,1
5053,3893,4
5053,3897,2
5053,3273,1
5053,3623,3
5053,3861,1
5053,3555,2
5053,3301,4
5053,3785,3
5053,3566,1
5053,3298,1
5053,3624,4
5053,3536,2
5053,3911,3
5053,3328,4
5333,3565,2
1954,3408,2
1954,3751,2
1954,2154,3
1142,337,2
1142,2391,1
1142,608,2
1139,3317,3
5470,3615,2
5470,3859,4
5470,3317,3
5470,3897,4
531,3238,4
531,3743,1
531,3276,3
531,3755,1
531,3618,2
531,3534,4
531,3287,2
531,3751,1
173,3615,3
173,3948,3
173,3893,4
173,3795,3
173,3903,2
173,3865,2
173,3855,2
1451,215,4
979,648,1
979,380,2
979,733,3
979,3268,4
979,1210,1
979,858,1
979,3310,1
979,3753,4
3483,3646,4
3483,3827,4
3483,3301,2
3483,3950,3
3483,3795,3
3821,1176,1
1733,3200,1
1733,3950,4
1712,3798,4
1712,3615,3
1712,3317,4
1712,3948,1
1712,3916,3
1712,3513,2
1712,3893,3
1712,3616,2
1712,3952,3
1712,3863,3
1712,3897,4
2670,515,3
2670,150,1
2670,593,2
2670,2997,3
2670,2112,4
2670,1203,2
2670,3578,3
2670,1207,3
2670,928,2
2670,926,2
2670,1247,3
2670,1206,2
2670,904,3
2670,1952,1
2670,3435,2
2670,2726,3
1733,3563,1
1242,3897,4
1242,3228,2
1242,3893,1
1242,3823,2
1242,3859,3
3203,3893,2
3203,3317,4
3203,2324,3
3420,1678,4
3420,265,3
3420,1721,3
3420,2336,3
3420,1213,2
3420,3618,1
2060,3897,2
2060,3317,4
1647,2599,4
1611,1556,2
1611,2298,4
1611,1499,2
1611,2974,1
1611,2113,1
1611,839,1
1611,2338,3
1611,782,2
1611,1591,4
1611,3113,4
1611,1515,3
1611,1644,4
1611,849,3
1611,1752,1
1611,132,3
1611,2446,2
1611,3697,1
1611,3249,1
1611,185,3
1611,3219,1
1611,2320,3
1611,2505,1
1611,2688,4
1611,1488,2
1611,494,1
1611,436,2
1611,2803,3
1611,2026,1
1611,1552,1
1611,1620,4
1611,1892,2
1611,1754,1
1611,490,4
1611,230,1
1611,1343,2
1611,2840,2
1611,292,3
1611,1608,2
1611,1092,3
1611,832,2
1611,662,2
1611,482,3
1611,353,4
1611,3686,1
1611,454,3
1611,1876,4
1611,2763,2
1611,587,4
1611,2353,2
1611,2490,3
1611,2841,4
1611,1748,2
1611,161,2
1611,1909,4
1611,3044,1
1611,2916,1
1611,16,3
1611,866,2
1611,1625,1
1611,373,2
1611,457,2
1611,2460,4
1611,2459,4
1611,2462,2
1611,1003,3
1611,1999,2
1611,1998,1
1611,234,3
1611,784,4
1611,1485,4
1611,231,2
1611,3039,4
1611,3033,4
1611,673,1
1611,2709,1
1611,1353,4
1611,2461,4
1611,1831,1
1611,344,4
1611,19,2
1611,2817,2
1611,924,1
1611,778,3
1611,3688,1
1611,3689,4
1611,3690,4
1611,2088,1
1611,1996,3
1611,1995,1
1611,1994,1
1611,2383,3
1611,2382,3
1611,2380,1
1611,2379,1
1611,2381,1
1611,2378,1
1611,1885,3
1611,3063,1
1611,48,2
1611,291,2
1611,3868,2
1611,1124,4
1611,2269,4
1611,1517,1
1611,3916,1
1733,3943,4
5605,3844,3
5605,3617,1
5605,3623,4
5605,2106,1
5605,145,1
5605,1366,2
5605,2702,3
5605,2294,3
5605,832,1
5605,3809,3
5605,2841,1
5605,2596,2
5605,515,3
5605,2227,3
5605,3578,4
5605,1103,4
5605,3052,1
4593,3893,2
5605,1099,4
5605,800,4
5605,3752,1
5605,3784,2
5605,3882,3
5605,2177,1
5605,3798,4
5605,1772,3
5605,2017,3
5605,661,1
5605,3910,3
5605,3159,4
5605,2102,3
5387,2629,3
5387,3452,2
5387,613,3
5387,2025,4
5387,1770,3
5387,892,2
5387,1025,2
5387,616,1
5387,2394,3
5387,2294,4
5387,1907,4
5387,2085,2
5387,2018,1
5387,2137,2
5387,2078,4
5387,3114,3
5084,65,3
5084,1665,4
5084,1917,1
5084,2683,4
5084,1753,3
5084,223,3
1449,3578,4
259,3916,4
4624,2826,4
1538,3914,3
4085,3852,4
4085,3952,3
3471,3358,1
3471,17,1
3471,2289,1
3471,1302,1
3471,474,4
3471,3181,1
3471,3553,1
3471,3117,1
3471,2908,3
3471,3916,2
3471,3879,3
3471,3148,1
3471,3317,4
3471,3948,1
3471,3952,3
3471,3897,3
3471,3857,1
3471,3895,4
3471,3798,3
3471,3946,3
5412,2076,4
4063,1231,2
4063,1,3
4063,3471,3
4063,3469,4
4063,1242,3
4063,1200,1
4063,2791,3
4063,1394,2
4063,1304,1
4063,593,2
4063,2804,3
4063,1213,2
4063,924,1
4063,3037,3
4063,589,2
4063,2762,4
4063,1214,1
4063,3114,4
4063,1221,1
4063,1225,4
4063,260,4
4063,318,4
1451,916,1
1451,1414,4
737,361,1
737,1617,1
737,3006,2
737,1274,3
3717,3300,4
3717,3481,3
1426,246,3
1426,1965,3
3075,3948,4
3075,3317,2
3075,3897,2
1426,3744,4
1426,3882,4
4593,2150,3
2106,110,3
528,3617,2
3821,3824,2
3691,3624,4
3691,3948,3
3224,2269,2
3163,2346,2
3163,2106,2
3163,1203,1
3163,2912,1
3163,3755,2
3163,2160,4
3163,236,1
5302,3882,4
5329,3556,1
5329,3538,4
1733,2298,3
839,3852,1
839,3787,2
1611,3300,1
1611,3913,1
3410,2428,3
195,1277,1
528,3484,4
3378,3897,2
987,2599,4
987,2690,1
2195,3861,1
2195,3916,2
1969,1693,3
2380,3916,1
1329,3276,4
3224,2074,1
3224,3787,2
3768,3893,3
3768,3317,1
1260,3457,3
1260,3906,4
1260,902,2
1260,3427,2
1260,2948,2
1260,1344,3
1260,1333,1
1260,3168,1
1260,1276,2
1260,2346,2
1260,2528,4
1260,3760,2
1260,1327,3
1260,3066,2
1260,3015,3
1260,1350,4
1260,1954,3
1260,3040,2
1260,2991,3
1260,1997,2
1260,1073,4
1260,3198,1
1260,1272,4
1260,1263,1
1260,3135,1
1260,1136,1
1260,1193,1
1260,2371,2
1260,2003,2
1260,1101,1
1260,2928,1
1260,3033,4
1260,2001,2
1260,1290,4
1260,2736,4
1260,3552,2
1260,2150,2
1260,2802,4
1260,3087,4
1260,3478,3
1260,2143,2
1260,2262,4
1260,2797,1
1260,3684,1
1260,3098,2
1260,2065,4
1260,3138,1
1260,2406,1
1260,3071,3
1260,2312,2
1260,2872,4
1260,3479,4
1260,3039,1
1260,3210,2
1260,1959,4
1260,3685,2
1260,3448,3
1260,1285,2
678,1347,3
678,3763,2
678,3527,4
678,592,1
678,2139,1
678,1321,3
678,2022,1
678,1663,1
678,3576,1
1260,2022,3
1260,1079,3
1260,1298,3
1260,3700,1
1260,1958,3
1260,3214,1
1260,1186,3
1260,2716,4
1260,3361,2
678,2081,2
678,3104,4
678,1297,2
678,3448,3
678,2406,1
678,1246,3
678,2929,2
678,3397,3
1260,1246,2
1260,3360,3
1260,3342,4
1260,1302,3
1260,2915,4
1260,1257,4
1260,2852,4
678,2100,1
678,3210,2
678,1257,2
678,2000,1
678,2919,3
678,1186,1
678,2118,2
1260,3308,3
1260,2919,1
678,2987,2
678,2243,3
678,3039,4
678,2739,4
678,3360,1
678,1127,1
678,2467,2
678,3112,4
678,1124,2
678,2076,1
678,3727,3
678,2918,4
678,1962,4
678,3526,3
1260,2739,2
1260,1968,1
1260,2918,1
4937,3795,3
4937,3823,2
4937,3317,4
1260,1960,1
678,1968,1
678,3098,4
678,1210,4
678,3505,3
678,2716,2
678,1302,2
678,1240,2
678,1096,1
678,2797,4
1546,1203,1
678,1172,1
678,1036,4
678,3138,4
678,2757,1
678,1288,2
678,1961,2
1260,3068,2
1260,1259,1
1260,1231,4
1260,2248,1
1260,1242,1
678,1198,3
1260,1394,2
1546,2881,1
3821,757,3
3821,1680,1
3410,3556,2
3410,3910,4
3693,3911,1
204,266,4
1611,3513,2
195,1218,4
2097,657,4
1647,345,2
1647,663,3
1882,1635,3
1882,3793,4
1882,318,4
1882,3897,2
1556,2959,1
1865,3825,2
1865,3952,2
1865,3893,2
1865,3948,4
1865,3897,2
2022,1206,1
4005,2617,2
4005,3320,4
65,1246,1
3620,3952,2
195,1741,3
5605,3751,4
5605,3733,1
5605,957,3
5605,2762,3
5605,3911,2
5605,2275,3
5605,2338,1
5605,3908,1
5605,1128,4
5605,1644,1
5605,2548,2
5605,2459,3
5605,2995,1
5605,3917,3
5605,366,4
5605,3785,4
5605,2519,1
5605,2747,2
5605,3267,2
5605,3515,3
5605,3793,4
5605,2971,2
5605,2866,1
5605,2915,1
5605,3148,3
5605,1883,4
5605,3168,2
2669,3908,3
2669,3646,4
2669,3946,2
2669,3879,1
2669,3826,1
2669,3484,1
2669,3717,3
5605,2076,4
2669,3354,4
2669,3895,3
5605,2692,4
2669,3409,2
5605,2908,1
2669,3744,3
2669,3555,2
2669,3863,2
5605,920,2
5605,2820,1
5605,3897,2
5605,903,3
2669,3623,4
5605,593,2
5605,1361,3
2669,3578,4
2669,3510,4
2669,3793,2
2092,3688,3
2092,3423,3
2092,3527,2
2092,1480,2
2092,2184,2
2092,1259,2
2092,3317,3
2092,3952,4
2895,3946,3
4070,3019,3
4070,1198,4
4591,3897,2
4591,3355,4
2272,3916,1
2272,3952,1
149,3593,2
149,3858,3
149,3882,3
4647,3865,3
5948,1643,1
5948,2885,4
5948,3317,4
737,1732,2
3688,3246,3
3688,497,2
3688,2797,2
3688,1500,4
3688,3253,4
3688,2081,1
3688,2139,1
3688,2352,3
3688,509,3
3688,1641,3
3688,3668,4
3688,3100,3
3688,1302,3
3688,3210,1
3688,3526,2
3688,897,2
3688,3608,3
3688,1584,2
3688,1962,4
3688,2729,2
3688,914,4
3688,1954,3
3688,150,2
3688,2732,3
3688,3083,4
3688,3067,4
3688,595,2
3688,1944,4
3688,1097,2
3688,1224,2
3688,2731,2
3688,3943,1
195,1059,1
4785,3893,1
2119,3354,2
1447,1367,4
1447,3812,4
1447,3261,1
1447,3039,1
2814,1702,3
2814,2067,4
2814,924,3
2814,2858,4
2814,1214,4
2814,3276,3
5233,3949,3
5233,3897,4
5233,3617,3
5689,3178,4
897,3615,2
897,3948,4
897,3536,4
897,2231,1
4697,1658,1
4697,319,3
1952,3948,2
1317,1012,2
1317,919,3
4084,3952,4
4084,3798,1
4084,3893,1
4084,3897,3
4084,3317,4
4084,3865,3
4084,3855,4
2106,541,3
2057,2987,4
2057,3798,4
2057,2070,3
2057,2763,3
2057,3157,4
2057,2762,3
2057,2396,1
2057,2395,4
2057,3219,2
2057,1959,2
2057,2490,2
2057,2318,3
2057,2580,2
2057,2333,3
2057,3510,2
2057,2599,1
2057,3408,1
2057,2759,2
2057,3952,3
2057,3203,1
2057,2433,3
2057,223,2
2057,3005,4
2057,3298,4
2057,2710,3
727,3948,3
5333,3006,3
1051,934,1
1051,1032,1
1051,2096,1
1051,3549,3
1051,1022,4
1051,2565,3
1051,2080,1
1051,2087,1
1051,1012,3
1051,1086,4
1051,3088,3
1051,3548,3
1051,903,3
1051,1203,2
1051,904,3
1051,2017,1
1051,1951,3
1051,2747,1
1051,2078,4
1051,2529,2
1051,1013,3
1051,2085,1
1051,1028,4
1051,3507,4
1051,3546,2
1051,3451,1
1051,914,2
1051,924,4
1051,2300,1
1051,1247,3
1051,1219,2
1051,1207,4
1051,2459,2
1051,2037,4
1051,1030,3
1051,2090,2
1051,1380,3
1051,2014,1
1051,2095,4
1051,1982,4
1051,2779,2
1051,2657,3
1051,2346,3
1051,2640,4
1051,1345,3
1051,2109,1
1051,1073,2
1051,3396,3
1051,1080,2
1051,1954,3
1051,1294,4
1051,3671,1
1051,1997,2
1051,1278,3
1051,1206,3
1051,3421,1
1051,3363,4
1051,1208,2
1051,3471,1
1051,260,3
1051,1136,4
1051,1387,4
1051,2381,2
1051,2382,3
1051,1996,2
1051,2119,3
1051,2122,2
1611,1199,1
1051,2513,4
1051,1995,1
1051,1971,4
1051,2121,2
1051,3707,2
1051,3708,3
1051,2402,2
1051,1974,2
1051,2471,1
1051,2263,2
1051,1970,4
1051,2942,2
1051,2517,3
1051,709,3
1051,1033,2
1051,3016,1
1051,3660,2
1051,2453,3
1051,1994,1
1051,1550,4
1051,3436,4
1051,2995,1
1051,179,3
1051,140,4
1051,2327,1
1051,455,1
1051,2548,3
1051,2269,3
1051,3489,2
1051,1363,4
1051,1623,1
1051,328,2
1051,193,4
1051,2120,4
1051,2898,3
1051,2297,1
1051,2590,3
1051,3709,3
1051,2429,1
1051,842,1
1051,724,3
1051,27,1
1051,3269,2
1051,2428,1
1051,3127,2
1051,48,4
1051,273,2
1051,605,3
1051,94,1
1051,361,1
1051,312,1
1051,879,4
1051,3005,4
1051,282,1
1051,2875,4
1051,2340,4
1051,375,2
1051,2,1
1051,382,2
1051,3848,4
1051,2976,2
1051,2046,4
1051,3259,4
1051,491,4
1051,1043,2
1051,1342,2
1051,1836,2
1051,2616,3
1051,57,3
1051,1093,3
1051,2059,3
1051,253,2
1051,490,3
1051,2165,1
1051,1061,4
1051,2541,4
1051,999,2
1051,1416,2
1051,1339,2
1051,695,2
1051,2710,4
1051,783,2
1051,647,2
1051,3081,4
1974,562,4
1051,2490,4
1051,3252,3
1051,805,4
1051,1721,1
1051,508,1
1051,2394,4
1051,2125,2
1051,222,2
1051,230,4
1051,3426,4
1051,2712,1
1051,2294,2
1051,1688,3
1051,1396,2
1051,535,4
1051,2006,3
1051,62,2
1051,3270,2
1051,477,4
1051,1271,2
1051,1056,1
1051,538,1
1051,2268,3
1051,2071,4
1051,590,2
1051,2687,1
1051,1672,2
1051,1682,3
1051,3159,3
1051,1810,4
1051,3476,4
1051,1120,4
1051,1059,4
1051,1411,4
1051,1639,4
1051,364,3
1051,2890,3
1051,3105,2
1051,3499,2
1051,1034,4
1051,1179,3
1051,300,3
1051,32,1
1051,337,2
1051,2959,4
1051,1704,2
1051,1393,1
1051,778,2
1051,1594,4
1051,1584,3
1051,2693,3
1051,2908,1
1051,2336,2
1051,595,2
1051,2761,3
1051,150,4
1051,36,4
1051,589,3
1051,1266,4
1051,515,4
1051,527,1
1051,318,4
1051,2106,1
4126,2133,3
1051,3908,4
1051,3895,3
1051,3826,1
1051,3273,4
1051,3857,1
1051,3484,4
1051,3865,2
1051,3623,2
1051,3755,1
1051,3578,2
1051,3911,2
1051,2883,3
1051,454,1
1051,3317,1
1051,1449,1
1051,2888,1
1266,1894,3
1266,3788,4
4647,3556,2
195,2328,2
127,3895,4
127,3301,1
5277,3725,3
5277,1900,3
127,3865,4
127,3754,4
127,3784,1
127,3948,1
127,3795,2
127,3897,3
127,3893,1
127,3952,2
127,3317,2
1958,265,2
3768,3689,2
3768,3858,4
3768,762,1
3768,2568,2
3768,1729,1
3768,493,2
3768,2268,1
4823,803,1
3768,362,4
3768,1016,1
3768,2090,1
3768,1713,1
3768,2137,4
3768,1017,4
3768,1019,4
3768,1381,1
3768,1088,4
3768,1380,1
3768,2080,1
3768,2096,2
3768,1947,4
3768,1035,3
3768,1030,4
3768,1033,2
3768,588,1
3768,1029,3
3768,1405,2
3768,3034,2
3768,1022,3
3768,661,1
3768,2141,2
3768,2018,3
3768,364,4
3768,595,3
3768,596,2
3768,2899,4
3768,2085,2
3768,2087,4
3768,3705,2
3768,1833,1
3768,3219,3
3768,1687,1
3768,2320,4
3768,350,3
3768,861,1
3768,543,1
3768,3505,1
3768,3896,4
3768,377,2
3768,2183,1
3768,1674,1
3768,1358,4
3768,2119,1
3768,1983,4
3768,2513,3
3768,2514,3
3768,1388,4
3768,2456,3
3768,1974,3
3768,2459,3
3768,273,2
3768,2121,1
3768,2327,3
3768,2787,2
3768,1327,2
3768,2517,1
3768,724,2
3768,1346,1
3768,3917,3
3768,1347,2
3768,2097,2
3768,1130,2
3768,1337,2
3768,1333,2
3768,1258,4
3768,3499,3
3768,1797,3
3768,1189,1
3768,162,3
3768,2034,3
3768,2311,2
3768,2672,2
3768,2422,3
3768,2373,4
3768,2421,3
3768,3864,3
3768,1606,2
3768,3698,4
3768,1917,1
3768,2470,1
3768,3036,3
3768,421,4
3768,1031,2
3768,1275,3
3768,2116,3
3768,2366,1
3768,3168,4
3768,1198,1
3768,919,3
3768,3412,1
3768,1562,2
3768,2986,1
3768,170,3
3768,1620,4
3768,2542,1
3768,999,4
3768,3247,2
3768,592,2
3768,3019,4
3768,2194,3
3768,1234,4
3768,858,1
3768,1213,1
3768,296,2
3768,1892,1
3768,2871,3
2868,3317,4
2868,3615,2
710,3946,4
710,3908,3
3821,2759,1
195,1475,2
411,2088,2
411,2453,1
411,2376,3
411,2734,4
411,2420,3
411,2105,4
411,3480,2
411,2918,4
411,2746,4
411,2739,2
411,1258,3
411,3111,1
411,2313,3
411,921,1
411,3067,1
411,2915,2
411,1096,4
411,1394,1
411,1196,3
1449,920,1
1449,3717,2
411,2427,1
411,2521,3
411,2528,4
411,2921,3
411,1082,3
3483,2501,2
411,3733,4
411,3069,1
411,3037,4
411,1953,4
411,3201,4
411,2788,1
411,3924,4
195,3020,4
411,3168,4
411,2922,1
411,2857,1
411,3469,1
411,2160,2
411,3414,3
411,1334,2
411,2874,3
411,1016,2
411,938,1
411,2454,2
411,952,1
411,901,3
411,2662,3
411,2096,2
411,1022,1
411,3549,3
411,2080,1
411,3088,3
411,2087,3
411,915,1
411,2565,1
411,3548,4
411,971,1
411,932,1
411,1012,3
411,916,3
411,3405,3
411,969,3
411,3675,4
411,1203,1
411,937,4
411,910,3
411,1104,2
411,3153,1
411,3746,2
411,3408,3
411,3276,1
3483,3571,2
3483,1449,3
3483,3721,4
3483,2333,3
3483,3328,2
1260,3100,1
1260,1794,3
1260,180,1
1260,265,3
2627,1302,3
2627,1954,2
2627,3539,2
2627,1270,1
2627,1960,1
2627,3090,2
2627,3361,2
2627,2020,3
2627,3363,2
2627,1307,2
2627,595,3
2627,3037,3
2627,3551,1
2627,1172,2
2627,3350,1
2627,1299,1
2627,2064,2
2627,3424,2
1260,3246,3
2627,3075,2
1260,2890,1
1260,3052,2
1260,1183,4
1260,2276,4
1260,2395,2
1260,1095,2
1260,150,4
1260,2952,3
1260,535,4
1260,1466,1
1260,1673,3
1260,1639,3
1776,3916,1
1776,3821,2
1776,3300,1
1776,3861,2
1260,2682,1
1260,3252,4
1260,2997,1
1260,2396,3
1260,25,3
267,232,4
1954,3863,2
1954,3831,3
1451,2334,2
1451,3142,1
1451,3007,3
3203,3882,2
3203,3895,3
1980,2320,4
1980,2596,4
195,1199,4
4387,3071,2
4387,2302,2
4387,2390,1
4387,1366,1
4387,2114,3
4387,3786,3
4387,279,1
4387,949,3
4387,1680,1
4387,1962,4
4387,47,2
4387,2637,4
4387,2352,4
4387,2268,1
4387,3505,3
4387,1060,2
4387,2553,2
4387,3270,4
4387,3671,4
4387,1394,4
1988,1941,2
1988,3723,1
4387,971,2
4387,2194,3
4387,1961,2
4387,1223,2
4387,3751,2
4387,219,4
4387,1104,3
4387,933,1
829,953,2
829,2917,1
4387,2434,4
829,3683,3
4387,1136,1
4387,1249,3
4387,2728,3
4387,262,3
4387,2820,2
4387,73,4
4387,943,2
4387,1283,1
4387,375,3
4387,745,4
4387,2336,4
4387,2028,2
829,1225,3
4387,913,2
1551,1913,4
4387,154,2
829,2064,3
829,1223,3
829,3068,3
829,1235,4
829,969,2
829,3152,3
829,971,4
829,3347,4
829,1079,4
829,594,3
829,1307,4
829,2716,3
829,2948,3
829,1095,2
829,1387,1
829,1265,3
829,2028,3
829,2303,2
829,593,4
829,318,3
829,3897,3
829,920,3
829,909,3
829,3475,1
829,3543,3
829,111,2
829,1198,4
829,1283,1
829,905,3
829,2186,2
829,1084,1
829,1256,1
829,1193,4
829,246,4
829,1945,4
829,1228,2
829,1244,1
829,928,1
829,1247,2
829,296,1
829,3359,3
829,2973,2
829,1207,2
829,527,3
140,946,3
140,906,2
140,1282,3
140,2204,4
140,1942,4
140,2202,1
140,918,3
140,2940,3
140,2612,3
140,1941,3
140,1284,3
140,913,2
140,3606,3
140,930,1
140,1254,1
140,2937,1
140,3095,4
140,1212,3
140,3435,2
140,929,1
2438,1132,1
2438,1131,3
3029,3882,1
4624,2762,2
195,235,1
4624,3948,4
1605,3556,4
1605,2359,2
1260,1247,4
1260,527,1
1260,3821,3
1260,3897,2
1260,3317,2
157,3007,2
3821,3892,2
3832,3285,1
3832,3858,2
3832,3897,1
3940,2912,1
131,1961,3
195,588,2
1882,3317,4
1285,2689,2
1451,1688,3
1451,3287,4
1451,364,4
1451,2018,2
1451,2857,2
1451,2404,4
1451,2402,2
1451,3066,3
1451,3519,1
1451,2815,3
1451,2202,1
1451,3196,1
1451,1033,2
1451,2139,3
1451,3034,1
1451,1031,3
1451,616,1
1451,3672,2
1451,2014,4
1451,416,2
1451,2478,4
1451,3508,1
1451,2533,3
1451,2530,4
1451,2531,4
1451,2407,2
1451,1831,4
1451,258,3
1451,2355,1
1451,3358,3
1451,1,3
1451,3114,4
2895,3909,1
5458,2696,2
1451,125,1
1451,2761,1
5412,2275,1
195,2542,4
5412,3889,2
5412,1173,2
5412,930,1
5412,908,4
5956,225,3
5956,253,1
3054,2126,4
3054,3809,1
3054,2718,3
3054,88,3
3054,3248,1
3054,288,4
3054,3247,3
3054,1461,4
3054,62,2
3054,3254,2
3054,783,1
3054,333,2
3054,2572,1
3054,805,3
3054,1620,3
3054,339,2
3054,597,2
3054,2165,2
3054,2671,1
3054,1569,4
3054,450,4
3054,1629,1
3054,1476,3
3054,3046,1
3054,2706,4
3054,2325,1
3054,3712,4
3054,1836,4
3054,2006,3
3054,2770,3
3054,2271,1
3054,1580,2
3054,1907,1
3054,1614,2
3054,1407,3
3054,1627,2
3054,1701,4
3054,1485,3
3054,1542,2
3054,2710,1
3054,480,4
3054,367,2
3054,2058,4
3054,1399,2
3054,708,3
3054,2693,3
3054,2231,3
3054,3115,4
3054,539,2
3054,2600,4
3054,1909,4
3054,1810,2
3054,497,3
3054,2294,1
3054,3105,1
3054,3178,3
3054,1268,3
3054,799,2
3054,838,1
3054,3723,1
3054,222,1
3054,454,4
3054,2583,1
3054,372,3
3054,3255,1
3054,1921,1
3054,3129,4
3054,1513,2
3054,1840,4
3054,999,2
3054,2125,1
3054,851,1
3054,1051,3
3054,1191,3
3054,628,2
3054,1748,1
3054,3176,1
3054,441,1
3054,1670,2
3054,627,3
3054,45,4
3054,2916,2
3054,2282,1
3054,1845,3
3054,600,1
3054,1120,3
3054,1653,3
3054,562,3
3054,1747,4
3054,1527,2
3054,1784,2
3054,1680,2
3054,1441,4
3054,2439,2
3054,2166,2
3054,2324,2
3054,3044,1
3054,3174,1
2895,2409,4
3054,1683,1
3054,1916,1
2895,3754,3
2895,3785,2
3054,265,4
3054,1897,4
3054,233,4
3054,3007,3
3054,2964,2
3054,232,3
3054,866,4
3054,1649,1
3054,3100,3
3054,1089,3
3054,2978,2
3054,2721,3
3054,2694,3
3054,1292,2
1079,2881,2
1079,1320,2
1079,376,1
1079,1407,2
1079,22,3
1079,1686,2
1079,230,1
1079,1892,1
1079,454,3
1079,2803,2
1079,490,2
1079,229,1
1079,1834,4
1079,1343,2
1079,377,2
1079,3147,3
1079,373,1
1079,3267,3
1079,319,4
1079,589,3
1079,2762,1
1079,1358,3
1079,247,4
1079,2763,4
1079,1916,4
1079,163,2
1079,3107,2
1079,2058,3
1079,21,2
1079,1580,4
1079,3418,3
1079,6,2
1079,1277,1
1079,2427,3
1079,457,3
1079,1049,3
1079,208,3
1079,2628,1
1079,1894,1
1079,733,3
1079,380,1
1079,340,3
1079,3175,3
1079,2006,1
1079,2916,3
1079,480,3
1079,590,3
1079,2891,1
1079,52,3
1079,322,2
1079,1236,2
1079,2502,2
1079,2355,2
1079,223,3
1079,348,4
1079,1747,2
1079,2359,2
1079,3060,2
1079,471,3
1079,3108,4
1079,39,1
1079,2324,2
1079,745,4
1079,1223,1
1079,3301,4
1079,1265,1
424,1589,4
424,2001,4
424,1645,1
1079,1233,1
1079,527,4
1079,1725,1
1079,1660,3
1079,3476,4
1079,1183,1
1079,1683,1
1079,1393,2
1079,1179,2
749,2470,2
1079,1213,3
1079,2997,4
1079,2028,1
1079,318,2
1079,296,4
1079,593,1
1079,1617,4
424,1732,1
424,3763,3
424,431,1
424,47,4
424,2985,3
424,3019,3
1079,3863,4
1079,3555,4
1079,3578,3
1079,3751,3
1079,225,1
1079,3317,1
3693,3893,3
1501,3733,4
1501,2501,1
1501,953,2
1501,94,3
1501,2762,1
1501,150,4
1501,3037,4
1501,918,2
1501,2268,1
1501,899,2
1501,1090,4
1501,3469,3
1501,1393,3
1501,3871,2
1501,911,3
1501,3341,2
1501,318,3
1501,2329,4
1501,3508,2
1501,3564,4
1501,3821,4
1501,3354,2
1501,3861,3
1501,3618,1
1501,3298,4
1501,3510,2
1501,3753,1
1219,1661,4
1219,3784,3
770,3000,3
770,3882,1
770,3510,3
4277,2501,1
2272,3948,4
2272,3897,3
3093,3882,3
4624,3510,1
306,2701,3
4624,2770,2
528,2860,3
528,3948,3
4478,593,4
3821,3114,2
3693,3897,3
1556,1206,1
4940,1248,2
4940,1179,1
4940,2940,1
4940,2987,1
4940,1344,3
4940,2186,1
4940,1284,2
4940,3334,3
4940,942,2
4940,1152,4
4940,930,3
4940,2066,1
4940,1260,4
4940,1267,2
4940,1069,4
4940,541,4
4940,3435,2
4940,1252,2
4940,922,4
4940,913,3
1354,34,3
1354,408,3
1354,3271,1
1354,515,1
1354,2268,1
1354,608,1
1354,3078,3
1354,2336,1
1354,94,3
2106,1701,2
2106,1884,1
140,3536,3
140,3793,1
140,3751,4
140,3481,4
140,3182,2
140,1269,2
140,3334,2
140,953,3
140,942,2
140,898,2
140,912,3
140,923,1
140,928,2
140,2936,2
140,3097,1
140,951,3
140,2935,1
195,3083,3
5972,2112,1
5972,3948,4
5972,733,1
5972,1480,1
5972,474,2
5972,3317,4
5972,3897,2
3483,2600,4
3483,314,2
3483,2690,1
3483,2434,1
3483,1911,4
3483,3751,4
3483,2369,4
3483,2826,4
3483,241,4
3483,2812,4
3483,714,2
1447,1396,2
1447,3105,3
1447,3408,1
1447,2248,1
1447,62,3
1447,2460,4
1447,2119,2
1447,2654,2
1447,2735,1
1733,1292,4
2239,3593,2
2239,2701,3
2239,1590,4
2239,3113,3
2239,1831,3
2239,1690,1
2239,170,1
2239,208,1
2239,1100,3
2239,95,1
2239,2094,4
2239,2617,4
2239,1544,2
2239,1391,4
2239,1876,3
2239,316,3
2239,3744,4
2239,1101,2
2239,380,3
2239,1580,4
2239,2600,3
2239,3793,1
2239,2000,2
2239,1127,1
2239,480,4
2239,1036,3
2239,2693,3
2239,2580,2
2239,2021,2
2239,2105,1
2239,788,3
2239,1298,3
2239,1947,4
2239,3159,1
2239,1282,1
2239,1220,4
2239,1445,1
2239,1676,3
2239,780,4
2239,1682,3
2239,450,2
2239,110,4
2239,3409,3
2239,3408,4
2239,3578,3
2239,2716,2
2239,1242,2
2239,73,1
2239,3135,1
2239,3421,1
2239,2501,3
2239,1097,1
2239,1222,3
2239,1200,1
2239,1873,4
2239,150,4
2239,1225,3
2239,1208,3
2239,919,1
2239,593,4
2239,2916,2
2239,1240,3
2239,1270,2
2239,2985,1
2239,637,3
2239,3050,3
528,3752,1
528,474,3
3519,11,1
3518,11,3
3833,911,4
4600,25,4
412,1701,1
1329,3897,4
195,3701,1
4682,1422,4
1748,2803,4
1780,3615,2
1780,288,3
2636,2058,1
2636,1666,4
2636,3448,3
2636,2580,1
2636,3578,3
1882,2912,2
1611,3784,4
1611,2449,4
1611,2420,2
2047,3952,3
2047,3317,1
3441,3825,4
3441,3909,3
3054,1348,2
3054,3752,2
3441,3952,4
3054,3317,2
3054,3893,4
5636,369,3
5636,3948,4
5636,3717,4
5636,3623,2
5636,3916,2
5636,3831,2
5636,2696,3
1113,3509,1
3732,1094,2
4005,3916,2
3732,589,3
3732,3334,2
3732,1234,2
3732,2732,4
3732,924,4
3732,595,4
3732,1103,3
3732,3365,2
4005,3534,2
3732,1265,1
3732,2028,3
3732,2664,2
3732,916,1
3732,930,3
4005,3897,3
4005,3317,2
3732,1104,2
3732,2997,3
3732,2132,4
4005,3948,2
4005,2589,4
4005,3858,1
4005,2586,2
3732,1198,1
3732,3504,4
3732,1260,1
3732,3089,2
3732,3929,3
3732,3649,3
2969,1198,1
2969,2115,2
2969,1291,1
2969,2011,4
2969,1270,2
2969,260,1
2969,1620,3
2641,2428,4
2641,2861,2
2641,1214,1
2641,3863,4
2641,1172,2
2641,3409,3
2641,3688,1
2641,1410,2
2641,1093,2
2641,2194,1
2641,3897,1
2641,1203,1
671,1090,1
671,3363,4
671,3910,3
671,3703,2
671,3000,4
671,2863,4
671,1251,2
671,3152,1
671,3470,3
671,919,2
671,1252,3
671,3030,1
671,1348,4
671,337,2
671,2064,1
671,3893,1
671,3863,4
671,2020,3
671,3897,1
671,1284,4
671,1233,2
92,1556,1
5689,3317,3
92,1882,1
5689,306,4
92,1590,2
92,1831,3
92,1479,4
5689,214,4
1733,1000,2
92,886,4
1733,716,4
1733,762,4
1733,1539,3
92,70,4
92,360,4
92,3257,3
1733,1627,4
1733,2126,1
92,2126,2
92,1391,2
92,3082,1
92,1801,3
1733,2616,4
1733,2986,3
1733,1918,4
1733,434,3
1733,3247,2
1733,170,1
1733,367,3
1733,999,2
1733,198,1
1733,2540,2
1733,2231,3
1733,431,2
1733,1061,3
1733,1589,4
92,1722,1
92,1608,1
92,465,1
92,780,1
92,376,3
92,1754,1
92,1597,3
1733,3301,4
1733,3266,3
1733,555,1
1733,1500,1
92,592,4
92,368,3
92,292,2
92,1047,4
92,1101,1
92,2273,3
92,3107,4
92,2058,3
1733,1912,3
1733,3019,1
92,2363,2
92,2353,4
92,2529,4
92,1240,3
92,1214,3
92,377,2
1733,1405,2
1733,1033,2
1733,2810,4
92,1408,2
92,2028,3
92,6,3
92,1291,3
1733,2081,1
1733,741,1
92,2453,3
92,810,4
92,2143,1
92,2140,4
92,1848,1
92,3438,4
92,317,2
92,2100,2
92,2015,1
92,1702,2
92,3466,2
1733,2745,3
2868,3893,1
2868,1922,1
5333,3784,1
1733,1094,3
2895,3916,2
2895,3952,3
3128,2731,4
1500,3556,3
1958,150,4
1958,2013,3
1500,3948,3
743,3076,3
743,3909,1
743,3317,3
743,3886,2
848,3882,4
4816,781,4
4816,3181,3
453,1079,4
1491,3952,1
3258,1911,4
3258,2976,3
195,12,4
4795,3006,4
1317,3494,2
1317,380,1
1317,2447,4
1978,2115,1
1978,524,4
1978,1588,4
1125,1584,4
774,3893,2
774,3865,4
774,3948,2
5737,3499,1
4277,2468,1
4277,3474,1
4277,3273,2
4277,200,1
1451,193,3
4277,2834,4
4277,3002,1
1451,2431,1
4277,1056,4
1451,2252,4
1451,1442,4
1451,273,2
1451,1727,3
1451,218,3
1451,358,2
1451,31,1
1451,1027,2
4277,3077,2
1451,365,1
1451,229,3
1451,3425,3
1451,350,3
1451,1660,2
1451,22,2
1451,3079,3
1451,431,4
1451,508,4
1451,3105,4
1451,281,1
1451,308,3
1451,1673,1
1451,1695,3
1451,2101,3
1451,73,4
1451,1213,2
1451,448,3
1451,2412,2
1451,160,1
1451,172,3
1451,153,2
1451,1562,4
1451,1320,4
1451,2616,1
1451,1687,1
1451,1377,2
1451,379,1
1451,442,4
1451,292,4
1451,2699,2
1451,1722,1
1451,349,3
1451,10,3
1451,2278,2
1451,3178,4
1451,3784,4
1451,3615,4
1451,2316,3
5733,589,1
5733,1258,3
5733,2278,1
5733,457,1
5733,3358,4
5733,3015,4
5733,217,4
5733,2858,2
5733,1653,2
5737,3903,3
65,1562,1
65,2411,1
65,1100,3
65,434,1
65,1518,3
65,1586,3
65,736,1
65,1608,3
65,1552,3
65,1917,4
65,9,4
65,3274,4
65,2406,4
65,2699,4
65,733,3
65,2991,1
65,1573,2
65,969,2
65,2115,1
65,1101,4
65,2763,3
65,380,4
65,1954,4
65,2058,4
65,1220,2
65,1387,4
65,3107,3
65,2000,4
65,1291,4
65,1036,1
65,1198,4
65,1721,2
65,3916,2
3363,3897,4
195,2628,2
195,1921,1
2641,3948,3
1834,3785,3
1834,3755,2
1834,3185,4
1834,3189,1
1834,648,3
3430,1084,4
3430,1206,3
3430,926,3
3430,1952,2
3430,904,1
5737,3897,1
5359,3536,2
2907,2498,2
2907,1804,2
2907,597,1
2907,3524,1
2907,207,2
5367,1441,2
5367,3317,4
1113,3317,4
1113,3858,1
3258,3526,1
3258,3547,4
3258,1036,1
3258,2918,3
3258,1090,2
3258,1097,1
3258,1242,3
3258,2352,1
3258,3342,2
3258,3361,1
3258,2917,3
3258,1222,1
3258,921,2
3258,2243,3
3258,1307,2
3258,1270,4
3258,3424,4
3258,1186,3
3258,1198,3
3258,1228,3
3258,2973,1
3258,3338,2
3258,3543,4
3258,2710,2
3258,3948,1
3258,3897,3
3258,162,3
2779,3074,2
2779,1954,1
2779,2210,4
2779,3006,2
2779,1949,3
2779,1224,3
2779,1953,2
2779,290,3
2779,3359,4
2779,720,1
2779,1199,4
2779,34,1
2779,1231,3
2779,2932,2
2779,3545,2
2779,1104,1
2779,3735,2
2779,2488,4
2779,3201,2
2779,3508,2
2779,2238,4
2779,3793,1
2779,3897,3
1449,1719,3
5539,1237,1
5539,926,1
3182,3717,2
3182,3785,2
3182,3623,1
3182,3555,4
3182,3744,3
3182,3793,1
3182,3424,1
3182,3578,2
5831,947,3
4386,1023,2
3285,3728,2
3285,3916,4
3285,3893,3
3285,3897,3
3285,3317,1
3285,3948,3
1647,692,3
1647,426,4
1647,1396,3
1647,861,3
1647,3253,4
1647,2321,1
1647,1517,2
1647,3100,1
1647,2302,3
1647,39,1
1647,1923,1
1647,1625,4
1647,3265,1
1647,1500,2
1647,3052,2
1647,1610,1
1647,2762,1
1647,1249,1
1647,1704,2
1647,6,4
1647,246,3
1647,457,2
1647,1089,1
1647,3114,2
1647,1617,1
1647,593,4
1647,486,4
1647,3768,1
1647,2383,1
1647,2382,1
1647,1979,3
1647,1977,3
1647,1980,2
1647,2381,1
1647,2373,3
1647,3695,2
1647,2380,3
1647,2473,4
1647,2379,2
1647,2374,4
1647,2422,2
1647,2642,1
1647,2471,4
1647,2411,3
1647,3708,3
1647,2421,1
1647,2399,1
1647,2376,2
1647,3444,1
1647,2457,3
1647,2410,4
1647,2378,3
1647,2942,4
1647,3388,3
1647,2794,1
1647,2375,3
1647,1587,1
1647,2405,3
1647,2990,3
1647,2474,1
1647,3478,1
1647,3039,2
1647,1275,4
1647,3525,4
1647,3072,1
1647,3552,2
1647,3016,1
1647,2115,2
1647,3101,1
1647,2915,3
1647,1246,3
1647,2926,4
1647,3361,3
1647,1291,4
1647,1079,3
1647,2077,4
1647,2041,3
737,1673,2
699,1252,4
699,965,2
699,1924,3
699,968,1
699,3018,3
699,1339,3
699,2648,3
699,1333,3
699,1340,4
699,2664,2
699,1258,1
699,1219,2
699,2382,2
699,2458,3
699,2381,3
699,2380,4
699,2383,2
699,2379,3
699,63,3
699,1113,3
699,3385,2
699,656,1
699,2378,4
699,2040,4
699,2296,3
699,2598,1
699,612,1
699,637,1
699,3235,3
1954,1921,1
699,135,1
699,274,2
699,710,1
699,1494,3
699,2375,3
699,2509,4
699,5,1
699,2072,1
699,2792,1
699,585,4
699,3087,3
699,486,4
699,2478,1
699,2054,1
699,2794,4
699,410,1
699,1135,1
699,2746,4
699,2111,4
699,3861,4
699,542,2
699,785,4
699,2011,3
699,1663,4
699,3040,3
699,3033,1
699,2413,2
699,2124,1
699,2795,2
699,1485,2
699,289,3
699,3301,2
699,2791,2
699,1078,3
699,1028,2
699,2174,2
699,3039,3
699,2716,4
699,2081,1
699,2736,1
699,2797,4
699,2080,3
699,2205,1
699,3868,4
699,2423,2
699,1077,1
699,1079,3
699,1394,3
699,1073,2
699,3507,2
699,2148,1
699,2064,2
699,1278,3
699,933,3
699,1307,2
699,2300,3
699,2507,4
699,3210,3
699,1270,3
699,1269,1
699,3671,4
699,905,1
699,1230,3
1137,3754,3
1137,3858,2
1137,3908,2
1137,3857,4
1137,3895,1
1137,3825,2
1137,3912,1
1137,3597,1
1137,3886,3
1137,3317,4
1546,3893,1
5157,3948,1
1413,1573,2
1413,480,2
1413,2353,4
1413,474,4
1413,2058,1
1413,733,1
1413,21,2
1413,1356,1
1413,2600,1
1413,6,4
1413,2278,4
1413,3265,4
1413,457,3
1413,3418,3
1413,555,3
840,3897,1
840,2291,3
840,357,1
840,17,2
840,39,3
840,898,2
840,866,4
840,2396,3
840,800,1
840,2946,4
840,914,4
840,1035,4
840,3606,1
840,1258,3
840,922,4
840,942,1
840,2797,2
840,162,1
840,246,3
840,588,4
840,1017,1
840,2014,2
840,3397,2
840,3396,2
840,1028,3
840,1073,4
840,34,2
840,1030,2
840,2090,3
840,2018,3
840,616,2
840,1023,4
840,2099,3
840,595,4
840,3114,3
840,2096,3
840,3034,1
840,2137,2
840,2078,1
840,1,4
840,1022,4
840,2139,3
840,2700,3
840,364,2
840,2087,3
840,1223,2
840,2692,3
3483,3821,4
3483,3316,4
3483,3483,1
3483,3275,1
3483,3452,2
3483,3300,4
3483,3513,1
3483,3515,4
3483,3755,1
3483,3861,4
3483,3744,4
3483,3753,2
3483,3793,3
3483,3510,1
3483,3481,4
3483,3896,2
3483,3536,4
3483,3915,2
3483,2248,2
3483,1914,1
3013,3301,1
3013,3752,4
3013,1593,3
3013,3897,4
3833,3435,4
3518,3631,3
3518,3594,3
3518,3751,2
2376,3683,1
2376,3362,2
1647,1961,4
1647,1036,1
1647,1198,1
1647,2804,3
1647,1998,2
1647,1388,1
1647,2016,1
1647,1011,4
1647,2051,1
1647,1327,2
1647,2531,3
1647,2040,4
1647,2409,3
1647,3672,3
1647,1194,4
1647,2014,3
1647,3729,4
1647,3635,3
1647,3639,1
1647,3771,4
1647,2109,1
1647,2090,2
1647,2991,4
1647,1954,2
1647,3396,1
1647,2137,4
1647,1136,4
1647,3508,1
1647,3421,2
1647,1272,4
1647,1010,2
1647,674,3
1647,2085,1
1647,2857,4
1647,2949,4
1647,1017,3
1647,2947,1
1647,2728,2
1647,1016,1
1647,2662,4
1647,2123,3
1647,3882,3
1647,181,1
1647,474,3
1647,733,2
1647,460,1
1647,3948,4
1647,3177,2
1647,3861,2
1647,3510,1
1647,3408,2
3229,3317,1
3229,2112,2
3229,425,4
3229,2348,2
3229,1307,2
3229,1950,4
3229,904,1
496,1199,1
699,3184,1
699,3579,2
699,2207,3
699,75,1
699,2374,2
699,3299,1
699,375,4
699,536,4
699,3591,1
699,3298,1
699,3844,3
699,3185,1
699,848,4
699,3461,4
699,2611,1
699,3408,4
699,2243,3
699,3546,4
3821,1884,3
699,909,1
3821,1711,1
699,2076,1
3821,3117,2
699,1302,4
699,1288,3
699,3019,4
699,1246,4
699,1968,3
699,1208,1
699,3270,4
699,1012,4
699,2732,4
699,919,3
699,1097,4
699,2164,4
699,908,4
699,1228,2
699,2804,2
699,1250,2
699,1090,3
699,3362,3
699,1193,3
699,1203,2
699,1929,4
699,3741,1
699,694,2
699,1170,1
699,315,2
699,3441,1
699,3444,3
699,3744,3
699,3623,1
699,2001,4
699,3527,1
699,1220,2
699,3793,1
699,3704,3
1266,181,3
1266,1495,4
1266,3689,1
699,2000,1
1266,631,2
1266,3716,1
699,1210,1
1266,460,3
1266,3709,2
699,1240,1
699,1200,2
1266,1410,1
699,1222,3
699,2194,3
699,1214,2
1266,3688,4
1266,1551,1
699,1036,2
699,1196,4
1266,3865,1
699,1221,3
699,858,1
699,260,2
1266,3908,2
1266,3945,2
1266,3593,3
699,2502,2
1266,3864,4
1266,3884,1
1266,3824,1
1266,3597,2
1266,3895,2
1266,3946,4
1266,3857,1
1266,3889,2
1266,3912,4
1266,3826,4
1266,3752,4
1266,3909,4
1266,3858,3
1266,3616,2
1266,3898,2
1266,3798,3
1266,3784,3
699,3616,1
699,3798,4
699,3784,3
699,3317,3
699,3948,2
699,1503,3
699,19,2
699,413,2
699,1459,1
1266,3754,1
201,1835,3
4697,3882,1
4697,1046,4
4697,2571,3
4697,1355,2
1425,3163,4
1812,225,3
5621,1747,4
5621,3893,2
929,1263,2
929,3744,4
2820,2758,1
2820,3481,1
195,3536,4
2820,799,1
2820,1000,2
2820,1190,4
2820,3409,2
5312,2701,3
480,3454,4
480,3825,3
480,3285,3
480,3452,2
480,3798,2
480,3717,2
480,3821,2
480,3617,4
480,3785,1
480,3539,4
480,3554,2
480,3911,1
480,1673,4
480,508,3
480,3882,2
480,912,4
3410,568,1
1716,3916,2
1716,3914,4
4593,3186,2
2926,3948,2
2926,3893,2
2926,3317,1
2926,3952,1
2926,3897,2
2926,3556,3
3483,1831,2
3483,1752,1
3483,518,2
3483,252,3
3483,650,1
3483,338,2
3483,724,1
3483,991,4
3483,2316,1
3483,1686,4
3483,459,3
3483,1662,1
3483,3697,4
3483,1620,3
3483,516,4
3483,248,1
3483,1848,4
3483,809,2
3483,1586,2
3483,1167,4
3483,2431,1
3483,2002,1
3483,3254,2
3483,379,1
3483,1687,2
3483,1920,3
3483,2094,3
3483,1918,1
3483,1422,4
3483,3186,4
3483,2803,3
3483,1479,3
3483,282,2
3483,653,3
3483,2335,2
3483,237,3
3483,1711,1
3483,333,1
3483,1666,4
3483,1841,2
3483,60,2
3483,648,3
3483,3183,1
4258,3484,1
3483,135,2
3483,257,2
3483,1409,1
3483,2249,3
3483,3259,1
3483,1672,1
3483,2558,4
3483,14,3
3483,3249,4
3483,3686,4
3483,543,4
3483,2424,1
3483,3809,2
3483,144,3
3483,2561,4
3483,1020,2
3483,987,4
3483,3263,4
3483,788,4
3483,1476,3
3483,2875,1
3483,481,4
3483,832,1
3483,1747,2
3483,514,4
3483,524,1
3483,838,1
3483,22,2
3483,3252,1
3483,2166,2
3483,3145,4
3483,1777,3
3483,521,2
3483,1729,1
3483,1271,4
3483,802,2
3483,1805,4
3483,2697,3
3483,1396,1
3483,2282,3
3483,1542,3
3483,3181,4
3483,805,3
3483,1485,1
3483,1188,1
3483,3052,2
3483,3255,1
3483,2687,2
3483,2108,4
3483,2155,2
3483,1042,1
3483,1120,1
3483,1923,4
3483,3100,4
3483,678,1
3483,440,1
3483,448,4
3483,1392,2
3483,3078,2
3483,1653,4
3483,2289,3
3483,2440,3
3483,1500,1
3483,2959,4
3483,3906,4
3483,3752,3
3483,3946,1
3483,3618,1
3483,3884,4
3483,3826,2
3483,3857,3
3483,3893,1
3483,3798,3
3483,3317,4
3483,3784,4
3483,3948,1
3483,3863,2
3483,3952,4
3483,3831,3
1101,3317,1
1101,953,4
4757,1247,3
4757,3824,3
4757,987,3
4757,1997,3
4757,3855,1
4757,3897,1
3483,1641,1
3483,3916,2
4757,3556,2
3483,2359,1
3483,3427,3
2106,3858,2
2106,3910,3
3483,3897,2
4386,3007,2
4763,3179,2
4763,3721,3
993,1196,1
993,2858,2
993,858,1
993,1221,4
993,1209,3
993,3742,4
993,3717,3
3842,1131,3
3842,17,1
3842,551,2
3842,1206,1
3842,1673,4
3842,2729,3
3842,3471,3
3842,265,3
3842,515,4
5019,1295,1
5019,2712,1
5019,213,4
5019,2890,2
5019,1944,3
5019,2948,2
5019,2144,3
5019,1641,3
5019,2076,4
5019,3317,3
5019,1730,4
5019,235,4
5019,2542,3
5019,2212,3
5019,1079,2
5019,1269,4
5019,2194,4
5019,1086,2
5019,2729,1
5019,1673,1
5019,1610,2
5019,2791,3
5019,2644,4
5019,589,4
5019,3481,4
5019,1732,4
5019,1060,2
5019,2745,1
5019,1090,3
5019,1957,1
5019,1968,4
5019,3421,3
5019,1245,1
5019,265,1
5019,1643,4
5019,3629,1
5019,1172,4
5019,778,1
5019,1288,4
5019,296,3
5019,1237,1
5019,1238,2
5019,3418,1
5019,3635,1
5019,1374,4
5019,2019,1
5019,2692,2
5019,1210,4
5019,1103,3
5019,3527,4
5019,1350,1
1733,3016,2
1733,2541,1
5019,3639,4
1733,2433,1
5019,1201,2
5019,1704,3
5019,1095,3
5019,3113,2
5019,1036,2
5019,541,2
5019,1200,4
5019,1127,3
1546,3317,2
1546,2433,2
2106,3509,1
2000,2496,2
2000,1895,1
2000,2384,2
2000,2587,2
2000,2359,3
2000,2572,3
2000,2321,2
3519,3631,1
2000,353,1
4448,2399,4
4448,3394,1
4448,2147,2
4448,2473,2
4448,2950,2
4448,3707,4
4448,2378,2
4448,2942,3
2000,50,2
4448,1974,3
4448,2121,3
4448,2796,3
4448,2375,2
4448,3525,4
4448,3688,2
4448,2413,2
2000,1617,3
4448,2134,1
4448,2146,4
4448,2639,2
4448,2301,1
4448,2472,4
4448,3138,2
4448,2003,3
4448,2659,3
4448,2613,2
4448,3251,1
4448,2369,3
4448,2734,4
2000,2395,2
4448,2420,4
4448,2240,1
4448,3478,3
4448,2423,2
4448,3308,2
4448,3524,1
4448,1246,1
4448,2474,4
4448,2736,2
4448,2551,1
4448,1297,2
4448,3422,1
4448,2463,1
4448,1302,2
4448,2312,3
4448,1961,2
4448,1096,2
4448,3608,2
4448,2065,3
4448,1998,2
2000,2804,3
4448,3024,3
4448,2459,2
4448,2535,3
4448,2367,1
2000,1136,1
4448,1341,3
4448,1194,2
4448,3445,4
4448,1982,1
4448,2866,1
2000,1639,3
4448,2136,2
4448,2015,2
4448,2182,4
4448,969,4
4448,931,4
4448,2204,3
4448,2398,3
4448,953,1
4448,913,2
4448,912,2
4448,2211,4
4448,1931,3
4448,2212,2
4448,2644,3
4448,3134,4
4448,1256,2
4448,2210,2
4448,1099,1
4448,3932,1
92,1411,4
195,1866,2
438,2944,2
2969,3534,3
2969,2725,1
2969,3408,3
2925,3895,1
2925,3578,4
4600,110,4
1086,3948,1
3093,3852,1
3093,3893,4
4448,529,1
4448,1694,4
4448,1266,3
4448,448,4
4448,3730,1
1395,553,3
1733,1222,4
3693,361,1
1101,924,1
1101,3510,3
1101,1565,2
1101,3914,3
5831,3952,1
5074,1096,3
5074,1962,2
5074,3071,1
5074,2240,2
4386,2282,4
1274,3092,4
3203,3863,2
3203,3420,4
3203,2112,4
3203,3424,1
3203,1307,4
3203,3952,3
5333,3915,4
953,1635,4
953,3088,4
953,1287,3
953,3317,4
953,1348,1
953,1307,2
953,1242,4
92,2072,3
92,2717,4
92,2413,2
92,2134,1
92,2133,4
92,3543,2
92,3397,2
92,2918,2
92,3526,4
92,1359,4
92,546,3
92,1595,2
92,258,4
92,688,2
92,2162,3
92,126,4
92,2471,3
92,1499,2
92,168,1
92,160,2
92,1562,2
92,1750,4
92,169,2
92,2422,4
92,1779,2
92,1894,4
92,1009,4
92,303,1
92,455,3
92,1881,1
92,1377,2
92,1605,4
92,1676,3
92,434,3
92,329,3
92,153,3
92,2950,1
92,2421,1
92,2,3
92,2054,4
92,2470,3
92,3489,3
92,60,1
92,208,2
92,158,2
92,2167,4
92,1552,1
92,736,1
92,2135,2
92,8,4
92,653,3
92,2414,1
92,1917,3
92,3461,2
92,2822,3
92,2043,3
92,2006,4
92,1582,4
92,362,2
92,2430,4
92,733,3
92,2077,3
92,380,2
92,552,2
92,1615,1
92,1073,3
92,1198,1
92,2005,4
92,1967,2
92,2161,2
92,1623,1
92,2701,3
92,2714,1
92,2702,3
92,2763,1
92,3273,1
92,3176,2
92,3081,1
92,2485,1
92,2491,4
92,2724,1
92,1513,1
92,2840,1
92,2762,3
92,2622,1
92,2581,2
92,2906,1
92,2723,3
92,2709,1
92,2502,3
92,2959,1
92,2995,2
92,2719,2
92,2713,4
92,2688,3
92,2428,3
92,2720,3
92,3453,3
92,3717,3
92,2606,2
92,2580,1
92,2861,4
92,3238,4
92,2888,2
92,3113,2
92,2546,2
92,2541,4
92,2605,1
92,2881,1
92,2722,3
92,2718,3
92,1911,4
92,2038,2
92,2694,1
92,2710,3
92,2827,1
92,1127,2
92,3005,3
92,2188,4
92,3004,1
92,2572,4
92,2826,1
92,2706,2
92,2683,1
92,2771,2
92,2770,2
92,2699,4
4085,3594,1
92,829,4
92,3604,2
92,2941,2
92,1760,2
92,1381,1
92,107,2
92,327,1
4085,3286,1
92,901,2
92,2084,4
92,1057,3
92,2017,2
4085,3566,1
4085,3745,3
92,1088,1
92,783,1
92,1031,3
92,2565,2
92,2083,2
4085,3189,4
92,1035,4
92,3675,4
92,73,1
92,2657,1
92,1380,3
92,900,1
92,1951,3
92,1028,4
92,914,3
92,1298,2
92,1947,1
92,899,1
4085,1960,4
92,2559,3
92,2092,3
92,2566,1
92,673,4
92,1920,3
92,1024,3
92,3776,3
92,2142,2
92,2123,2
92,2033,4
92,558,2
92,1064,3
92,48,3
92,239,4
92,1405,1
92,2048,2
92,661,4
92,2089,1
92,2876,2
92,2800,3
92,2090,3
92,616,4
92,2394,2
92,2087,1
92,2085,2
92,709,4
92,1033,1
92,1030,4
92,2987,4
92,1566,1
92,2294,2
92,1029,3
92,3034,4
92,1022,4
92,2687,4
92,1032,1
92,2700,1
92,2137,3
92,2102,1
92,1907,3
92,1688,1
92,2096,1
92,2141,4
92,2078,3
92,594,4
92,1282,2
92,596,1
92,1023,3
92,595,3
92,2018,1
92,364,3
92,2139,2
4085,2386,4
4085,2566,2
4085,427,4
4085,64,1
92,3824,4
4085,502,4
4085,694,3
92,3825,3
92,3646,3
92,3826,2
4085,2715,4
92,3895,3
4085,2479,2
92,3798,3
92,3483,1
4085,3436,3
92,3863,3
92,3615,3
4085,2392,3
4085,1126,1
4085,1453,2
92,3185,1
4085,2325,1
92,3623,2
4085,4,1
4085,2568,4
787,593,4
787,745,3
787,608,3
4085,2778,4
92,3536,3
4085,2107,2
92,3325,2
4085,1043,4
4085,1863,3
4085,3835,1
4085,2169,2
92,3511,1
92,3225,3
92,3743,3
4085,2558,3
1715,2804,1
1715,318,3
92,3821,4
4085,765,4
92,3752,2
4085,2188,3
4085,3053,4
92,3882,1
92,3189,1
92,3535,4
92,3515,2
92,3948,2
4085,1855,1
4085,1831,1
4085,2881,4
4085,2504,1
4085,511,2
4085,2445,1
4085,185,2
4085,784,4
4085,485,1
1715,3948,3
1715,3317,1
4085,2266,1
4085,1461,2
4085,1410,3
4085,19,2
92,3745,1
92,3285,2
1715,3897,2
1715,3952,3
1715,3898,3
1715,3946,2
4085,455,3
4085,2412,4
4085,2805,1
4085,984,2
4085,2598,3
4085,2888,1
4085,3258,2
4085,1687,2
4085,2269,1
4085,1884,3
4085,1804,1
92,3793,1
4085,2995,4
4085,782,1
4085,1713,2
4085,1479,3
4085,1807,2
4085,2042,2
4085,3243,3
4085,2060,3
4085,1606,3
4085,2279,1
4085,2793,4
4085,2316,1
4085,317,2
4085,542,3
4085,2605,4
4085,830,2
4085,2335,4
4085,1752,2
4085,237,3
4085,1911,4
4085,2026,4
4085,1644,2
4085,3257,1
4085,2724,1
4085,410,3
4085,1353,1
4085,2688,2
4085,2772,1
4085,1772,4
4085,370,4
4085,577,2
4085,1920,3
4085,195,4
4085,528,1
4085,168,3
4085,2428,1
4085,216,4
4085,118,3
4085,736,4
4085,3274,1
4085,2806,1
4085,1390,3
4085,1792,4
4085,1454,1
4085,1379,1
4085,438,2
4085,2574,1
4085,1342,2
4085,3264,1
4085,2340,4
4085,3712,4
4085,788,3
4085,996,2
4085,2702,3
4085,2694,1
4085,2803,3
4085,2505,4
4085,605,3
4085,1006,2
4085,2826,1
4085,2860,3
4085,2763,4
4085,3254,4
4085,516,3
4085,276,2
4085,153,2
4085,2387,4
4085,225,4
4085,1544,1
4085,1717,4
4085,1377,1
4085,2628,3
4085,1027,1
4085,1754,3
4085,382,2
4085,236,3
4085,3869,4
4085,2126,1
4085,1835,3
4085,3477,2
4085,2320,4
4085,1422,4
4085,2427,1
4085,488,3
4085,2541,1
4085,1611,2
4085,1616,4
4085,303,4
4085,2707,1
4085,1092,4
4085,2447,4
4085,2683,2
4085,466,3
4085,1918,2
4085,2082,2
4085,1676,1
4085,2672,3
4085,1614,2
4085,2002,4
4085,802,3
4085,708,2
4085,543,1
4085,2012,3
4085,1457,3
4085,7,1
4085,2231,3
4085,3261,1
1733,1244,2
4085,586,3
4085,163,3
4085,344,4
4085,1870,2
4085,3020,2
4085,2600,1
4085,1049,1
4085,292,1
4085,1769,3
4085,2167,3
4085,2875,1
271,11,3
4085,2315,1
4085,1339,4
4085,448,2
4085,848,2
4085,122,3
4085,691,1
271,428,1
4085,253,4
271,3723,3
4085,3686,4
4085,1487,3
4085,1735,2
4085,231,4
4085,2232,1
4085,491,1
4085,3107,1
4085,381,1
4085,1527,4
4085,627,3
4085,780,4
4085,1020,1
4085,141,1
4085,552,2
271,728,4
4085,266,3
4085,3044,4
271,1682,1
271,1584,1
4085,3079,3
4085,3148,4
271,2501,4
4085,1682,3
4085,3178,2
4085,2706,2
271,3147,4
4085,1266,4
271,150,2
271,1393,4
271,720,2
271,3105,4
4085,3114,2
4085,3797,1
4085,3325,4
4085,3484,1
4085,3616,1
4085,3511,3
4085,3826,1
4085,3895,3
4085,3825,2
4085,3553,3
4085,3565,1
4085,3824,2
4085,3879,4
4085,3300,4
4085,3900,4
4085,3861,1
4085,3534,4
271,3160,1
4085,3555,3
4085,3535,2
4085,3863,2
4085,3556,4
4085,3948,4
4085,3755,3
4085,3753,3
4085,3510,1
4085,3512,1
4085,3751,4
4085,3793,3
4085,648,3
2907,2656,3
4085,1732,1
2907,3129,2
4085,413,2
4085,2485,3
4085,3882,3
4085,3859,3
4085,3317,2
4085,3857,4
4085,3896,1
1982,6,4
4834,3798,3
4834,2763,4
4834,2840,2
4834,2702,4
4834,2395,4
4834,2724,2
4834,2762,4
4834,314,4
4834,1513,2
4834,2906,3
4834,2598,4
4834,2490,4
4834,1959,1
4834,2734,2
4834,2581,4
4834,3623,4
4834,2805,3
4834,2713,2
4834,2720,1
4834,2690,4
4834,2333,1
4834,2688,4
4834,2716,1
4834,2861,2
4834,2959,3
4834,2757,2
4834,2712,3
4834,3408,2
4834,2336,1
4834,2881,4
4834,2369,4
4834,2541,2
4834,2908,2
4834,3005,4
4834,2355,1
4834,2694,4
4834,2710,4
4834,2707,4
4834,2699,1
4834,2683,4
4834,2572,1
4834,1127,4
4834,318,1
4834,371,4
4834,3733,1
4834,3317,3
1524,1625,2
1524,508,1
5689,3090,4
5359,1616,1
5359,3317,4
4823,1625,4
4823,508,2
1317,2935,3
3512,3897,2
3512,3317,1
3512,491,1
3224,3162,3
3224,3298,2
3224,3161,1
3224,3795,3
3224,3317,4
1780,3030,1
24,2657,2
24,1959,1
24,2757,2
24,425,2
24,1635,3
838,3949,3
5333,3317,4
1088,1620,4
1088,1747,4
1088,3909,1
1088,3916,3
1088,1293,1
1088,608,2
355,3952,1
4774,3826,2
4774,3948,2
4774,3317,3
4774,3897,2
1912,647,3
5173,3897,4
5173,1923,1
4126,783,2
4829,3510,4
4829,3481,3
696,3863,3
696,3510,4
4482,3916,4
4482,3952,4
150,3948,3
5300,3897,2
5300,3948,3
1306,2908,4
1306,2065,2
150,3897,2
5063,3784,2
5063,3408,2
5063,2144,4
1041,2599,2
1041,2575,3
1041,2759,4
1041,2369,2
1041,223,3
1041,2770,3
1041,3516,4
1041,2997,3
1041,2683,3
1041,2858,1
4823,1348,3
4823,3317,2
959,45,2
959,2686,3
959,1416,1
959,2394,3
959,783,2
959,588,1
959,73,3
959,364,2
1449,3896,2
959,317,2
959,653,3
959,2427,4
959,688,4
959,2890,3
959,780,4
959,110,1
959,1398,4
959,527,4
959,2028,1
959,89,3
959,1573,2
959,2605,1
959,1876,4
959,832,1
959,2353,1
959,350,1
959,454,3
959,1343,1
959,2803,3
959,349,1
959,1608,2
959,1597,2
959,1610,1
959,3256,4
959,2762,3
959,161,2
959,1617,3
959,457,4
959,3147,4
959,3257,4
959,509,1
959,168,3
959,2724,4
959,613,2
959,351,2
959,3108,2
959,2108,3
959,3269,2
959,2671,3
959,2340,3
959,377,4
959,2291,3
959,597,2
959,3259,3
959,852,1
959,1094,3
959,1183,1
959,249,4
959,7,4
959,356,1
959,1721,3
959,1408,4
959,1265,2
959,17,3
959,3623,3
959,3555,3
959,3753,4
959,3185,1
959,3408,1
959,2,4
959,2006,4
959,733,4
959,2628,2
959,480,2
959,3755,4
959,2268,2
959,1894,1
959,3578,2
959,3536,3
959,2881,2
959,2497,4
959,3513,4
959,3510,1
2895,3007,1
667,2683,1
667,2827,1
667,1127,1
667,2826,4
667,2707,4
667,2706,3
667,3051,4
667,2188,4
667,2572,1
5413,904,1
5413,3852,1
5413,3897,2
5413,3317,4
5074,517,2
5074,3262,3
5074,1464,3
5074,1627,4
5074,2583,4
5074,3920,4
2063,3754,4
2063,3908,2
2106,3363,1
2063,2893,3
2063,1021,4
5074,3952,4
5074,364,4
5074,2384,1
5074,3189,1
5074,2963,1
1958,3897,3
195,1010,1
4543,2581,1
4543,1502,3
195,546,2
195,1,4
2359,3798,2
2359,3114,1
2359,2396,4
2359,2724,4
2359,3617,4
2359,3752,2
2359,3354,2
2359,2690,1
2359,3578,4
2359,2716,3
2359,3717,4
2359,3510,1
2359,3175,4
2359,3408,1
2359,3615,1
2359,2759,3
2359,3751,1
2359,2770,1
2359,2694,1
2359,2683,1
2359,3534,3
2359,1127,3
1063,3793,3
1063,2997,3
1063,29,2
1063,1175,2
5333,2090,1
5333,1921,4
1050,3513,2
5333,3916,1
1882,2348,2
1882,1251,1
1882,2469,1
1882,3159,3
1882,73,2
1882,551,1
1882,3083,3
3620,3852,1
3620,3897,3
3441,3897,3
1882,3863,2
1882,3948,2
3441,3852,2
1551,1732,4
1733,2371,3
4950,2203,4
5019,1136,3
5019,903,1
5019,3741,4
5019,1348,2
5019,3067,4
5019,2993,1
5019,3729,1
5019,3633,3
5019,2529,3
5019,1080,3
5019,913,2
5019,2921,2
5019,10,3
5019,2959,4
5019,2353,4
5019,1196,3
5019,608,3
5019,1097,3
5019,3471,1
5019,592,4
5019,3671,1
5019,2944,3
5019,3098,3
5019,1056,4
5019,1997,1
5019,1285,4
5019,1259,4
5019,899,4
5019,2918,2
5019,1265,3
5019,28,2
5019,916,1
5019,1273,1
5019,919,4
5019,1941,2
5019,1266,1
5019,1222,4
5019,1225,1
5019,1231,3
5019,3634,1
5019,924,4
5019,1299,1
5019,593,4
5019,1203,2
5019,3468,2
5019,1208,4
5019,1250,1
5019,1293,2
5019,3819,2
5019,1247,3
5019,3424,1
5019,1193,3
5019,318,2
5019,908,1
5019,912,1
5019,923,2
2841,2194,2
2841,1458,1
2841,2337,1
2841,1513,2
2841,2725,4
2841,1872,4
608,3704,2
608,653,2
608,786,3
608,1876,3
608,1552,4
608,1438,1
608,3697,1
608,3274,2
608,2802,1
608,2344,2
608,736,3
608,3404,4
608,2662,1
608,2094,4
608,2722,1
608,1049,4
608,2193,2
608,3753,3
608,423,1
195,839,2
195,2735,2
195,3740,2
2071,3952,2
2071,1635,3
2756,2012,1
2756,590,1
2756,3494,2
2756,3871,3
2756,1266,4
2756,3074,4
2756,2404,2
2756,2106,2
2756,1616,1
2756,647,1
2756,1272,2
2756,1224,4
2756,3052,2
2756,1042,1
2756,2539,4
2756,367,3
2756,1732,2
2756,104,1
2756,3255,3
2756,2302,4
2756,3397,2
2756,3608,4
2756,3893,3
2756,2706,4
2756,2081,1
2756,1060,2
2756,2770,4
2756,2109,2
2756,1883,4
2756,3087,1
2756,3809,2
2756,3448,1
2756,1641,4
2756,1517,4
2756,1784,3
2756,2144,2
2756,1500,4
195,44,1
2756,356,3
2756,2797,1
2756,39,1
2756,3363,4
2756,3396,2
2756,1968,1
2756,3253,2
2756,1307,3
2756,2918,4
2756,2716,1
2756,3751,3
2756,1234,2
2756,1265,2
2756,2599,1
2756,1235,2
2756,2997,1
2756,2804,2
2756,34,2
2756,1276,2
2756,1394,1
2756,1,1
2756,2278,3
2756,2947,4
2756,1912,2
2756,1617,1
2756,364,2
2756,551,2
2756,3675,2
2756,1028,2
2756,1947,4
2756,2087,3
2756,588,4
2756,2078,2
2756,595,4
2756,2080,3
2756,594,3
2756,919,1
2756,899,4
195,761,1
2756,3702,1
2756,1097,1
3590,965,1
3590,2211,3
2684,909,1
2684,207,1
2684,425,1
2684,766,2
2684,3863,3
2684,2112,2
2684,1498,2
2684,3556,1
2684,3948,3
2684,3317,1
2684,1173,2
2684,3952,3
2684,1997,2
2684,2348,4
2684,1635,1
2684,904,3
2684,903,4
2684,714,2
5539,2871,2
5277,3948,3
4386,1244,3
4386,3930,2
2076,3569,4
3437,3831,3
3437,3897,2
3509,541,3
3359,2692,4
1113,3182,2
1113,3882,2
4593,3952,3
4593,3755,3
3359,3671,1
588,1619,2
4682,2390,1
1530,661,2
1530,1261,1
1530,1215,1
146,3317,3
5329,3317,4
1655,1456,3
1655,3555,2
1655,3784,4
1655,3752,1
1655,3865,2
1655,3317,1
1655,3897,3
1655,3882,1
3509,2986,1
3509,3100,4
3509,1027,3
3509,300,4
3509,2799,1
3509,293,4
4277,3329,2
4277,3794,2
3509,2382,4
3509,2321,3
3509,2378,1
3509,2490,2
4277,3593,4
3509,2848,3
3509,3821,4
3509,1617,4
727,3506,3
727,3578,2
1733,3078,3
1733,2883,4
1733,3177,2
1733,1975,4
1733,1979,4
1733,1980,1
1733,69,1
2820,3316,2
5636,1682,3
5636,2012,1
4169,2327,4
5636,3676,1
5636,3947,2
5636,3869,3
4169,1367,1
5636,1035,1
5636,3168,2
5636,1963,4
5636,1947,4
5636,3668,4
5636,3469,4
4169,2166,3
4169,2280,4
4751,3317,2
4169,252,2
4169,2763,3
4169,3145,3
4169,3157,2
4169,2630,2
4169,584,4
4169,3612,4
4169,2079,1
404,3159,1
404,2710,2
404,2683,4
4169,3047,2
2092,3893,2
2092,3831,1
4169,3831,4
4169,3952,1
4169,3317,4
5539,3862,1
3624,1250,3
3093,3824,3
3093,3912,4
3093,3909,2
3093,3317,1
3093,3948,1
1354,3797,2
3093,3897,1
3093,3285,2
3093,3744,4
1354,3902,4
1354,3562,1
3093,3831,2
3093,3911,4
1354,3914,1
2106,2011,4
2106,2320,3
2106,2018,3
2106,3051,4
2106,2294,2
2106,1270,4
2106,415,3
2106,1230,3
2106,1113,3
2106,34,1
2106,147,1
2106,145,4
2106,343,1
2106,2504,2
2106,2572,4
2106,2124,1
2106,1592,2
2106,2492,3
2106,2085,3
2106,1608,1
2106,11,3
2106,779,3
588,1357,2
3509,648,1
3509,3499,1
2106,2605,2
3509,2822,2
5636,3897,2
3509,1687,1
3509,3489,2
3509,6,2
3509,104,2
3509,2004,4
3509,3448,3
3509,1201,3
3509,1293,1
3509,1302,3
3509,1573,4
3509,2794,4
3509,2881,3
3509,1911,2
3509,3039,2
3509,1645,3
3509,165,1
3509,1022,1
3509,2787,1
3509,95,4
3509,141,1
3509,2496,4
3509,420,4
3509,1732,1
3509,592,3
3509,1031,3
3509,2011,4
3509,2012,3
3509,1784,2
3509,3879,1
3509,748,1
3509,1215,3
3509,2141,2
3509,413,1
3509,1200,2
3509,1214,3
3509,2826,4
3509,1367,2
1611,3160,3
1611,2324,2
2105,3317,1
2176,2348,3
2176,3000,1
453,2936,2
2688,2692,4
2688,1694,2
1812,2723,1
1812,380,3
2020,3150,2
438,3946,4
438,3534,2
438,3911,4
1252,2395,1
1252,3747,2
1252,36,2
588,469,4
588,3526,1
1202,2115,4
1202,2194,2
1202,2193,4
1202,3494,3
588,1078,1
588,2863,2
588,1,1
1202,3897,2
1202,1955,2
1202,1247,2
1202,3347,3
2925,3185,1
195,1719,3
2395,2881,1
195,1998,2
1202,1231,1
1202,1225,3
1202,3362,4
1202,1185,4
1202,1104,1
1202,3198,2
1202,3068,1
195,3863,1
1301,3897,3
1202,1193,4
1202,1207,1
1202,3735,1
264,745,4
2106,3354,1
1019,969,1
267,2239,3
4126,3684,1
993,3831,1
993,3909,3
721,3481,3
4591,3831,3
4126,3608,3
4126,3740,1
4126,2694,1
4126,2797,2
500,1480,2
500,3948,4
3041,3952,4
3041,1997,2
195,2513,1
3041,3173,2
3041,3513,1
3041,858,1
3041,593,3
195,3459,4
195,1771,3
3041,2424,1
3041,111,3
195,328,1
3041,3751,1
3041,2908,4
3041,2881,1
3041,3717,3
3041,3798,1
3041,296,3
4816,3784,2
4816,3893,3
4816,3897,1
4816,3952,1
1556,2115,2
1451,15,1
1451,168,3
1451,3765,3
1451,3528,3
1451,1475,2
1451,1479,3
1451,2424,2
1451,207,2
1451,804,3
1451,802,2
1451,597,2
1451,1057,1
1451,3259,3
1451,1658,3
1451,2692,1
1451,2942,4
1451,2259,3
1451,3834,1
1451,1286,3
1451,3099,4
1451,2145,1
1451,2879,4
588,900,4
588,3608,3
588,3813,3
588,3456,3
588,2398,2
588,2716,3
588,914,2
588,3174,1
588,973,1
588,1183,4
588,1258,3
588,2291,1
588,307,1
588,3222,1
2791,1344,1
2791,2186,2
2791,3334,4
2791,541,3
2791,3364,3
588,549,3
588,3241,2
2791,1252,1
2791,913,1
2791,3435,2
2791,1284,4
2791,1267,1
588,2971,3
588,771,3
588,3546,4
588,235,3
588,949,1
588,1947,1
588,1186,3
588,1282,3
588,1203,1
588,3606,4
588,162,3
588,994,1
588,17,3
588,1296,3
588,34,1
588,720,3
588,28,4
588,3545,1
588,3468,2
588,1247,4
588,1041,1
518,1635,2
518,1683,4
518,3893,3
518,2599,1
3410,1231,2
1125,3895,2
3519,3512,4
3519,2161,3
1422,256,1
231,1580,3
231,904,1
5675,372,4
4834,3794,3
4834,3461,3
4834,1197,4
4834,3466,2
4834,3897,2
1422,2122,1
1422,3015,2
1422,3101,1
1422,2176,2
1422,1343,3
1422,3204,1
1422,457,1
1422,3551,3
1422,2762,1
1422,904,1
1422,3766,2
1422,1616,3
1422,3342,1
1422,1299,2
1422,3483,1
1422,383,4
1422,2922,2
1422,1008,1
1422,2401,3
1422,2921,4
1422,3508,1
1422,3681,1
1422,3074,3
1422,1283,4
1422,1266,1
1422,3753,4
3018,1639,1
1218,380,2
1266,3317,2
1266,904,4
1733,2973,4
1733,1249,3
5831,3689,4
5831,3688,4
5831,1414,3
5831,3863,1
5831,3571,4
1748,3317,3
710,2499,2
710,3593,4
710,3897,4
710,3617,2
1954,3317,4
1954,3897,2
195,380,1
1317,902,3
195,2053,4
1982,608,1
1982,296,2
195,3175,4
1982,858,4
1546,3896,4
1546,180,4
195,19,3
195,1092,2
5265,3831,4
5265,3863,3
5265,3859,4
5265,3897,4
5265,3317,4
2820,3912,1
2820,3148,1
2820,2318,4
2820,2997,4
6028,3000,3
2106,2548,3
5675,1807,2
2131,3327,2
2131,3511,2
1421,1230,4
3087,3824,4
3087,2793,2
3087,3250,4
3087,1733,3
3821,2906,2
3821,2289,3
3821,3852,4
3821,3512,3
1395,750,2
1395,3014,1
1395,3791,2
1395,1909,4
1395,1208,4
4771,1354,4
4771,306,3
4771,128,1
4771,3910,2
4771,3566,1
4771,3794,2
4771,3859,2
2106,3578,4
2020,2966,4
3410,3327,4
1958,2992,3
692,2348,2
692,3424,2
692,3613,3
2376,3566,4
2376,3107,3
2376,3706,1
2376,3741,3
4277,2539,3
4277,3550,3
4277,3478,1
4277,614,2
4277,492,3
4277,635,4
4277,3425,3
4277,3614,1
4277,2738,2
4277,2518,2
4277,3649,1
4277,1395,1
4277,2112,1
4277,999,4
4277,2283,3
4277,3765,4
4277,3501,4
4277,1928,2
4277,1959,4
4277,3760,4
4277,805,2
4277,2420,3
4277,2239,4
4277,3129,3
4277,3145,4
4277,3591,3
4277,2231,3
4277,2245,2
4277,3099,2
4277,2097,2
4277,987,4
4277,2779,2
4277,2474,3
4277,1884,4
4277,3422,1
4277,2124,4
4277,2633,1
4277,1194,2
4277,3167,2
4277,2770,3
4277,1130,2
4277,2499,2
4277,528,2
4277,3684,3
4277,1958,2
4277,917,3
4277,14,3
4277,1672,1
4277,785,3
4277,1190,2
4277,3809,2
4277,2280,4
4277,1124,1
4277,1202,3
4277,2240,2
4277,1081,4
4277,766,2
4277,661,4
4277,2946,2
4277,2870,1
4277,1078,3
4277,2294,4
4277,2361,1
4277,1211,2
4277,2078,3
4277,1161,2
4277,2114,1
4277,2712,1
4277,938,3
4277,3047,3
4277,2065,1
4277,2183,3
4277,2542,3
4277,911,3
4277,1354,3
4277,1533,1
4277,3336,3
4277,3317,4
4277,3618,3
4277,2272,2
4277,3616,4
4277,3562,4
4277,3952,3
4277,2360,2
4277,3746,4
2895,3798,4
2895,3752,2
1317,3900,1
1317,3328,4
1524,1617,1
195,2450,2
2895,3793,4
1748,1197,3
3410,1947,4
1165,3317,4
1348,3299,4
1348,3286,2
1348,3821,4
1348,3225,4
1348,3565,4
1348,3189,2
1348,3755,3
1348,904,3
1748,1085,2
1748,425,4
1748,3088,3
1748,1307,3
1748,1203,4
1748,3424,1
5448,2671,1
5448,908,2
5448,1617,2
453,1280,3
453,3301,2
5322,3948,3
5322,3897,2
3688,3742,4
3688,1215,1
3688,69,4
3688,3825,4
3688,733,4
3688,2112,4
3688,647,1
3688,3527,4
3688,2194,2
3688,1307,1
3688,474,1
3688,1287,1
4593,3746,1
4593,3753,2
4593,235,2
4593,3855,2
330,2804,4
330,2019,1
330,903,2
330,1943,3
330,3365,3
330,2971,1
330,599,3
330,2915,4
5621,614,1
727,3952,1
3685,3317,2
3685,3952,3
3685,3831,3
1748,3365,4
1748,1225,2
1748,1041,1
1748,1207,1
1748,1940,3
1748,245,2
1748,3726,4
1780,2402,4
1780,1587,3
1780,3197,3
1780,3524,3
1780,3424,2
5689,94,3
1780,1998,4
1780,2520,3
1780,2981,3
1780,3498,3
1780,1014,1
1780,1010,1
1780,1949,4
1780,2905,1
1780,1103,3
1780,1099,2
1780,1937,2
2986,1912,4
2986,1230,4
1780,3255,1
2986,1694,1
1780,2379,2
1780,2735,3
1780,2082,3
1780,830,4
1780,3247,3
1780,587,4
1780,3552,4
1780,1367,3
1780,3263,3
1780,356,3
1780,2124,1
1780,3253,3
1780,1517,1
1780,3396,2
1780,905,4
1780,1276,3
1780,898,1
5329,1454,3
5329,3798,1
5329,207,1
5329,2184,2
5329,2176,4
5329,904,2
5329,3897,3
5329,2203,1
5329,3008,3
1650,3481,2
2131,2959,4
4861,2729,1
4861,2593,3
4861,1211,2
4861,3555,3
4861,1653,2
2841,1218,1
2841,1893,1
2063,2298,3
2063,430,3
2063,1003,4
2063,619,3
2063,2059,4
2063,3884,4
2063,3285,1
1413,2804,3
1413,3067,3
1413,1136,1
2063,3893,1
1413,3504,3
1413,955,4
2063,1288,4
2063,3897,4
2063,3948,2
678,741,1
1958,5,4
2208,3556,2
4478,364,2
4478,2664,1
4478,1897,2
4478,2716,2
4478,3159,2
4478,2336,1
3792,3912,3
3792,3948,3
2376,1250,3
4682,1892,1
1019,2988,4
1019,150,3
1019,1940,4
1019,561,2
1019,483,2
1019,615,3
1019,1149,2
1019,1456,2
1556,1193,4
4478,899,3
4478,1282,1
4478,1997,3
3821,3752,1
3821,3618,4
3821,3798,4
4478,3396,3
4478,778,2
4478,915,1
4478,924,4
4478,1219,3
4478,1242,1
4478,922,1
4478,1952,2
4478,1206,2
4478,2186,4
3420,1947,1
3420,1035,4
3420,1029,4
3420,16,4
3420,1393,4
3420,3271,4
3420,3418,2
3420,337,1
3420,1682,1
3420,58,3
3420,3160,3
3420,25,1
3420,509,4
3420,1358,3
3420,232,2
3420,2028,1
3420,1673,2
3420,17,2
3420,1704,4
3420,1095,2
3420,318,1
3420,608,2
3420,296,4
3420,1617,1
3420,3556,4
3420,3783,4
3420,3481,3
531,1073,4
531,2088,1
531,2408,4
531,2752,3
531,2796,1
531,2423,3
5621,2505,2
5621,2291,2
5621,1287,4
4656,2959,3
306,3753,1
1141,3825,3
1141,207,2
1141,1414,4
1141,2180,4
1141,1441,2
1141,3270,1
1141,1226,4
1141,1299,4
1141,904,3
1141,1287,2
1141,903,2
1141,3798,1
1141,3784,2
1141,3618,3
195,2625,1
1449,2906,1
1449,1468,1
1449,3705,3
1449,1398,1
1449,140,3
1449,3206,3
1449,2506,1
1449,236,4
1449,362,1
1449,1353,1
1449,1888,3
1449,122,3
1449,3103,3
1449,207,3
1449,2080,2
1449,1183,3
1449,3765,3
1449,13,4
1449,1460,3
1449,2040,2
1449,709,1
1449,1018,3
1449,107,2
1449,2099,3
1449,2141,4
1449,2687,1
1449,3615,2
5387,549,3
5387,2194,4
5387,1635,3
134,3156,4
1561,1747,4
1561,595,2
1561,1701,4
1561,3578,1
1561,508,3
1561,1029,3
1561,1079,2
1561,1485,2
1561,1784,2
1561,1961,1
1561,1704,2
1561,778,2
1561,1271,3
1561,596,4
1561,3028,3
1561,3613,3
1561,1022,4
1561,229,4
1561,1035,2
1561,2918,1
1561,2081,1
1561,2959,1
1561,3148,4
1561,1935,2
1561,2085,3
1561,562,2
1561,1295,1
1561,1028,3
1561,1885,3
1561,3751,4
1561,1285,2
1561,1032,2
1561,594,3
1561,1270,4
1561,1282,3
1561,3910,1
1561,1963,1
1561,232,4
1561,1392,4
1561,36,2
1561,1203,1
1561,2908,2
1561,1183,2
1561,265,4
1561,1196,3
1561,3545,1
1561,318,4
1561,903,4
1561,953,3
1561,920,2
1561,2324,3
1561,1104,4
173,2488,4
173,2553,3
173,2826,3
173,2492,3
173,2858,2
173,2706,1
173,3534,2
173,2109,2
173,1194,2
173,3200,1
173,1073,3
173,3099,4
173,1077,3
173,3504,3
173,1294,3
173,1244,4
173,1136,1
173,1234,4
173,1292,4
173,1230,2
173,2788,2
173,3814,3
2969,2771,2
2969,3005,4
2969,3285,4
2969,3897,2
4831,3067,4
4831,922,3
4831,904,4
4831,2321,2
4831,2761,4
4831,1247,4
4831,357,4
4831,2918,1
4831,1584,4
4831,1392,1
4831,1252,1
4831,110,2
4831,2076,3
4831,1203,1
4831,1643,1
4831,1185,3
4831,778,3
4831,1028,3
4831,2020,1
4831,1947,1
4831,3451,1
4831,3251,3
4831,1131,3
4831,1206,2
4831,1293,3
4831,2333,2
4831,1259,2
4831,971,2
4831,1213,1
4831,296,1
4831,1096,1
4831,3006,4
1449,1797,4
1449,3868,1
1449,2383,4
1449,2165,4
5734,2891,1
5734,2333,4
1395,2021,2
1395,2600,3
1301,1035,4
1301,3706,4
1301,47,1
1301,3865,2
1301,3798,3
1301,3615,2
1301,3784,2
1301,3952,1
169,501,4
169,1545,2
169,1734,4
1733,448,4
1733,1034,3
4593,3897,1
1164,509,4
1164,1635,1
1164,2321,1
1164,2336,2
1164,3723,4
1164,1,3
1164,356,2
1164,3502,4
1164,994,1
1164,375,1
1164,2291,2
1164,2157,3
1164,1784,1
1164,2481,1
1164,474,4
1164,2127,2
1164,3147,4
1164,590,3
1164,1179,3
1164,1670,4
1164,2357,1
1164,1721,2
1164,1243,3
1164,2869,2
1998,3526,2
1998,2355,3
1998,1078,2
1998,1073,1
1998,588,3
1998,3175,4
1998,2352,1
1998,2918,2
1998,1288,1
1998,21,1
1998,916,2
1998,3255,2
1998,3035,3
1998,1079,2
1998,915,2
1998,1292,1
1998,1230,4
1998,2997,2
1998,1304,3
1998,1294,2
1998,3114,2
1998,1223,4
1998,1148,2
1998,3201,3
1998,3160,3
1998,2020,3
1998,1097,4
1998,1185,3
1998,3897,1
1998,3363,3
1998,3196,4
1998,1949,4
1998,3135,2
1998,954,4
1998,3198,4
1998,3468,4
1998,948,3
649,365,2
4647,3457,1
1597,1307,4
1597,3423,4
1597,3688,1
1597,3527,2
1597,766,3
1597,3506,2
1597,2194,3
1597,1635,1
1597,3424,1
1597,903,3
1597,750,2
1597,3752,3
1597,3615,1
1597,3858,3
1597,3952,4
1186,3033,4
1186,674,1
1186,2663,4
1186,1391,4
1186,3932,3
1611,3556,3
195,2594,2
3125,3671,1
3125,1635,2
3125,1307,2
3125,2628,3
3125,405,4
3125,1275,4
3125,3686,4
3125,1225,1
3125,1957,4
3125,605,2
3125,2987,3
3125,2763,2
3125,2724,4
3125,3617,3
3125,1513,4
3125,2581,4
3125,3623,3
3125,3751,2
3125,2492,2
5621,715,2
5621,665,1
993,1747,3
453,3489,4
453,2105,3
453,590,2
453,2167,1
453,1587,2
453,1017,1
453,1291,4
453,3334,4
1733,1999,4
2895,3317,1
1611,1191,3
1611,1050,3
1611,3653,1
1611,2677,3
1611,2693,2
1611,1797,4
1611,162,4
1611,3439,2
1611,3440,1
1611,3438,2
1611,1009,2
1611,3489,1
1611,2143,4
1611,653,3
1611,2193,3
1611,2,1
1611,2005,3
1611,2100,3
1611,2161,3
1611,1967,2
1611,1097,3
1611,3668,4
1611,1059,1
1611,1760,1
1611,1381,3
1611,1772,2
1611,829,4
1611,107,3
1611,1380,3
1611,1088,1
1611,3142,4
1611,1416,2
1611,2941,3
1611,2746,3
1611,2083,3
1611,2657,4
1611,346,3
1611,1035,3
1611,1947,3
1611,1220,4
1611,914,2
1611,2863,2
1611,919,2
1611,2565,3
1611,1298,1
1611,631,3
1611,3054,2
1611,2142,4
1611,2123,1
1611,2141,3
1611,1566,3
1611,661,2
1611,1907,2
1611,2090,3
1611,2700,4
1611,2687,1
1611,2394,1
1611,588,3
1611,2081,1
1611,2987,1
1716,2496,3
1611,1282,4
1611,2080,2
1611,2078,2
1611,2139,4
1611,364,2
1611,2137,2
1716,321,3
1611,153,1
1611,1562,4
1716,3882,4
1611,2568,3
1611,762,2
1611,1598,3
1611,2126,4
1611,1918,3
1611,2605,2
1611,2389,2
1611,1647,1
1611,434,1
1611,70,2
1611,2002,4
1611,1377,4
1611,3729,4
1611,1805,2
1611,259,2
1611,2231,4
1611,22,4
1611,112,4
1611,3763,3
1611,555,1
1611,47,2
1611,1466,2
1611,2268,1
1611,3334,1
1611,3019,2
1611,1226,4
1611,3508,3
1611,2423,4
1611,2795,2
1611,2794,1
1611,3753,2
1611,3895,3
1962,3897,4
1962,3798,1
1962,3948,2
1962,3952,1
1962,3825,3
5304,3948,4
5304,3536,4
5304,3515,2
5304,3408,1
5304,3952,4
5304,3481,4
5304,3823,2
5304,3897,4
4682,3117,4
4682,3893,3
1530,3081,4
1530,2713,2
1530,3329,2
1530,2987,4
1530,3527,3
1530,2915,4
1530,3098,2
1530,1186,4
1530,1302,3
1530,3360,4
1530,1961,1
1530,1674,2
1530,1246,1
1530,1228,4
1530,3347,4
1530,2240,3
1530,2348,4
4624,2723,2
3620,3597,4
3620,3909,3
2802,47,1
2802,549,1
2802,1299,1
2802,903,4
2802,904,4
4478,3429,3
4478,1639,1
4478,3751,1
4478,348,1
2395,3424,2
2395,3897,2
3018,1676,3
3018,2879,2
1502,3618,4
1502,3884,4
1502,3317,2
1502,3897,4
1502,3852,3
3971,3785,3
3971,3948,4
3971,3616,2
1579,3259,4
1579,500,4
1579,70,2
1579,3272,3
1579,2320,2
1579,788,1
1579,1191,3
1579,3528,1
1579,344,4
1579,372,4
1579,280,1
1579,1920,3
1579,1717,1
1579,18,1
1579,597,1
1579,237,4
1579,95,1
1579,3254,3
1579,3869,2
1579,586,1
1579,2539,1
1579,358,3
1579,1619,3
1579,144,4
1579,3712,1
1579,3614,2
1579,3247,2
1579,69,2
1579,104,2
1579,3249,1
1579,3274,3
1579,417,1
1579,3263,4
1579,1892,2
1579,2297,2
1579,1569,3
1579,585,3
1579,1405,1
1579,851,3
1579,1620,4
1579,802,1
1579,1909,3
1579,1614,3
1579,1805,1
1579,587,1
1579,1092,4
1579,253,4
1579,852,4
1579,805,4
1579,3178,3
1579,159,2
1579,832,2
1579,353,3
1579,2314,2
1579,1589,2
1579,2231,4
1579,524,3
1579,1042,2
1579,198,4
1579,477,2
1579,449,1
1579,1884,2
1579,1923,3
1579,1660,2
1579,1693,2
1579,1485,1
1579,1643,3
1579,3252,4
1579,1735,3
1579,3052,1
1579,409,1
1579,1810,3
1579,2439,4
1579,1645,1
1579,3723,3
1579,431,1
1579,367,1
1579,588,1
1579,14,2
1579,1747,2
1579,1840,2
1579,62,1
1579,1688,2
1579,3408,1
4478,595,2
4478,2774,4
4478,34,1
4478,150,4
4478,3706,4
4478,344,1
4478,2124,4
1125,3952,2
1776,293,4
1776,2762,2
1776,527,3
1776,2119,3
1776,2382,2
1776,1984,4
1776,1389,4
1776,1986,4
1776,2460,4
1776,2122,2
1776,2149,1
1776,2786,3
1776,3017,4
1776,2787,1
1776,1995,3
1776,3837,4
1776,1983,4
1776,1091,4
1776,3918,3
1776,2088,4
1776,2615,4
1776,1991,4
1776,2792,1
1776,3917,3
1776,2513,1
1776,1088,3
1776,2990,4
1776,3608,2
1776,3087,1
1776,2263,4
1776,1130,2
1776,2420,3
1776,3552,1
1776,1258,2
1776,1291,2
1776,2789,3
1776,1009,2
1776,2109,2
1776,1380,3
1776,1345,4
1776,3760,2
1776,1997,4
1776,1982,4
1776,3396,1
1776,1136,2
1546,1670,2
1776,3895,2
4126,1584,3
5812,3709,4
5812,3506,2
5812,3688,2
5812,3948,3
5812,2836,2
5812,3863,1
3509,170,1
1530,1875,1
1530,1370,4
1530,252,3
1530,3809,2
1530,3052,4
1530,2302,3
1530,1836,1
1530,1268,4
1530,141,1
1530,590,3
1530,3252,4
1530,708,2
1530,1909,1
1530,766,4
1530,322,2
1530,2502,3
1530,372,4
1530,3255,2
1530,1747,1
1530,1476,4
1530,2706,2
1530,2278,4
1530,288,4
1530,508,2
1530,1580,2
1530,2353,1
1530,1611,2
1530,1343,1
1530,175,3
1530,104,3
1530,1120,1
1530,2600,1
1530,249,1
1530,3160,3
1530,3145,2
1530,3100,1
1530,1682,3
1530,1396,4
1530,509,4
1530,475,3
1530,2841,1
1530,373,3
1530,3163,1
1530,377,1
1530,300,4
1530,538,4
1530,1584,4
1530,2333,2
1530,1357,1
1530,1610,4
1530,21,3
1530,150,2
1530,778,1
1530,1635,4
1530,1673,4
1530,2155,3
1530,2762,4
1530,1704,1
1530,3826,2
1530,3825,2
1530,3752,2
1530,3744,2
1530,3863,1
1317,1275,3
1317,2921,2
1317,2922,4
1530,3785,4
1317,2136,1
1530,3623,4
1530,3536,4
1530,3893,1
1530,3512,4
1317,3425,3
1317,2722,4
1317,1747,2
1317,303,1
1317,1421,3
984,3853,2
984,3424,3
984,3897,4
3512,1287,3
737,111,4
746,1792,2
746,3893,1
746,3948,1
746,3952,2
746,3897,4
746,3317,1
1530,1094,4
1530,2890,4
1530,25,2
1530,1393,3
1530,2291,4
1530,337,2
1530,1954,3
1530,953,2
1530,1952,3
1530,1231,3
1530,1225,1
1530,2959,1
1530,1358,2
1530,1247,2
1530,1729,3
1530,6,4
1530,2000,3
1530,2268,1
1530,2391,1
1530,555,3
1530,47,2
1530,3174,4
1530,2371,2
1530,471,3
1530,3039,1
1530,2109,2
1530,52,4
1530,440,1
1530,3448,1
1530,1923,1
1530,356,3
1530,1220,1
1530,1517,4
1530,1078,4
1530,1285,2
1530,1500,4
1530,2795,1
1530,1257,1
1530,2359,1
1530,3608,1
1530,1060,1
1530,1171,4
1530,2384,3
1530,3526,4
1530,3396,3
1530,1079,4
1530,3421,4
1530,3253,3
1530,1294,2
1530,1276,4
1530,3424,1
153,274,1
1530,1339,3
1530,1373,3
1530,2393,1
1530,1371,4
1530,2,2
1530,648,4
1530,3698,4
1530,316,4
1530,1587,2
1530,329,3
1530,2641,2
153,3785,3
1530,380,4
1530,1375,1
1530,1377,2
1530,1676,4
1530,1372,1
1530,2115,2
1530,2640,4
153,3285,3
1530,480,2
1530,2406,4
1530,3168,3
1530,592,2
1530,1376,1
1530,1259,1
1451,2087,1
332,2571,4
332,2391,3
1451,3897,1
332,3147,2
332,1617,2
1451,3006,1
1451,1704,2
332,3893,3
332,3178,2
1635,1693,1
5949,3597,4
5949,3617,2
5949,3948,3
5949,3317,2
5949,3949,2
1530,1805,1
1530,1732,1
1530,2414,2
1530,3386,2
1530,2686,3
1530,2076,3
1530,253,1
1530,1407,1
1530,565,1
1530,3476,2
1530,2710,1
1530,2021,2
1530,3479,2
1530,3327,4
1530,1089,3
1530,1248,2
1530,3129,2
1530,923,3
2911,923,4
2911,1247,1
2911,2959,1
2911,2132,4
2911,1617,1
5831,118,3
2911,3083,1
2911,1196,4
259,3897,2
2911,50,1
2911,608,3
2911,2357,2
2911,1631,2
2911,1203,1
2911,300,4
3128,2002,3
3128,1918,3
3128,2001,2
3128,1302,1
3128,784,3
3128,1673,1
3128,1265,3
3128,1222,1
3128,3948,1
3128,3424,2
2749,3317,2
2106,111,4
2106,3004,2
1101,2448,2
1101,1590,4
1101,3638,3
1101,671,2
2841,2841,2
2841,3174,2
2841,2713,4
2841,2690,3
2841,2605,4
2643,3273,1
2643,3081,3
2643,2598,2
2643,2013,4
2643,3753,2
2643,3578,2
3519,1784,3
2643,2710,2
2643,2699,2
2643,2188,4
2643,1127,3
3693,3948,1
5450,1171,4
5450,1256,1
5450,205,1
131,1172,4
2380,1221,3
2380,858,2
3842,509,4
3842,2318,3
3842,1682,2
3842,3868,1
3842,1663,2
3842,3060,2
3842,3682,2
3842,3836,2
3842,3925,4
3842,1222,4
3842,300,3
3842,25,4
3842,337,1
3842,1936,3
3842,2917,3
3842,3427,3
3842,2946,3
3842,1119,1
3842,2080,3
3842,3246,1
3842,994,1
3842,1199,2
3842,3788,3
3842,2611,3
3842,1272,2
3842,1247,2
3842,1208,3
3842,1099,3
3842,1952,4
3842,1193,4
3842,3545,3
3842,111,3
3842,331,2
3842,2612,2
3842,3095,3
3842,3681,2
3842,3725,2
3842,2010,4
2105,2411,3
2105,188,1
2105,3697,2
2105,2109,2
2105,2446,1
2105,1235,4
2105,247,2
2105,356,2
2105,1079,1
2105,3259,4
2105,2140,1
2105,39,2
2105,3257,1
2105,3525,1
2105,3897,3
2105,3617,4
4610,2395,1
1524,3948,3
1733,3201,1
2895,3897,1
1699,2912,3
1699,3160,2
1699,1885,2
2000,3717,3
2000,3952,1
1120,1387,2
3681,3717,3
3681,3952,1
1491,1573,3
1421,3317,2
5956,3825,2
1224,3319,3
1224,3456,3
3512,180,1
3512,223,3
2814,3948,4
692,2499,4
2022,3948,3
4593,208,3
3940,3783,2
405,58,1
1748,3623,3
3509,3877,1
3509,2393,4
3509,329,4
3509,316,4
3509,1356,4
3509,1219,3
3509,750,2
3509,3174,1
3509,3889,3
3509,3745,1
3509,2296,3
3203,2435,4
1710,538,2
4682,725,4
4682,3518,3
1930,235,2
1930,750,4
1930,2189,4
1930,3623,2
727,1203,2
727,3451,3
727,428,2
727,1088,4
727,1393,2
727,539,1
727,3105,2
727,2797,4
727,111,3
727,3147,1
727,1394,1
727,3421,3
727,1674,1
727,2996,1
727,1288,3
727,1307,2
727,3252,2
727,1079,4
727,2871,3
727,1955,3
727,3819,1
727,3363,3
727,3422,1
727,1199,1
727,1639,2
727,595,2
727,2150,3
727,1263,2
727,1204,1
727,1254,1
727,2081,4
727,1961,3
727,1962,4
727,955,2
727,150,1
727,1035,1
727,590,3
727,3089,3
727,2819,3
727,953,2
727,1235,3
727,1270,1
727,3074,3
727,3035,1
727,1234,2
727,954,4
4813,3253,4
4813,125,1
727,969,1
727,914,1
727,1185,4
727,1946,2
727,2398,3
727,936,4
727,3111,3
727,1150,2
727,3152,4
727,918,1
727,3735,2
4813,2858,2
743,1288,3
743,3052,4
743,1279,4
2076,3317,2
5250,1073,2
329,3897,4
4992,1073,3
4992,265,3
1605,3553,3
1605,3300,1
1605,28,2
1605,3882,3
4610,368,1
4610,597,4
4610,2746,1
4610,3398,2
4610,3809,1
4610,3087,1
4610,1747,3
4610,3608,4
4610,3039,3
4610,2247,4
4610,2657,4
4610,551,1
4610,1297,1
4610,351,2
4610,2174,1
4610,671,3
4610,2918,4
4610,2716,1
4610,799,1
4610,39,2
4610,1080,3
4610,1278,3
4610,2788,1
4610,1968,4
4610,1500,1
4610,2978,4
4610,1270,1
4610,3727,2
4610,1265,4
4610,34,4
4610,1292,4
4610,1236,3
4610,1188,1
4610,2858,1
4610,1136,4
4610,2997,4
4610,2294,1
4610,661,3
4610,2355,2
4610,2761,1
4610,3429,3
4610,720,4
4610,1148,2
4610,1223,2
4610,745,3
4610,1,2
4610,160,1
4610,3190,2
4610,1779,1
4610,2733,2
4610,2,4
4610,2143,4
4610,674,4
4610,2054,4
4610,2115,4
4610,1967,1
4610,3070,3
4610,2470,1
4610,3479,1
4610,3745,3
4610,2414,4
4610,2406,4
4610,3699,3
4610,480,2
4610,2916,1
4610,1275,3
4610,2871,4
4610,2077,4
4610,3175,2
4610,1073,2
4610,1259,1
4610,3442,4
4610,1499,1
4610,2808,2
4610,1562,4
4610,3705,1
4610,2421,4
4610,1752,1
4610,153,1
4610,1438,2
4610,3438,1
4610,3113,2
4610,1590,3
4610,1037,4
4610,544,2
4610,327,2
4610,2722,4
4610,748,4
4610,3441,4
4610,2373,4
4610,2405,3
4610,208,1
4610,329,1
4610,736,1
4610,316,2
4610,1544,4
4610,2193,1
4610,1676,2
4610,3698,2
4610,653,2
4610,1377,3
4610,1769,2
4610,2334,4
4610,2723,1
4610,1385,1
4610,3755,2
4610,1320,4
4610,442,4
4610,2617,4
4610,2628,2
4610,2344,3
4610,2006,3
4610,3624,3
4610,1762,4
4610,3704,4
4610,1580,3
4610,1356,1
4610,2985,2
4610,592,2
4610,1408,1
4610,3793,2
4610,1291,4
4610,1129,4
4610,1210,1
4610,2288,2
4610,3702,2
4610,2167,4
4610,457,4
4610,589,2
4610,1240,1
4610,2571,1
4610,3000,1
4610,1197,1
4610,1198,4
4610,1196,1
4610,260,4
4610,2987,1
4610,541,2
3224,384,3
3224,3055,2
4610,1200,4
4610,3250,4
4610,1690,2
4610,2792,3
4610,1274,3
4610,2791,3
4610,2133,2
4610,345,2
4610,410,3
4610,19,1
4610,344,2
4610,1541,3
4610,2124,3
4610,1127,2
4610,2492,1
4610,2826,1
183,356,3
183,3730,2
183,1307,4
183,1997,1
183,1950,2
183,904,3
183,1299,2
183,750,3
183,903,3
4757,1639,3
4757,1814,1
4757,2599,3
4757,3882,2
5539,1635,3
5539,750,1
4763,3618,4
4277,3739,3
4277,3752,4
4277,3826,1
4277,2681,4
4277,1590,4
169,3210,4
1058,318,1
1058,1900,2
1733,3812,3
4591,1635,4
4591,3785,4
4591,3900,4
201,3512,1
4448,3895,3
4448,3826,1
4448,3898,3
4448,3857,2
4448,3483,4
4448,3798,2
4448,3863,2
4448,3952,2
2529,3578,2
2529,17,4
2529,474,4
5359,2540,1
4448,3316,1
4448,3879,4
2529,1266,2
2529,1256,3
2529,1299,2
2529,916,2
2529,3551,2
2529,3744,3
3430,2708,1
3430,1394,3
1141,631,1
1141,2123,4
1141,932,3
1141,1541,3
1141,2188,1
1141,2031,3
1141,2072,1
1733,1419,4
2097,3744,1
2106,3317,3
2106,3897,3
4241,541,3
1958,3755,4
2918,1616,4
2918,193,2
2918,3897,1
2918,457,4
1505,906,2
1505,2662,4
1086,1228,3
1086,1250,3
1086,1358,2
4258,1438,3
4258,2126,3
4258,18,1
4258,3082,3
4258,1805,3
4258,230,1
4258,1833,1
4258,22,2
4258,2916,3
4258,1370,1
4258,2353,1
4258,1722,1
4258,377,4
4258,349,2
4258,494,4
4258,3256,1
4258,474,3
4258,10,3
4258,457,3
4258,589,4
4258,2571,1
4258,1617,2
4258,50,1
2395,293,4
2395,3717,2
3550,1212,4
1086,3148,3
195,952,1
1969,1996,3
1969,1969,2
1969,1972,4
1969,1995,2
1969,1971,3
1969,1347,4
1969,1258,1
1969,1342,1
1969,196,2
1969,2120,2
1969,1010,4
1969,2091,2
1969,2016,2
1969,3396,1
1969,3672,4
1969,2040,3
1969,709,3
1969,2123,4
1969,2042,4
1969,13,1
1969,3159,2
1969,1588,4
1969,262,1
1969,2083,4
1969,126,2
1969,1447,1
1969,1396,4
1142,3535,1
5539,3668,1
5539,1333,1
5539,1952,3
5539,1207,3
5539,3469,1
5539,2132,1
1733,153,1
1733,3213,2
5413,1358,1
5413,36,4
2756,1687,1
2756,2115,3
2756,2273,1
2756,1858,3
2756,1275,1
2756,3793,3
2756,3578,3
2756,3703,2
2756,1214,4
5424,903,1
2478,2398,1
2478,1938,1
2478,3578,4
1733,2979,3
1088,3948,2
2895,904,3
1088,1500,1
1088,2302,4
402,3616,1
402,3798,2
402,3752,2
402,3824,3
402,3826,2
402,3785,2
402,3618,1
402,3617,2
402,3784,3
402,3556,3
402,2194,1
402,1997,2
402,1203,2
1218,3357,3
5054,1083,1
5054,3076,1
5054,3903,1
5054,3911,2
1449,2964,2
5450,3285,3
5450,3623,4
5450,3948,1
5450,2662,1
5450,3914,1
1748,1845,4
1748,2239,3
1748,2179,3
1748,2238,4
1748,3522,2
5737,3072,1
5737,2918,2
2841,538,1
2841,838,4
2841,3100,1
2841,180,2
5737,1235,1
5737,1230,1
2841,52,3
2841,1407,3
2841,1875,4
2841,1507,3
2841,431,2
2841,2572,4
2841,322,1
2841,3052,2
2841,364,2
2841,474,4
2841,3147,2
2841,45,2
2841,2442,3
2841,348,1
2841,3418,3
2841,2355,1
2841,2359,4
2841,3163,2
2841,3728,3
2841,235,4
2841,1759,4
2841,2024,1
2841,1050,4
2841,308,2
2841,1704,1
2841,373,3
2841,1537,3
2841,2360,1
2841,2491,2
1243,3556,4
1243,1307,2
1243,1299,2
1243,1242,3
1243,3424,4
1243,903,1
1243,904,4
514,1374,3
514,1580,3
514,1965,2
514,1215,4
514,2916,1
514,1748,1
514,1097,1
514,1199,1
514,1653,2
514,2968,2
514,924,2
514,1200,4
514,3703,4
514,2571,4
514,32,2
514,1206,4
3519,3176,1
2376,1303,2
1449,1912,3
146,927,4
146,905,1
146,471,3
146,2178,4
146,2272,4
146,3897,1
146,2774,3
146,3635,3
146,3638,1
2962,3190,3
2376,909,3
1597,3317,3
1597,3897,4
1597,3192,4
1491,1027,3
1491,3317,3
2925,3857,2
3940,3578,2
5359,3948,1
3768,150,2
3768,3857,2
482,2762,2
482,2700,4
482,3623,1
482,2861,3
482,2959,3
482,2605,4
482,2369,2
482,2976,1
482,2997,3
482,2710,1
482,3155,4
482,2706,4
482,3752,1
482,3617,4
3203,3948,1
195,3897,3
4979,3501,4
4979,3730,2
4979,902,4
4979,3649,1
4979,3026,2
4979,3027,2
4979,3042,3
4979,1822,4
4979,1640,4
4979,3689,4
4979,3041,1
4979,3031,2
4979,3544,4
4979,3043,1
4979,3385,4
4979,3394,2
4979,2953,3
4979,2259,4
4979,1461,2
4979,2163,2
4979,93,2
4979,542,4
4979,1602,4
4979,157,2
4979,2794,4
4979,429,3
4979,2408,3
4979,1918,3
4979,2473,1
4979,3130,1
4979,1753,3
4979,305,3
4979,312,3
4979,818,2
4979,2884,4
4979,1439,4
4979,2836,3
4979,3243,3
4979,413,2
4979,520,2
4979,3045,4
4979,1091,3
4979,988,4
4979,3525,1
4979,2792,3
4979,445,2
4979,2375,2
4979,3688,1
4979,2372,4
4979,2717,3
4979,585,2
4979,410,3
4979,1888,4
4979,743,2
4979,3235,2
4979,231,1
4979,1629,1
4979,3263,2
4979,2796,1
4979,5,3
4979,1604,2
4979,1194,3
4979,3506,2
4979,122,2
4979,333,2
4979,3590,1
4979,2469,3
4979,3,3
4979,2082,1
4979,1135,3
4979,2111,4
4979,2539,3
4979,500,3
4979,2416,4
4979,2891,1
4979,2581,4
4979,344,2
4979,2926,1
4979,2012,3
4979,2245,2
4979,852,2
4979,2145,4
4979,3099,2
4979,934,4
4979,3591,4
4979,322,3
4979,708,4
4979,3614,2
4979,2301,4
4979,180,4
4979,1476,4
4979,1569,4
4979,1171,2
4979,2134,4
4979,144,3
4979,367,3
4979,2247,2
4979,2371,4
4979,1485,4
4979,372,3
4979,3255,3
4979,3261,1
4979,1663,4
4979,1395,4
4979,345,1
4979,2915,1
4979,2136,2
4979,3450,4
4979,2870,1
4979,1747,3
4979,2779,3
4979,52,4
4979,3685,3
4979,125,3
4979,3526,1
4979,2064,1
4979,2423,2
4979,3028,2
4979,2463,3
4979,2352,4
4979,1449,3
4979,2144,1
4979,1958,4
4979,357,1
4979,141,3
4979,2108,4
4979,2750,4
4979,2286,2
4979,2302,1
4979,1784,4
4979,3507,3
4979,3481,4
4979,3108,4
4979,235,3
4979,1243,4
4979,1641,2
4979,2324,3
4979,1125,1
4979,2973,1
4979,580,3
4979,3433,1
4979,3432,4
4979,229,4
4979,1173,3
4979,3930,1
4979,449,4
4979,88,2
4979,1405,3
4979,2085,3
4979,3429,4
4979,2137,4
4979,1205,3
4979,181,2
4979,2368,1
4979,1556,3
4979,2412,4
4979,1388,1
4979,420,3
4979,502,3
4979,1831,3
4979,1100,4
4979,3257,4
4979,2468,3
4979,2411,1
4979,485,3
4979,2409,3
4979,2524,3
4979,1606,1
4979,3020,4
4979,2403,2
4979,3208,4
4979,376,4
4979,1785,2
1733,3317,1
4979,2949,1
4979,1495,2
4979,15,4
4979,2421,2
4979,2373,1
4979,2748,2
4979,2422,2
4979,1591,4
4979,1499,2
4979,2471,4
4979,674,2
4979,1359,4
4979,2367,2
4979,2405,2
4979,2050,2
4979,2051,1
4979,3834,1
4979,1011,2
4979,1303,3
1812,1285,4
4979,2369,2
4979,2038,4
4979,2147,4
4979,2555,1
4979,3285,2
4979,2710,1
1812,414,4
4979,574,2
4979,3752,3
4979,3639,3
4979,2374,4
4979,370,4
4979,1101,4
4979,3896,3
5277,1894,4
4823,2542,1
1192,3911,1
1186,3948,2
1186,3359,2
1186,1208,3
1186,3038,2
1186,2202,2
1186,2654,2
1186,2176,1
1186,931,2
1186,930,2
1186,1940,1
1186,2203,3
1186,929,2
1186,965,4
1186,950,2
1186,905,2
1186,2210,4
3624,951,3
3821,3952,1
2310,541,4
1329,3911,3
1426,3384,2
208,2478,2
208,3494,2
208,3682,4
208,2921,4
208,3671,3
208,3742,1
208,1960,1
208,1090,1
208,1250,3
208,1370,3
208,3505,4
208,1343,4
208,628,2
208,288,3
208,2178,1
208,3728,3
208,1674,1
208,3755,4
208,47,3
208,373,3
208,1227,1
208,1358,1
208,2985,4
208,2529,4
208,3527,2
208,1129,2
208,1965,3
208,2916,2
208,1199,4
208,32,4
208,3471,1
208,1206,2
208,750,4
208,1101,1
208,58,4
208,356,1
208,3685,4
208,377,2
208,1094,4
208,3108,1
208,1643,1
208,930,1
208,1172,1
208,1357,1
208,2248,3
208,2243,4
208,25,4
208,928,4
208,912,3
208,1244,2
208,3730,2
208,904,1
208,2076,2
208,924,1
2106,3794,1
208,2167,1
208,1327,1
208,1347,4
208,2746,4
208,2789,3
208,1407,4
208,1346,1
208,1321,1
208,1345,4
208,1333,3
208,2455,2
208,1994,1
208,1997,4
208,3706,3
208,2100,2
208,2174,4
208,1300,4
208,318,1
208,593,4
208,1193,4
208,2064,4
208,2917,1
208,1089,4
208,293,2
208,1617,3
208,608,1
208,296,1
208,50,2
208,1259,3
208,3363,2
208,2396,2
208,1278,2
208,1265,1
208,2871,2
208,260,3
208,1198,4
208,919,4
208,3578,1
208,1291,3
208,1954,1
208,1036,2
208,1912,1
208,1220,1
208,1222,3
208,3418,1
208,1242,2
208,1196,4
208,1200,2
2395,2395,2
2395,457,3
2395,2440,2
2395,1620,3
5450,1957,1
5450,2788,4
5450,1080,2
5450,1103,4
5450,1394,4
5450,3083,2
5450,978,3
5450,2528,4
5450,1734,1
5450,3859,3
208,2208,2
208,3147,1
208,3513,4
208,1923,1
208,2273,2
993,3275,4
4126,2267,2
3940,3906,3
1447,1363,1
1447,2453,3
1447,2252,3
1447,2120,1
1447,3155,3
1447,994,4
1447,280,3
1447,2125,1
1447,1642,4
1447,253,2
1447,1678,2
1447,475,3
1447,3386,3
1451,3597,4
1451,345,1
1120,2088,3
1120,73,3
1120,900,3
1120,1288,3
1120,3400,4
1120,2354,4
5367,746,3
5367,2066,3
1120,207,1
1120,3527,3
1733,2891,3
1733,104,2
1980,1173,2
1980,207,4
846,1517,3
846,2700,1
846,223,2
846,3267,2
846,3007,1
846,1858,1
846,714,4
846,25,2
846,1265,2
846,265,3
846,457,1
846,150,3
846,1094,4
846,1266,3
846,2762,1
846,2959,1
846,34,2
846,593,3
846,2858,2
846,2851,1
846,3204,2
846,2038,3
846,1073,3
846,1009,1
846,3396,4
846,2095,1
846,2643,4
846,2411,2
846,1389,2
846,3441,4
846,2410,2
846,2405,1
846,2105,2
846,2802,3
846,2403,4
846,2989,1
846,2525,4
846,2872,2
846,1200,1
846,1240,3
846,1036,3
846,2890,4
4496,3914,2
1701,3784,2
1701,3948,4
1701,2714,2
1701,2987,1
737,3317,1
1701,2693,4
1701,3798,2
1701,3114,1
1701,3157,2
1701,3176,3
1701,2961,2
1701,3081,3
1701,2395,1
1701,2724,2
1701,1513,4
1701,2686,2
1701,2394,4
1701,2598,1
1701,2906,3
1701,24,1
1701,2490,2
1701,2723,1
1701,2581,3
1701,3623,3
1701,2709,2
1701,2502,4
1701,2622,3
1701,3053,1
1701,3174,4
1701,2805,1
1701,913,3
1701,2310,2
1701,2390,1
1701,785,3
1701,2629,4
1701,2676,4
1701,2761,3
1701,2690,4
1701,2333,3
1701,2318,2
1701,3115,2
1701,2688,3
1701,3175,3
201,3317,4
1701,3408,4
1701,2599,4
1701,2336,3
201,3566,1
1701,3615,4
1701,1093,1
1701,2881,4
1701,3543,2
1701,2369,2
1701,2433,2
1701,2770,2
1701,2976,1
1701,3005,2
1701,2355,3
1701,2908,4
1701,3298,2
1701,2997,1
1701,2694,2
1701,2975,1
1701,3155,1
1701,2699,2
1701,2683,1
1701,3179,1
1701,2707,3
1701,2706,1
1701,2572,4
1701,2826,3
201,3948,2
201,2282,4
3413,3201,1
3413,908,3
3413,593,2
3413,858,3
3413,3785,4
3413,3831,4
1969,610,4
1969,3391,3
1969,2794,1
1969,2473,4
1969,1091,2
1969,2072,4
1969,2717,3
1969,2469,1
1969,2145,1
1969,2247,2
1969,2423,4
1969,2407,3
1969,2011,2
1969,2795,4
1969,2301,2
1969,1297,3
1969,2144,1
1969,3552,3
1969,3039,4
1969,3210,4
1969,2352,2
1969,374,4
1969,355,1
1969,3146,1
1969,63,1
1969,432,4
1969,1461,1
1969,765,4
1969,489,2
1969,435,2
1969,1064,1
1969,4,2
1969,1005,4
1969,1526,1
1969,413,3
1969,1503,4
1969,2504,4
1969,410,3
1969,3,1
1969,3869,2
1969,1409,4
1969,3254,3
1969,236,1
1969,5,2
1969,837,3
1969,830,4
1969,1020,1
1969,2709,4
1969,1888,1
1969,500,1
1969,2424,4
1969,3450,4
1969,2124,1
1969,539,1
1969,1747,2
1969,1441,3
1969,1457,4
1969,708,1
1969,597,1
1969,141,3
1969,3261,2
1969,1777,1
1969,2539,3
1969,3253,3
1969,1476,4
1969,11,2
1969,69,3
1969,3108,3
1969,1883,3
1969,3052,1
1969,441,1
1969,3809,4
4543,3024,4
4543,1028,3
4543,3198,1
4543,1921,1
3940,3408,3
412,3948,3
412,2282,1
1958,3225,4
3017,3688,1
3017,1190,3
3017,2112,3
3017,2349,2
3017,3424,2
3017,2500,4
3017,2721,2
3518,3176,1
3833,3265,1
3693,2006,4
3821,3317,4
3821,2183,3
3821,2827,1
3821,3578,2
3821,3893,3
3821,3948,4
3821,3886,3
1422,3354,2
1422,3751,4
1422,3578,3
1333,1370,2
783,673,2
783,2141,4
783,1033,3
783,1030,4
783,1064,3
783,2033,2
783,610,1
783,1274,4
783,2987,4
2353,3831,4
2022,3617,4
4126,3948,3
5831,3948,4
5333,3948,3
5333,3952,2
721,2805,1
721,3408,3
1451,3010,3
2105,1503,4
1447,2381,4
1447,370,2
1447,420,3
1447,3146,2
1447,1440,2
1447,414,4
1447,2249,2
1447,569,2
1447,830,4
1447,3712,1
1447,3869,2
1447,2424,2
1447,339,2
1447,1194,3
1447,2247,3
1447,3525,1
1447,2418,1
1447,1753,2
1447,453,2
1447,357,1
1447,3174,3
1447,2795,3
1447,3526,4
1447,1297,1
1447,3358,4
1447,3178,1
1447,11,1
1447,440,4
1447,1663,3
1447,3148,3
1447,3354,4
2020,3914,2
73,3596,1
3512,2997,3
3512,824,3
1958,3798,1
1958,3146,2
1958,2169,2
2333,344,2
2333,2436,3
2333,3258,1
2333,1732,1
2333,1405,1
2333,2683,2
2333,3254,1
2333,1020,4
2333,500,2
2333,1569,3
2333,367,4
2333,2424,2
2333,586,1
2333,231,2
2333,357,4
2333,708,2
2333,1517,4
2333,342,1
2333,1747,3
2333,471,1
2131,2263,1
2131,594,3
2131,47,1
2131,3354,4
2244,564,4
2244,71,2
2244,207,4
2244,3507,4
2244,3270,2
2244,2312,3
2244,3618,1
2244,3730,4
2244,3593,1
2244,3826,3
2244,3616,3
2244,3824,4
2244,3717,2
2244,3794,3
2244,3617,3
2333,1092,1
1246,3503,2
1733,574,3
1733,32,4
1733,2502,2
1733,2568,1
1733,3174,3
1733,3752,2
1733,2676,4
1733,2690,4
1733,2761,1
1733,2580,4
1733,2333,4
1733,2605,3
1733,3113,2
1733,233,2
1733,2759,1
1733,1093,1
1733,2772,3
1733,2355,4
1733,2694,2
1733,3285,2
1733,2683,1
1733,3798,4
1733,2702,2
1733,314,3
1733,2700,2
1733,2692,2
1733,1513,2
1733,2598,1
1733,299,2
1733,2490,4
1733,2572,2
639,3270,4
639,917,3
639,1372,3
639,2671,2
639,3499,2
639,2302,1
639,1271,4
639,3448,4
639,2077,3
639,588,4
639,1333,1
639,2687,3
639,1103,4
639,1294,1
639,3100,4
639,1962,3
639,1907,1
639,919,2
639,1012,3
639,1253,2
639,1957,2
639,491,4
639,1099,1
639,62,1
1447,1022,1
639,1584,1
639,940,3
1447,1359,2
639,150,2
639,3578,2
1447,2429,4
1447,1587,2
1447,3432,4
1447,2643,2
1447,2404,2
1447,2525,4
1447,1772,2
1447,1606,2
1447,3764,3
1447,459,4
1447,1869,4
1447,2540,2
639,1302,3
1447,9,4
639,529,1
1447,1752,1
1447,1792,1
1447,44,1
1447,170,2
639,1291,3
1447,3639,3
639,1097,2
639,1246,1
1447,3702,2
1447,2273,1
1447,1220,1
1447,2948,3
1447,1954,3
639,2398,2
639,2648,4
1447,3186,3
639,953,2
1447,605,4
639,954,2
1447,1912,4
4647,640,1
639,110,2
4647,20,4
4647,132,1
1733,1295,2
4647,1100,3
4647,548,4
639,2367,3
639,2530,3
639,2533,3
639,1388,2
4647,1665,2
639,3519,1
4647,830,4
4647,315,1
4647,2505,1
639,2991,2
4647,1917,3
4647,3141,4
4647,327,2
4647,208,4
4647,1541,4
4647,1605,3
4647,1888,1
4647,95,1
4647,500,2
4647,236,3
4647,2598,4
4647,3528,2
4647,1711,2
4647,1727,3
4647,237,4
4647,252,4
4647,282,2
4647,2165,2
4647,423,3
4647,804,2
4647,413,2
4647,369,1
4647,1093,1
4647,3063,3
4647,2860,4
4647,2442,4
4647,468,4
4647,3614,1
4647,354,3
4647,3173,2
4647,2271,1
4647,3261,3
4647,1051,1
4647,803,1
4647,600,3
4647,3386,4
4647,271,4
4647,639,1
4647,764,2
4647,249,4
4647,384,3
4647,1611,1
4647,424,4
4647,14,4
4647,3426,4
4647,425,4
4647,987,1
4647,3531,1
4647,357,4
4647,409,3
4647,272,2
4647,2355,4
4647,1633,1
4647,1733,1
4647,1749,3
4647,1840,3
4647,2570,2
4647,2824,2
4647,1449,3
4647,3260,2
4647,1245,1
4647,1694,4
4647,2963,4
2246,541,2
2246,3181,1
73,3889,4
2071,3948,4
1969,101,2
1340,3717,3
4816,3948,1
5831,2836,2
2092,2524,2
2092,3408,3
2092,2283,3
2092,3618,1
1079,3952,1
2904,2917,3
2904,6,4
2904,266,2
259,1805,1
259,2359,2
259,260,4
259,3948,3
259,953,3
259,1446,3
259,3686,3
259,2268,3
259,2973,3
259,3543,2
259,1701,2
259,2020,3
259,1036,2
259,3751,3
259,3746,2
259,2858,2
259,1352,1
259,1784,3
259,1200,3
259,293,3
3224,3224,4
4361,2761,2
4361,596,3
4361,2080,3
4361,3751,1
2105,2147,3
2105,2755,2
2105,2117,1
2105,3071,3
2105,2852,3
2105,2352,2
2105,647,2
2105,466,2
4937,3790,4
1451,3578,4
5333,3113,1
5643,3703,2
5643,3702,3
5643,1131,4
5643,3717,4
5643,948,4
5643,3054,4
5643,1826,4
5643,2031,4
5643,2142,3
5643,2005,2
5643,2059,3
5643,2161,4
5643,3157,2
5643,1032,1
2907,1266,1
2907,1348,3
2907,3616,4
2907,3946,3
2907,3615,3
2907,911,1
2907,3893,2
195,1097,4
2907,1084,3
2907,3826,2
2907,3618,2
195,527,3
1701,3882,1
5359,3481,3
6040,3182,2
5787,1291,2
5787,2077,3
5787,952,3
5787,969,1
5787,2871,3
5787,3168,2
5787,828,1
5787,940,3
5787,1197,2
5787,1254,3
5787,2899,2
5787,3699,4
5787,2366,4
5787,1259,2
5787,2430,2
5787,1198,2
5787,1204,3
5787,1303,3
5621,605,4
5621,141,1
856,3794,1
2918,2124,2
2918,1966,2
2918,1517,2
2918,3129,3
2918,3052,2
2918,3174,1
2918,1279,1
2918,2318,4
2918,1914,3
2918,2108,1
2918,2395,3
2918,1223,4
2918,1769,2
2918,1385,4
2918,204,1
2918,2353,4
2918,1527,4
2918,2278,1
2918,2912,1
2918,112,1
2918,861,4
2918,21,3
2918,1858,3
2918,3418,1
2918,3538,1
2918,3481,4
2918,3751,2
3792,2324,3
5972,3654,1
5972,3519,3
376,1617,2
376,906,3
376,903,3
5972,3408,1
376,2504,2
376,1203,2
376,2311,1
376,924,3
376,999,2
376,2085,2
376,1367,3
376,3420,4
376,904,2
2627,3911,2
2627,3553,2
2627,3510,1
2627,1294,2
4478,1020,3
4478,3477,2
4478,1457,4
4478,231,4
4478,3450,1
4478,1405,2
4478,3869,4
4478,2671,4
4478,410,3
4478,2683,4
4478,368,4
4478,345,1
4478,2171,2
4478,550,4
4478,1884,1
4478,1391,1
4478,1513,1
4478,339,4
4478,2581,1
4478,1753,3
4478,69,2
4478,3254,4
4478,2282,2
4478,2961,4
4478,1875,1
4478,2385,3
4478,1777,1
4478,11,4
4478,2759,1
4478,2302,1
4478,3261,1
4478,2572,1
4478,52,2
4478,3175,4
4478,104,1
4478,1188,3
4478,342,4
4478,1914,2
4478,588,2
4478,3181,3
4478,346,1
4478,2575,2
2106,3952,3
2489,3578,4
1449,299,4
1780,1809,2
1780,11,2
1780,1911,3
496,47,3
1780,3157,3
1780,1213,3
1780,2915,3
1780,1101,4
1780,1378,4
1780,805,3
1780,2194,4
1780,14,3
1780,150,2
1780,1614,3
1780,1079,4
1780,2890,4
1780,500,2
1780,2297,3
1780,1704,4
1780,380,1
1780,786,2
1780,597,1
1780,3108,2
331,2384,3
331,3429,4
331,2390,2
331,2302,4
331,3898,4
331,3301,1
331,3948,3
331,3481,2
331,3556,1
331,1057,1
331,3044,3
331,1862,3
331,519,4
331,2428,3
331,3269,2
331,2012,2
331,196,1
331,1580,4
331,79,2
331,3436,4
331,498,1
331,630,2
331,1006,1
331,2431,1
331,75,3
331,424,2
331,993,4
331,1804,4
331,24,4
331,516,2
331,2976,1
331,3173,3
331,724,2
331,2165,2
1780,1678,3
331,1351,2
331,3115,3
331,2493,4
331,371,3
331,2885,1
331,848,3
331,1114,2
331,1660,3
331,388,4
331,62,1
331,1366,3
331,194,2
331,635,1
1780,1188,2
331,503,4
331,1810,2
331,45,3
331,105,3
331,590,3
331,1840,2
331,778,2
331,16,4
331,892,1
331,233,2
331,529,4
331,1041,4
331,800,1
331,299,1
331,511,3
331,2170,4
331,160,4
331,2412,1
331,1772,4
331,2701,2
331,849,4
331,1431,2
331,20,3
331,420,2
331,1100,3
331,533,3
331,1544,2
331,208,2
331,1379,2
331,3697,2
331,1917,2
331,1754,2
331,2628,4
331,3274,3
331,1385,2
331,1792,2
331,748,1
331,780,3
331,380,2
331,1432,1
331,368,3
331,1370,3
331,2167,4
331,653,2
331,507,4
331,480,1
331,474,3
331,1527,4
331,1610,2
3125,2571,1
3125,1249,3
3125,1196,4
3125,1204,1
3125,260,4
3125,296,2
3125,923,2
3125,1617,1
3125,527,2
3125,318,1
3125,50,1
4277,3537,3
1733,1856,4
1733,3002,4
1733,2813,4
1733,3439,3
1733,3440,2
1733,3438,1
3590,176,1
1733,3948,1
4647,3948,4
3590,1252,3
5413,2692,3
5413,3030,3
5413,1268,3
5413,151,4
4816,3865,3
5413,480,2
5413,1641,3
5413,1517,3
5413,1147,2
5413,337,2
5413,2761,4
5413,1682,2
5413,3386,1
5413,778,3
5413,509,1
5413,1673,1
5413,1704,3
5413,2318,4
5413,2028,4
5367,3911,1
1010,3952,3
5734,254,2
1597,2360,1
1597,1190,4
2451,2297,4
3013,605,3
3095,3052,2
5222,750,1
5222,1199,2
1611,1594,1
1086,3826,1
2020,1845,4
1969,1619,3
1969,47,2
1969,3555,1
1969,3865,4
1266,3948,1
2097,367,3
2097,3793,4
2097,3782,4
2097,3948,4
929,3275,3
5333,3513,3
4478,3478,4
4478,1305,1
4478,2474,4
4478,1211,4
4478,2301,2
4478,3412,3
4478,2100,3
4478,2140,2
4478,3684,1
4478,2161,3
4478,1967,3
4478,1290,1
4478,2734,1
4478,2150,1
4478,3210,3
4478,2987,2
4478,3071,1
4478,1962,3
4478,3552,1
4478,1275,3
4478,2174,2
4478,2467,3
4478,2064,3
4478,2915,2
4478,2144,3
4478,2968,4
4478,1274,2
4478,1199,4
4478,1258,2
4478,541,4
4478,648,4
4478,1676,1
4478,1377,2
4478,1687,1
4478,3020,1
4478,2628,3
4478,2989,4
4478,2193,4
4478,2528,4
4478,10,2
4478,733,3
4478,1527,2
4478,2985,2
4478,3256,4
4478,2353,1
4478,2105,2
4478,1129,1
4478,1215,3
4478,2115,2
4478,1101,3
4478,349,2
4478,1722,2
4478,1370,2
4478,2414,2
4478,2949,1
4478,3763,4
1063,3784,2
4478,3635,4
4478,3633,3
4478,377,3
4478,1376,3
4478,3527,4
4478,592,3
4478,21,2
4478,1261,3
4478,2916,4
4478,2948,4
4478,1387,3
4478,1610,2
4478,1210,4
4478,555,2
4478,1200,4
4478,260,4
4478,3264,3
4478,367,4
4478,1701,4
3128,1729,3
3128,296,1
3128,1190,2
2116,1556,3
2116,640,1
2116,2778,3
2116,1869,3
2116,1427,3
2116,132,4
2116,1483,4
2116,798,3
2116,2315,2
2116,1438,4
2116,540,1
2116,1744,1
2116,2446,3
2116,662,4
2116,18,3
2116,3705,3
2116,2389,4
2116,2505,4
2116,170,4
2116,464,1
2116,494,2
2116,2320,1
2116,2334,3
2116,2273,3
2116,3082,1
2116,89,3
2116,1092,4
2116,2561,2
2116,1769,2
2116,992,2
2116,165,3
2116,2353,3
2116,733,1
2116,1631,1
2116,2058,1
2116,2391,2
2116,349,1
2116,748,4
2116,113,3
2116,2338,2
2116,1644,4
2116,1892,3
2116,2583,3
2116,2265,4
2116,3268,2
2116,3841,2
2116,248,3
2116,2027,3
2116,813,1
2116,656,4
2116,575,4
2116,135,3
1491,3948,3
2116,374,2
2116,432,2
2116,274,4
2116,840,3
2116,2387,2
2116,1541,1
2116,2880,2
2116,1593,4
2116,1431,1
2116,3614,4
2116,801,3
4478,3712,2
4478,2470,4
4478,371,2
4478,537,1
4478,1378,4
4478,785,4
4478,1569,4
4478,3812,4
4478,2136,1
4478,2145,1
4478,1485,2
4478,2770,2
4478,3785,2
2116,1629,1
4478,2011,3
2116,1494,3
4478,252,1
4478,587,2
4478,663,2
4478,141,3
4478,2423,3
4478,492,2
4478,585,1
4478,3087,3
4478,3536,1
4478,2447,2
4478,1580,1
4478,380,3
4478,2709,1
4478,2109,4
4478,2371,2
4478,543,4
4478,1125,1
4478,440,1
4478,1732,1
4478,1297,4
4478,3809,3
4478,2795,2
4478,357,2
4478,3039,2
4478,2797,2
4478,1517,2
4478,441,3
4478,39,3
4478,3448,3
4478,3255,2
4478,3608,1
4478,471,1
4478,892,4
4478,223,4
4478,2946,4
4478,1256,4
4478,3253,3
4478,497,4
4478,2918,1
4478,1747,4
4478,1784,4
4478,235,3
4478,3671,2
4478,3424,4
4478,1923,2
4478,3421,4
4478,3868,1
4478,1270,2
4478,1079,2
4478,1278,4
4478,1288,4
4478,1,4
4478,1197,4
4478,1276,4
4478,1136,2
4478,751,2
3128,3841,4
3128,3243,2
3128,305,1
3128,2029,3
3128,2335,2
3128,3247,2
3128,2683,2
3128,1057,4
3128,2447,1
3128,141,3
3128,372,2
3128,2108,4
3128,3108,4
3128,357,2
3128,597,1
3128,52,4
3128,1517,3
3128,101,2
3128,348,2
3128,125,4
3128,1914,1
3128,1885,2
3128,223,2
3128,562,3
4831,954,3
195,3948,1
1449,322,2
462,1359,1
462,170,3
462,3489,2
462,333,1
462,2072,3
462,2723,4
462,252,2
462,1010,2
462,2294,4
462,2005,4
462,165,3
462,2012,3
462,2059,3
462,1356,1
462,2746,3
462,410,3
462,1485,3
462,2394,1
462,2111,2
462,112,2
462,2184,2
462,1380,3
462,104,2
462,1028,2
462,2078,1
462,3006,4
462,1298,4
462,2965,4
737,1206,1
5557,3052,1
2000,3178,3
3685,2891,3
3685,3452,3
1710,1968,2
1710,2144,3
3821,1441,3
3821,1615,1
3821,3751,4
3821,3895,4
3821,199,3
3821,2575,2
5413,508,2
74,3753,3
74,3510,1
74,3408,2
74,36,2
74,2357,2
74,34,4
74,1041,2
74,800,2
74,608,4
74,296,3
4478,1196,1
4478,1193,4
4478,1859,4
4478,1214,4
4478,1176,1
74,1963,2
74,3451,3
74,1028,2
4478,858,3
74,1304,1
74,3507,4
74,2300,1
74,2863,3
3018,2880,1
74,1252,1
74,913,4
74,1267,2
74,1617,2
74,1284,4
4478,3615,2
4478,3301,3
3018,180,3
4478,3457,3
4478,3863,4
4478,3513,4
1710,741,2
4478,3786,2
4478,3556,2
4478,3408,3
4478,3911,2
4478,3481,2
4478,3108,3
4478,1094,4
4478,741,1
4478,1641,3
4478,474,1
4478,1704,3
4478,1649,1
4478,3677,1
4478,2355,2
4478,180,2
4478,2321,2
4478,29,1
4478,1245,2
4478,293,3
4478,2395,4
4478,2890,4
4478,1060,3
4478,1699,4
4478,3000,3
4478,1834,4
4478,2571,1
4478,1673,3
4478,1912,4
4478,1265,2
4478,2028,2
4478,2762,1
4478,2324,1
4478,318,1
4478,36,4
4478,1089,4
4478,32,2
4478,2396,4
4478,1257,4
4478,1653,1
4478,1175,4
4478,2212,3
4478,1921,1
4478,457,2
4478,1080,3
4478,1931,4
4478,1289,2
4478,6,2
4478,3471,1
4478,2108,1
4478,3201,2
4478,3334,3
4478,2291,4
4478,2611,4
4478,2947,1
4478,2248,1
4478,589,2
4478,3168,2
4478,3267,4
4478,2289,2
4478,1411,1
4478,3896,2
4478,1500,3
4478,3360,1
4478,529,3
4478,1103,3
4478,1584,1
4478,953,4
4478,1302,2
4478,1073,3
4478,1077,4
4478,3760,4
4478,1222,2
4478,2700,4
4478,1291,2
4478,47,3
4478,1036,4
4478,2791,4
4478,1179,2
2047,671,3
4478,1885,1
4478,661,3
4478,1041,4
4478,1953,2
4478,1078,2
4478,307,4
4478,1234,3
4478,750,3
4478,3359,3
4478,2599,4
4478,1132,4
1884,3498,4
1884,948,1
4478,3114,2
4478,903,4
4478,1131,4
4478,1394,4
4478,1224,2
4478,3788,3
4478,1223,3
4478,919,3
4478,2788,1
4478,912,2
4478,2725,3
4478,1247,4
4478,1617,4
4478,1730,4
4478,1198,3
4478,1235,2
4478,3629,1
4478,1284,2
4478,913,2
4478,296,1
4478,1248,1
4478,3468,3
4478,608,1
4478,50,2
4478,1204,1
4478,745,1
4478,923,4
4478,1509,1
4478,1252,3
4478,1148,4
4478,1260,4
1426,3617,3
1426,3785,2
2451,405,2
2451,1275,3
2451,3889,4
5734,3079,4
5831,123,2
1449,3408,3
2770,527,2
2770,593,1
2770,3114,4
192,1186,2
2772,2094,1
2772,1909,4
2772,32,2
2772,3740,2
2772,3836,1
2772,1275,4
2772,3555,3
2772,3104,1
2772,3578,3
2772,2944,2
2772,1387,4
2772,1240,4
2772,786,3
2772,3354,4
2772,2352,3
2772,3481,1
2772,3893,1
195,767,1
5333,3893,4
4600,3146,3
204,3448,3
204,2016,2
204,1378,2
204,2478,2
204,1007,2
204,1283,3
204,1968,3
204,2716,2
204,1955,4
204,1231,2
204,1962,1
204,1299,1
204,3360,1
204,1096,4
204,1304,2
204,1079,2
204,1136,1
204,1380,4
204,1957,2
204,2352,2
204,3524,1
204,1025,2
204,1029,4
204,3844,2
204,3260,3
204,3763,2
204,3701,3
204,2463,2
204,3552,1
204,2022,3
204,515,2
204,2985,2
204,2144,3
204,2401,2
204,1101,4
204,2841,1
204,3100,4
204,3508,4
204,1292,4
204,1220,2
204,2140,2
204,1396,4
204,3018,3
204,1344,2
204,1347,2
204,300,4
204,3072,3
204,551,2
204,3702,3
204,1278,1
204,2915,2
204,2174,3
204,161,4
204,32,3
204,661,2
204,2797,4
204,529,1
204,1028,1
204,3039,3
204,2000,2
204,2240,2
204,262,3
204,1250,1
204,1954,3
204,1234,4
204,1961,1
204,3359,4
204,3098,1
204,1678,1
204,3527,1
204,1394,4
204,293,1
204,3252,3
204,474,4
204,1907,4
204,1994,1
204,2359,4
204,3499,3
204,2791,2
204,1393,1
204,3703,1
204,924,2
204,920,2
204,1246,2
204,1012,4
204,2081,4
204,1302,2
204,2761,1
204,3526,2
204,364,2
204,1294,4
204,1307,3
204,1293,1
204,2739,2
204,1222,3
204,595,4
204,2686,1
204,3699,2
204,1097,4
204,3105,1
204,1036,3
204,1089,4
204,1240,4
204,1090,1
204,3471,2
204,1952,4
204,1270,3
204,750,4
204,2762,1
204,3468,4
204,1221,3
204,2398,4
204,3897,4
204,1206,3
204,1287,2
204,3421,3
204,1247,4
204,1214,2
204,3095,3
204,1200,1
204,953,1
204,3534,1
204,3615,3
204,3301,4
204,3826,3
204,2312,1
204,3483,2
204,3879,1
204,3863,2
204,1997,2
65,1124,4
3378,2858,4
4005,1922,4
4005,1758,3
2000,2391,4
2000,150,3
2000,2291,2
2000,1358,3
2000,1784,3
2000,1266,3
2000,1873,3
2000,2329,2
2000,2324,4
2000,593,3
2000,3745,2
2000,1721,1
2000,3408,3
2000,3793,1
2000,1923,2
2000,2699,1
2000,1688,4
2000,1205,1
329,3785,3
2000,2599,4
1407,3301,1
1407,3755,1
1407,3512,2
1407,3185,2
1407,3299,2
1407,3355,3
1407,3861,4
4697,1059,1
1407,3534,1
1407,3598,3
1407,3784,1
1407,3535,1
1407,3623,1
1407,3747,3
1407,3624,1
1407,3827,4
1407,3515,3
1407,3753,2
1407,3793,3
4697,1535,2
1407,3328,4
1407,3189,4
1407,3578,4
1407,3510,3
1407,3317,4
1407,3536,3
1407,3408,4
1407,3854,4
1407,3751,1
1407,3481,1
1407,3783,4
1407,3949,1
1407,3903,4
1407,3910,3
195,1625,2
1884,1960,1
1884,2313,3
1884,300,1
1884,2757,1
1884,2071,1
1884,1955,2
1884,3548,1
1884,388,4
1884,3198,4
1884,529,4
1884,944,2
1884,515,1
1884,3038,3
1884,314,1
1884,150,2
1884,3379,3
1884,1940,2
1884,1285,1
1884,1942,3
1884,1362,3
1884,3814,2
1884,2932,1
1884,3174,1
1884,1293,4
1884,2988,1
1884,1747,3
1884,3011,2
1884,2761,2
1884,1095,1
1884,1719,1
1884,1150,3
1884,1185,1
1884,954,3
1884,2398,1
1884,1103,3
1884,971,2
1884,3068,2
1884,2132,4
1884,3072,4
1884,3421,2
1884,1704,3
1884,1203,3
1884,1949,2
1884,3152,4
1884,3128,1
1884,2647,2
1884,3679,1
1884,2915,2
1884,596,3
1884,3359,3
1884,1873,4
3590,3114,4
1884,1231,4
1884,3789,2
1884,154,4
1884,2732,2
1884,3006,2
1884,2925,4
1884,953,1
1884,1186,3
1884,3680,4
1884,2677,2
1884,2927,3
1884,1251,1
1884,2847,2
1884,3095,1
1884,1941,3
1884,3341,1
1884,1938,2
1884,926,3
1884,1283,3
1884,3649,1
3590,3556,1
1505,3093,3
1505,1212,2
3128,3448,3
3128,1186,3
3128,3160,3
3128,3176,1
3128,1288,1
195,340,1
3693,3798,4
3693,3753,2
195,3024,3
195,648,3
195,2405,2
3519,523,1
3428,934,3
1329,141,1
5329,3483,4
5329,1441,3
5329,47,4
5329,1348,1
5329,3744,4
5329,1131,2
5831,1923,2
5831,3787,3
5329,1132,3
3518,523,1
4386,290,2
4386,3457,3
267,3755,1
993,3386,4
993,3948,2
993,1967,3
3051,2840,3
5333,3882,1
3051,2906,1
5300,3555,1
5300,3747,4
5300,3896,4
5300,3182,3
5300,3192,3
5300,3911,4
996,858,4
2986,1794,4
2986,3814,4
2022,2243,2
1980,1897,2
1930,3479,1
1930,2005,4
1930,1025,1
1930,2987,2
1930,2137,2
1930,173,4
1930,1373,4
1930,1371,2
1930,442,1
1930,2091,3
1930,2105,1
1930,2641,2
1930,3704,3
1930,2116,4
1930,1527,1
1930,1019,4
1930,2021,1
1930,2640,4
1930,1129,1
1930,3702,3
1930,2985,2
1930,2140,3
1930,1210,1
1930,1584,4
1930,1097,1
1930,3471,2
1930,2097,1
1930,2968,2
2593,1617,4
1930,3863,4
1930,1704,2
1930,1500,2
1930,2076,2
1930,627,2
4030,2144,2
2650,924,3
2841,1094,2
2841,1234,4
2841,1197,3
2841,1947,4
2841,3788,3
2841,1608,1
2841,537,2
929,3794,3
2841,3476,1
2841,882,3
2841,233,2
2841,490,1
2841,43,2
2841,1916,4
2841,2671,2
2841,2302,1
2841,1732,3
1505,2348,3
1505,30,3
1505,47,1
2841,2706,3
1505,1652,2
1505,1278,3
2841,468,2
1505,1909,4
1505,2919,3
1505,2245,2
1505,1674,3
1505,1202,4
1505,919,1
2841,1923,1
2841,1042,1
2841,249,3
1505,1211,3
1505,1728,4
2841,85,2
2841,991,4
2841,1614,2
1505,2701,4
1505,1059,3
2841,440,4
1505,599,2
1505,2132,3
1505,2987,3
1505,80,4
1505,339,4
1505,1147,3
1505,1307,4
1505,3809,3
1505,2297,4
1505,1947,1
1505,2134,4
1505,562,1
2841,2707,4
1505,3194,1
1505,3253,1
1505,556,4
2841,1645,3
2841,733,2
1505,1449,1
1505,2359,1
1505,1747,1
1505,3068,2
2841,2759,3
2841,1268,4
2841,1914,1
2841,1805,3
1710,2582,1
1710,393,2
1710,464,4
1710,3052,4
1710,2092,1
1710,3054,2
1710,673,3
1710,1907,2
1710,48,1
1710,2800,1
1710,1566,1
1710,1688,3
1710,2687,3
1710,1,1
1710,2761,3
1710,661,1
1710,1274,4
1710,1429,1
1710,3624,1
1710,2273,1
1710,1809,2
2841,3246,2
2841,1788,2
2841,1680,2
2841,2583,4
2841,3118,2
1710,442,4
1710,153,3
1710,1377,3
1710,1562,4
2841,1643,2
2841,3358,4
1710,3481,4
1710,1914,2
2841,125,3
2841,628,1
2841,508,2
2841,1120,2
2841,1883,2
1088,2857,4
1088,1729,1
2841,224,1
1088,3253,3
1088,281,4
2841,2112,2
2841,3176,1
2841,1885,4
1088,2841,1
1088,1517,3
2841,223,3
1088,2097,1
1088,3408,2
1088,661,4
1088,1907,1
2841,1034,2
2841,471,2
1088,497,1
1088,1028,3
2841,314,2
1088,3844,1
2841,1683,1
2841,1794,2
1088,3039,4
2841,728,1
1088,2287,4
1088,2395,4
1088,1301,3
2841,346,2
1088,1366,4
1088,1032,3
1088,2081,3
1088,3148,3
1088,2000,2
1088,300,2
1088,3105,2
1088,3873,2
1088,3360,4
1088,1466,4
1088,2391,4
1088,2085,1
1088,1641,4
2841,515,4
2841,1060,3
1088,902,2
1088,364,4
1088,1345,4
1088,3099,2
1088,2359,2
1088,2915,3
1088,588,4
1088,1968,1
2841,509,2
2841,1171,2
2841,2686,2
2841,319,1
1088,1029,4
1088,595,3
1088,2018,3
1088,2291,3
2841,806,2
1088,914,2
1088,1333,1
1088,2355,3
1088,3271,3
1088,3451,3
1088,1947,3
1088,1282,2
1088,1097,1
1088,1041,4
1088,3471,3
1088,1307,3
2841,1657,3
2841,3060,3
1088,1259,2
2841,2390,3
1088,898,1
1088,2918,2
1088,905,4
1088,953,2
1980,3259,3
1980,469,3
1980,361,2
1980,691,3
1088,207,2
2841,2321,3
1980,802,4
1980,294,4
1980,2062,4
1980,1835,3
2841,3079,3
1980,2581,1
1980,2340,4
1980,2943,1
1088,3000,2
1980,1906,3
1980,2620,4
1980,351,4
1980,2502,1
1980,3501,2
1980,1735,1
1980,3426,4
2841,448,3
2841,2324,2
2841,176,1
1980,1755,4
150,3826,3
150,3787,4
1723,2987,3
1723,2724,3
1723,3157,3
1723,2013,2
1723,2688,2
1723,3889,2
1723,1275,4
1723,1198,1
1723,316,2
1723,1373,1
1723,1371,2
2925,3510,3
1723,1389,4
1723,1387,1
1723,1388,1
2925,3755,4
2925,3798,1
1723,500,2
1723,3036,3
1723,2146,4
1723,1744,4
1723,2535,4
1723,3408,4
1723,2524,4
1723,3717,3
1723,3826,4
1723,3578,3
1723,3623,1
1723,648,1
4005,3798,2
4005,3594,1
2841,3798,3
2841,3512,4
169,2335,4
5557,908,3
5557,912,3
2022,2997,3
2022,2248,4
5172,1541,4
5172,1821,2
5172,122,3
5172,2306,3
5172,1503,2
5172,156,1
5172,236,4
5172,587,3
5172,2572,4
5172,380,2
5172,719,4
5172,2266,1
5172,1711,3
5172,7,3
5172,2683,2
5172,639,1
5172,317,4
5172,532,1
5172,500,4
5172,3243,3
5172,1377,3
5172,2539,2
5172,1409,1
5172,588,1
5172,203,4
5172,1569,4
5172,1648,1
5172,414,4
5172,2052,4
5172,3046,1
5172,3358,2
5172,2496,3
5172,492,1
5172,356,1
5172,2331,2
5172,3544,4
5172,2770,3
5172,141,3
5172,3129,2
5172,372,1
5172,52,3
5172,852,3
5172,539,3
5172,1614,4
5172,705,3
5172,2155,2
4277,3223,2
5172,1777,3
5172,1784,1
5172,2883,3
5172,2390,2
5172,708,3
5172,2690,1
5172,471,1
5172,1171,3
5172,1485,2
5172,2124,4
5172,1517,2
5172,1441,3
5172,2355,2
5172,837,1
5172,125,2
5172,39,3
5172,1446,3
5172,1223,3
5172,745,1
4277,2282,2
4277,3444,2
2841,1747,1
2841,3006,1
2020,2190,3
124,3298,1
1421,1682,3
1421,1333,3
124,3125,3
124,34,4
124,1179,2
124,1094,1
124,1213,2
124,2912,4
124,531,1
1421,180,2
124,678,3
124,1693,1
124,3078,3
1421,1537,2
2841,1216,3
1421,1840,3
1421,562,3
1421,2762,3
1421,3742,2
1421,1148,2
1421,1673,3
2116,71,2
2911,3155,3
2116,1507,3
2116,61,1
2116,3107,3
2116,57,3
2116,1476,3
2116,1620,1
2116,1682,3
2116,1466,4
2116,2071,2
2116,2634,4
2116,2633,2
2116,3034,2
2359,3129,2
721,3105,4
721,1678,1
721,1704,4
721,3148,2
721,150,1
721,3252,4
721,2166,2
721,36,4
721,1694,3
721,2908,3
721,1730,4
721,2336,1
721,229,2
721,3006,1
721,1873,2
721,2329,2
4656,3798,3
721,527,1
721,2873,3
721,3238,4
721,3324,3
721,3285,2
721,3798,4
721,3824,3
721,3717,2
721,3857,1
721,3784,3
721,3623,4
721,3827,1
721,3948,4
721,3185,3
721,3536,3
721,3540,1
721,2712,2
721,2759,3
721,3355,1
721,2806,2
2114,3107,2
4277,3608,4
4277,897,4
4277,2085,4
4277,874,3
4277,307,3
4277,428,2
4277,2285,2
4277,2660,1
4277,2915,2
4277,950,4
4277,3858,4
4277,3190,1
4277,3182,4
4277,3859,4
4277,2826,3
1982,3409,1
2593,1094,1
4116,3952,4
169,3916,1
1505,2511,2
1505,1050,3
1505,800,4
1505,1238,2
1505,2747,4
1505,2682,4
1505,265,2
1505,25,1
1505,3255,2
1505,1204,4
1505,3152,4
1505,2108,3
1505,1955,4
1505,1446,3
1505,785,1
1505,2366,3
1505,1299,2
1505,480,1
1505,1678,2
1505,1393,2
1505,1131,2
1505,1387,1
1505,3386,2
1505,953,2
1505,2664,3
1505,2115,1
1505,780,4
1505,475,2
1505,1614,3
1505,471,4
1505,3260,4
4823,1952,4
1505,3614,3
1505,3489,4
4823,3751,1
1505,1283,2
1505,2946,3
1505,1224,2
1505,1423,3
1505,1235,2
1505,3088,2
1505,2863,3
1505,3249,3
1505,2926,1
1505,1265,1
1505,3135,3
1505,1380,1
1505,2112,1
1505,1929,3
1505,1247,4
1505,3134,1
1505,3244,4
1505,3448,1
1505,920,1
1505,2150,1
1505,1095,3
1505,1401,1
1505,2716,3
1505,21,1
1505,1362,2
1505,1293,1
1505,3175,4
1505,1575,4
1505,1641,2
1505,901,3
1505,1271,4
1505,1953,4
1505,2757,2
1505,357,1
1505,356,1
1505,237,2
1505,3791,4
1505,2371,2
1505,2372,4
1505,2970,2
1505,2942,3
1505,3201,2
1505,3308,2
1505,3108,3
1505,1079,2
1505,1527,2
1505,2918,3
1505,1302,3
1505,3055,1
1505,1649,1
1505,608,3
1505,3920,2
1505,3210,2
1505,2068,1
1505,3763,3
1505,233,2
1505,2872,4
1505,3812,1
1505,2794,3
1505,3408,3
1505,468,4
1505,1183,3
1505,3653,4
1505,3518,2
1505,1196,1
1505,2370,1
1505,2336,1
1505,2599,3
1505,2313,4
1505,2291,4
1505,3168,4
1505,232,4
1505,235,4
1505,1097,2
1505,231,3
1505,2021,3
1505,1256,4
1505,1962,2
1505,1126,4
1505,750,4
1505,12,4
1505,1176,2
1505,1273,2
1505,3435,4
1505,3052,3
1505,2067,4
1505,1088,2
1505,1264,4
1505,3424,1
1505,3543,2
1505,2616,1
1505,164,3
1505,2369,2
1505,2871,1
1505,3358,4
1505,3679,2
1505,714,3
1505,1246,1
1505,36,1
1505,2932,4
1505,3044,4
1505,440,4
1505,590,3
1505,1094,1
1505,2470,2
1505,2973,2
1505,3145,4
1505,1276,1
1505,1584,2
1505,2925,2
1505,3060,1
1505,39,3
1505,354,1
1505,1206,4
1505,3471,4
1505,2407,2
1505,223,1
1505,432,2
1505,923,1
1505,1172,4
1505,3148,3
1505,1099,1
1505,1252,1
1505,2804,2
1505,1639,3
1505,3751,3
1505,911,4
1505,1957,2
1505,863,2
1505,912,4
1505,3167,3
1505,1596,2
1505,157,4
1505,3545,1
1505,1304,4
1505,213,2
1505,1883,4
1505,348,1
1505,3361,1
1505,2866,4
1505,1916,2
1505,2677,3
1505,2981,1
1505,3700,1
1505,2243,3
1505,1354,2
1505,3359,4
1505,3811,3
1505,1199,3
1505,615,2
1505,110,1
1505,902,4
1505,2770,2
1505,3371,4
1505,1084,3
1505,1673,4
1505,3130,4
1505,2917,3
1505,2076,4
1505,3788,4
1505,3683,3
1505,2259,1
1505,541,4
1505,3671,2
1505,2710,3
1505,1732,1
1505,2352,3
1505,3089,1
1505,2797,3
1505,155,2
1505,1939,2
1505,1292,1
1505,2997,1
1505,2174,2
1505,3742,2
1505,3593,2
1505,3929,4
1505,1078,4
1505,2012,2
1505,1270,4
1505,2011,2
1505,34,3
1505,2130,1
1505,1784,4
1505,3524,3
1505,1269,1
1505,2699,4
1505,82,1
1505,2294,3
1505,1208,2
1505,1230,4
1505,3421,4
1505,85,1
1505,2788,3
1505,1499,2
1505,11,4
1505,1225,4
1505,2858,4
1505,3897,4
1505,1927,4
1505,926,2
1505,2971,4
1505,1214,3
1505,1200,3
1505,2791,2
1505,1608,3
1505,3070,4
1505,2124,4
1505,924,3
1505,1203,1
1505,2504,1
1505,2072,1
4169,606,1
4169,460,3
4169,2444,2
4169,184,1
4169,3051,2
4169,1385,2
4169,3115,4
4169,3555,4
5636,1207,1
5636,1204,1
1748,2312,3
1556,926,4
3441,1073,4
3441,47,2
3441,3597,1
3441,3556,1
2593,318,4
2593,2571,3
36,1911,2
36,3408,2
3512,760,2
3224,3328,3
3224,943,2
3224,2318,1
3224,2324,4
3224,232,3
3224,3221,4
3224,3089,3
4802,3578,3
1995,3784,4
1995,2421,4
1995,2422,1
1995,2420,4
3483,3898,2
3483,3879,4
3483,2707,3
3483,2320,1
3483,410,2
1980,3301,4
1980,2725,3
1980,2692,4
1733,1923,1
1733,231,3
1611,1985,4
1611,1982,3
1611,1986,2
1611,1984,3
1611,891,3
1611,2107,2
1611,1983,4
1611,1971,1
1611,551,1
1611,1972,2
1611,1970,1
1611,1969,2
1611,1973,3
1611,1246,3
1611,2465,1
1611,3203,4
1611,2976,1
1611,2169,1
1611,2392,2
1611,3896,2
1611,3316,2
5333,3623,1
4116,3906,1
3430,1893,1
1165,3624,1
1383,3357,4
1383,3952,4
1383,2959,4
1383,3598,1
1383,2155,2
1383,746,4
1383,3006,1
1425,1372,3
1425,3623,3
1425,1376,1
1425,2115,4
5413,3181,4
1425,2043,1
1425,2015,4
1425,2054,1
1425,1010,4
1425,1017,2
1425,1031,2
1425,2746,2
1425,3301,1
1425,592,3
1425,1030,4
1425,3759,3
1425,2090,1
1425,2085,4
1425,1025,1
1425,3034,2
1425,1023,4
1425,596,4
1425,2137,2
1425,2018,2
1425,656,1
1425,2598,2
1425,275,2
1425,1569,4
5734,3548,3
5450,1235,2
1449,2439,4
1252,1859,4
1252,2237,2
531,3824,1
531,3239,2
531,3325,4
531,3326,1
531,3225,2
531,3784,1
531,3555,3
531,3952,1
531,3893,3
531,3617,2
531,3301,1
531,3535,3
531,3481,2
531,3536,2
531,3897,1
1218,3179,3
5948,3594,4
5948,2861,2
1733,2890,2
1733,2640,4
3512,2009,3
3512,2833,4
3512,2442,2
5413,1206,1
5413,3471,1
5413,266,2
5413,590,4
5413,3037,4
5413,1267,4
5413,922,4
5413,1252,2
5413,3751,4
5413,2908,2
5413,3741,4
5413,3896,3
1457,1573,4
1457,144,2
1457,3524,2
1457,105,3
1457,2231,2
1457,3070,2
1457,2161,4
1457,1019,4
1457,3793,4
1457,597,3
1457,2140,1
1457,2706,4
1457,592,4
1457,2427,2
1457,3261,3
1457,2100,4
1457,1965,3
1457,3129,4
1457,1414,2
1457,3426,2
1457,2539,1
1457,493,3
1457,3145,3
1457,2734,2
1457,16,1
1457,2109,1
1457,194,2
1457,539,1
1457,2455,2
1457,3555,1
1457,1729,3
1457,1589,4
1457,1351,2
1457,475,2
1457,2952,1
1457,3256,2
1457,2518,1
1457,1059,4
1457,1672,4
1457,3763,3
1457,1054,1
1457,281,3
1457,628,1
1457,1179,4
1457,52,2
1457,2736,3
1457,3684,1
1457,2433,4
1457,3677,4
1457,3608,4
1457,2114,2
1457,1873,1
1457,3308,3
1457,1306,3
1457,3255,4
1457,866,1
1457,3702,1
1457,3052,2
1457,708,3
1457,161,3
1457,3386,1
1457,2078,1
1457,222,4
1457,3105,2
1457,2112,2
1457,3100,2
1457,1210,4
1457,3104,4
1457,1693,3
1457,1374,4
1457,3189,2
1457,555,1
1457,1094,3
1457,2312,3
1457,3396,2
1457,3039,3
1457,1183,3
1457,2144,2
1457,3448,1
1457,3408,4
1457,58,3
1457,805,1
1457,1883,1
1457,3552,3
1457,1060,2
1457,3071,1
1457,509,1
1457,588,4
1457,1957,3
1457,3685,2
1457,3598,1
1457,535,4
1457,508,2
1457,1962,3
1457,3210,1
1457,1073,1
1457,104,2
1457,364,1
1457,2064,1
1457,1407,2
1457,1127,3
1457,1834,3
1457,2395,4
1457,1635,2
1457,1344,3
1457,3418,4
1457,1466,3
1457,2174,4
1457,1347,3
1457,2000,3
1457,110,4
1457,663,1
1457,3481,2
1457,2212,4
1457,1246,1
1457,1220,1
1457,2302,3
1457,2150,2
1457,2268,3
1457,1035,4
1457,428,2
1457,94,3
1457,1302,1
1457,2137,1
1457,3499,1
1457,2391,1
1457,838,1
1457,2291,3
1457,2194,4
1457,381,3
1457,1085,3
1457,1625,4
1457,3147,2
1457,1610,1
1457,2313,4
1457,1653,1
1457,1968,2
1457,293,3
1457,2750,4
1457,1200,4
1457,2243,4
1457,3060,2
1457,2080,4
1457,1954,1
1457,3421,1
1457,457,2
1457,553,2
1457,1131,1
1457,483,1
1457,3505,3
1457,3098,2
1457,2102,1
1457,3361,2
1457,3703,4
1457,3723,3
1457,3671,4
1457,589,2
1457,3471,2
1457,1272,2
1457,1099,1
1457,1282,4
1457,1278,4
1457,595,1
1457,2883,1
1457,2352,4
1457,1333,1
1457,3168,3
1457,3871,2
1457,1393,1
1457,3360,2
1457,3148,4
1457,314,1
1457,1704,4
1457,162,1
1457,1259,2
1457,1245,3
1457,3072,1
1457,2959,2
1457,1291,2
1457,2908,2
1457,994,4
1457,924,3
1457,969,3
1457,1240,3
1457,1649,4
1457,2762,2
1457,1147,1
1457,150,4
1457,1394,1
1457,1358,1
1457,3088,1
1457,1064,3
1457,1228,2
1457,3152,4
1457,1136,3
1457,1189,1
1457,1089,4
1457,1095,2
1457,1203,1
1457,3424,4
1457,1214,2
1457,318,4
1457,903,4
1457,1084,1
1457,3467,3
1457,1631,4
1457,3526,1
1457,50,3
1457,1023,3
1457,593,2
1457,1231,1
1457,1952,3
1457,1294,1
1457,1617,4
1457,260,1
1457,904,3
1457,1225,1
1457,3543,2
1457,899,1
1457,1250,4
1457,1207,1
1457,3649,4
1457,639,3
259,2571,2
259,3408,2
259,926,2
259,1883,2
5050,3299,3
5050,3285,3
5050,3785,2
5050,3326,2
5050,3287,1
5050,3753,2
5050,3301,3
5050,3512,4
5050,3751,4
5050,3408,2
5050,3189,3
5050,3536,2
5050,3897,3
5050,3148,4
2841,1428,2
1733,2161,2
1733,1210,4
1733,1198,4
2841,1845,2
1733,2995,3
1733,1756,3
1733,3572,3
1733,2448,3
1733,2107,3
1733,2389,1
1733,1655,1
1733,3709,3
1733,2514,3
1733,1771,4
1733,2461,4
1733,3838,2
1733,2606,1
1733,1350,1
1733,1388,4
1733,3024,1
1733,1283,1
1733,1625,2
1733,3728,2
1733,2186,4
1733,965,4
4241,1997,3
4241,2987,3
4241,2070,1
4241,3157,3
4241,3185,2
4241,2762,3
4241,3483,2
4241,2724,4
4241,1513,3
4241,2670,2
4241,2013,1
4241,2906,1
4241,2394,1
4241,3606,3
4241,3219,4
4241,1959,2
4241,2723,4
4241,2734,2
4241,3354,3
4241,2720,1
4241,2761,1
4241,2716,2
4241,3578,3
4241,2688,1
4241,2881,2
4241,1911,4
4241,2369,1
4241,2147,2
4241,2355,3
4241,2710,4
4241,3516,1
4241,2707,4
4241,1127,3
4241,3754,1
3518,1397,3
3518,3554,3
3518,3874,3
3519,3554,1
3519,3874,2
3519,1397,2
351,3717,2
351,3861,1
351,3578,1
2019,3578,3
2019,3863,1
2019,3751,1
2019,3155,4
5734,2059,4
2749,3753,2
2749,3643,3
2749,3448,3
2749,1210,2
2749,3062,1
2749,3035,3
2749,1183,4
2749,946,1
2749,1094,2
2749,1262,2
2749,969,1
2749,1272,2
2749,3654,4
2749,527,1
2749,920,4
2749,1960,4
2749,1204,2
2749,1294,2
2749,912,2
2749,1256,4
2749,1270,4
2749,1089,1
2749,1213,4
392,3392,1
392,3120,3
2749,50,1
2749,1617,2
5620,1704,1
392,1005,4
2749,858,1
2749,1221,3
2749,296,2
392,818,2
392,520,1
2749,3618,1
392,435,3
2749,3751,4
2749,3578,4
392,2027,3
392,2372,4
392,2796,3
392,216,2
392,1243,1
392,2109,1
392,3869,3
392,3108,3
392,700,3
392,2736,2
392,1777,4
392,357,2
392,3608,2
392,1265,1
392,449,2
392,3039,2
392,2915,2
392,3451,4
392,3421,4
392,1079,2
392,1148,2
3704,265,4
392,2580,4
392,44,1
4933,3010,1
4831,3186,1
4831,3408,4
4831,3751,3
1611,1498,2
462,3510,4
462,1584,3
462,1772,3
4875,2284,4
195,255,3
195,870,2
195,784,4
1733,3882,4
195,3254,3
195,813,2
195,2418,1
2129,3909,3
2129,3513,3
2129,3882,4
2129,3618,1
2129,3289,4
2129,3357,2
2129,3783,4
2129,3949,4
2129,3538,3
2129,3851,3
2129,3481,2
2129,3328,2
2129,1612,3
2129,3537,3
2129,490,4
2129,207,1
2129,1190,2
2129,1441,2
2129,3270,1
2129,2312,2
2129,1282,3
2129,47,3
2129,3429,2
195,2879,1
2129,2655,4
2129,1389,1
2129,1341,1
2129,1323,3
2129,1998,3
2129,1756,4
2129,1862,2
2129,1996,4
2129,2548,4
2129,1992,2
2129,2107,3
2129,3572,4
2129,2163,2
2129,2338,1
2129,1336,3
2129,2389,1
2129,1971,1
2129,2113,2
2129,1969,3
2129,2122,3
2129,2902,1
2129,3709,2
2129,2514,1
2129,3017,3
2129,742,3
2129,1388,2
2129,2790,2
2129,2668,3
2129,879,4
2129,2456,1
2129,1995,4
2129,2787,4
2129,1655,3
2129,2279,2
2129,2120,1
2129,70,1
2129,2617,4
2129,1644,4
2129,724,4
2129,1970,3
2129,1320,2
2129,2121,4
2129,2367,1
2129,3550,2
2129,2148,3
2129,2004,4
2129,3264,4
2129,2789,1
2129,2717,3
2129,1983,3
2129,3708,1
2129,426,1
2129,2898,4
2129,196,2
2129,2517,2
2129,532,2
2129,188,2
2129,2513,3
2129,2256,1
2129,2613,3
2129,1717,3
2129,2746,4
2129,1690,4
2129,735,3
2129,1342,3
2129,382,4
2129,3917,2
2129,1346,2
2129,2377,1
2129,610,4
2129,1339,2
2129,3476,3
2129,1130,4
2129,2003,4
2129,1645,1
2129,253,2
2129,2867,2
2129,2455,1
2129,2118,2
2129,2657,2
2129,1333,4
2129,2454,2
2129,1347,1
2129,1321,1
2129,1345,2
2129,3018,4
2129,3499,2
2129,1994,1
2129,1407,1
2129,1278,1
2129,1997,3
2129,1219,1
2129,1982,2
2129,1258,3
2129,353,2
2129,368,3
2129,380,1
2129,1375,1
2129,1101,1
2129,2353,4
2129,288,4
2129,2414,4
2129,1047,4
2129,1573,4
2129,3256,1
2129,3576,2
2129,21,2
2129,2194,4
2129,1370,4
2129,1356,3
2129,2641,4
2129,2872,2
2129,163,4
2129,2640,3
2129,2193,2
2129,3702,2
2129,480,3
2129,198,2
2129,1676,3
2129,2001,3
2129,1277,2
2129,2406,3
2129,349,4
2129,2115,3
2129,2529,3
2129,3527,4
2129,3178,3
2129,377,2
2129,3267,3
2129,2985,4
2129,3763,4
2129,6,4
2129,3418,3
2129,474,3
2129,1408,4
2129,1275,2
2129,2532,3
2129,2000,2
2129,2288,4
2129,592,2
2129,1912,4
2129,2916,3
2129,1215,3
2129,1264,2
2129,1376,3
2129,1374,4
2129,1242,3
2129,2912,1
2129,1610,2
2129,3703,2
2129,1291,3
2129,2028,2
2129,110,2
2129,1210,2
2129,3104,3
2129,555,4
2129,457,4
2129,1387,2
2129,3000,3
2129,1197,2
2129,1240,4
2129,589,4
2129,1036,1
2129,1233,1
2129,1200,1
2129,1214,1
2129,1196,4
2129,260,3
2129,318,2
2129,1131,1
2129,953,4
195,3253,1
2129,1406,4
2129,2106,1
2129,2091,1
2129,68,1
2129,1428,3
2129,2721,1
2129,3951,4
2129,1259,2
2129,3081,1
2129,314,1
2129,3483,1
2129,3512,3
2129,2686,3
2129,3861,3
2129,2598,1
2129,2900,4
2129,3160,2
2129,2310,2
2129,3623,4
2129,3948,4
2129,3784,4
2129,1359,1
2129,1299,3
2129,3826,4
2129,3299,4
2129,3238,2
2129,2757,3
2129,2428,1
2129,2546,1
2129,3615,3
2129,3952,1
2129,2908,4
2129,2683,2
2129,2699,1
2129,2188,1
2129,3534,2
195,1965,1
319,3784,2
319,3717,2
319,3534,1
319,3189,4
319,3798,4
319,3753,1
319,3512,4
319,3831,4
319,3408,3
5734,2599,4
5734,2395,1
5734,1961,2
5734,2194,3
5734,41,4
5734,2716,1
5734,3104,4
5734,2336,4
5734,1968,1
5734,1285,3
5734,910,3
5734,3868,1
5734,36,3
5734,1214,4
5734,2918,2
5734,1258,3
5734,2912,1
5734,3911,4
5734,3916,3
5734,2997,2
5734,903,1
5734,1196,2
5734,1304,2
5734,1,1
5734,1235,4
5734,750,3
5734,2324,3
5734,296,2
5734,50,2
5734,3752,3
5734,3753,2
5734,3897,1
749,3534,4
1611,3409,4
2063,3825,2
2063,3824,2
2063,3857,4
3916,3863,4
3916,3751,1
3916,3000,2
3916,47,1
150,2932,3
150,1252,2
3833,1304,2
3620,3882,2
2097,3865,4
4593,3578,4
3832,3793,1
3832,1997,2
3832,3751,2
3832,3825,2
3832,3354,3
3832,3717,1
3832,3744,3
3832,3786,1
3832,3896,1
3832,3893,1
3832,3535,3
3832,3536,3
3832,3578,2
3832,3515,3
3832,3556,3
3832,3328,3
3832,3510,2
3832,3481,1
3832,3747,3
3832,3408,4
4118,2144,2
4118,364,2
4118,2968,2
4118,1663,1
4118,1994,1
4118,1961,3
4118,2194,1
4118,3018,2
4118,2085,2
4118,3507,3
4118,2024,3
4118,2291,4
4118,551,2
4118,662,2
4118,3499,2
4118,2890,1
4118,2797,3
4118,2463,2
4118,2138,2
4118,3552,2
4118,2137,3
4118,1032,4
4118,16,1
4118,3396,1
4118,1968,1
4118,1301,1
4118,1956,3
4118,2089,2
4118,2947,4
4118,2313,1
4118,1291,3
4118,1288,1
4118,2987,3
4118,32,1
4118,3198,3
4118,2065,3
4118,1012,1
4118,1059,3
4118,3871,1
4118,25,2
4118,2918,1
4118,1253,3
4118,2243,4
4118,3703,1
4118,1333,4
4118,1200,3
4118,2971,4
4118,1954,1
4118,3104,4
4118,588,3
4118,2915,3
4118,3699,3
4118,3210,4
4118,1957,2
4118,1097,1
4118,1099,3
4118,2087,2
4118,3681,4
4118,2948,4
4118,3418,1
4118,2951,3
4118,2018,3
4118,1258,4
4118,162,2
4118,1188,2
4118,1927,2
4118,150,4
4118,709,3
4118,2287,3
4118,2395,1
4118,828,2
4118,1222,4
4118,457,4
4118,594,1
4118,2716,3
4118,1079,2
4118,1206,3
4118,1231,2
4118,913,2
4118,1148,2
4118,899,2
4118,1294,2
4118,908,3
4118,1178,4
4118,1260,2
3423,3536,1
4118,3159,4
4118,3793,4
5277,2406,2
5277,1101,3
5277,3685,2
5277,3699,1
5277,2248,2
5277,3441,2
5277,3448,2
5277,1289,3
5277,3142,1
5277,1298,2
5277,1088,4
5277,2941,3
5277,2857,1
5277,2971,3
5277,1035,2
5277,1951,2
5277,1994,2
5277,2716,2
5277,1350,4
5277,2160,1
5277,3499,2
5277,2115,1
5277,3649,2
5277,2641,2
5277,3033,3
5277,2529,1
5277,1253,4
5277,610,4
5277,2664,2
2060,3882,1
2060,3879,4
5333,3793,4
5277,1640,3
5277,122,2
5277,2352,1
5277,100,3
5277,3457,2
3219,3203,1
5277,673,3
5277,661,2
5277,48,3
5277,783,4
5277,588,4
5277,364,4
5277,720,3
5277,736,4
5277,107,2
5277,3175,3
5277,3420,4
5277,30,1
1113,2303,3
86,3147,1
86,54,1
86,3005,1
329,2022,2
4682,1827,3
4682,1855,4
1733,1246,4
1733,1233,2
2896,3861,4
2896,3825,3
4489,144,1
4489,231,4
4489,1614,4
4489,1020,1
4489,1405,2
4489,587,1
4489,368,1
4489,2539,2
4489,180,3
4489,141,1
4489,1895,2
4489,380,3
4489,585,1
4489,2502,3
4489,1777,4
4489,2889,4
4489,3255,3
4489,2879,3
4489,3046,3
4489,543,4
4489,356,2
4489,2302,2
4489,2359,4
4489,11,4
4489,3358,2
4489,357,2
4489,1171,2
4489,1517,3
4489,1883,1
4489,799,3
4489,2108,1
4489,104,2
4489,1914,1
4489,3108,3
4489,588,2
4489,3060,2
4489,39,1
4489,3253,3
4489,1784,1
4489,1885,4
4489,2355,4
4489,235,4
4489,3298,3
264,1676,3
2451,3798,2
1449,3752,1
5543,2485,3
5874,996,2
4386,3617,1
1556,2125,3
595,3831,4
3312,3301,2
3312,3616,4
3312,3721,4
235,2920,4
235,3929,1
235,920,2
5277,1097,4
1546,1911,1
1546,524,3
1546,2524,2
1546,475,2
5831,3831,4
2071,418,1
2071,3230,4
3457,3717,2
4950,1089,4
4950,180,1
4950,911,3
4950,1059,2
4950,1730,2
4950,3925,2
4950,2329,4
4950,2813,2
4950,1295,2
4950,1082,1
4950,648,4
4950,3623,2
4950,3510,4
4950,3267,4
4950,3578,3
4950,3536,2
4950,3755,2
4950,837,4
4950,3155,2
4950,3481,3
4950,2975,3
4950,3571,4
4950,2883,1
4950,2611,1
4950,1281,4
4950,3858,3
4950,1224,4
4950,3566,1
4950,1834,4
4950,538,1
4950,1303,3
1284,3860,2
1284,3752,1
1425,261,4
1425,249,4
1425,308,1
1317,922,1
3971,3534,1
3971,1242,1
2380,3826,2
3693,1459,2
3693,3730,4
1579,2857,1
3410,2147,1
3410,3198,1
3410,2287,3
1579,2236,4
3410,1676,4
3624,1693,4
3624,3787,4
420,1282,3
420,1073,2
420,3396,1
420,1,2
420,2384,3
420,919,1
420,3751,3
420,34,2
1449,3556,3
1449,2976,1
195,1260,2
1105,3326,1
4386,3010,1
4386,1666,2
1748,71,2
1748,490,4
1748,2006,3
1701,3358,1
1701,1277,3
1701,1925,3
1701,1959,2
1701,497,1
1701,838,2
1701,2243,2
1701,2872,1
1701,1183,4
1701,555,2
1701,3044,3
1701,249,2
1701,377,2
1701,25,2
1701,1946,4
1701,1296,2
1701,2080,2
1701,914,3
1701,58,2
1701,1188,1
1701,357,4
1701,920,4
1701,1393,1
1701,1265,2
1701,2692,4
1701,1912,1
1701,265,3
1701,1947,2
1701,1307,3
1701,39,3
1701,3117,4
1701,17,2
1701,1944,2
1701,969,2
1701,898,3
1701,2248,1
1701,2396,2
1701,945,3
1701,1230,3
1701,900,2
1701,912,1
1701,899,4
1701,303,2
1701,487,3
1701,2478,2
1701,432,3
1701,2012,3
1701,383,3
1701,2401,2
1701,553,1
1701,368,1
1701,1201,3
1701,1928,2
1701,3671,1
1701,590,2
1701,1266,2
1701,714,2
1701,3593,4
1701,3824,2
1701,3864,2
1701,3863,4
1701,3556,2
953,47,3
5333,3897,2
1716,2908,3
1716,3555,3
1716,3744,2
3562,3882,3
1551,1827,4
2119,3882,3
3562,2724,2
5424,1276,2
3768,1190,3
3768,1282,2
3768,3785,4
3768,3617,3
3768,3879,2
3768,3177,1
3768,3882,4
4039,3744,2
4039,3755,3
3089,1625,2
3089,1094,4
791,1009,2
791,2021,2
791,2087,2
1597,2527,1
1142,3556,4
4638,3911,1
2106,187,2
2195,3593,2
5331,2858,1
5331,3159,2
19,1431,2
19,3889,3
19,405,1
19,1275,2
149,3906,3
198,2723,1
169,1827,4
169,2106,3
169,3825,1
1748,3753,1
5333,3909,1
1776,3263,2
1776,3668,2
1776,3752,2
1776,2822,1
1776,2338,4
1776,1644,1
1776,3,3
1776,2329,3
1776,3510,1
4785,1073,4
2904,3185,1
195,1175,3
1551,2599,2
1449,1278,1
19,223,4
19,3421,2
19,3948,3
3219,3649,3
3219,168,1
3219,2953,1
3219,1441,1
3219,3646,2
3219,3755,4
3219,3483,2
3219,3578,2
3219,3785,2
3219,785,1
3219,3566,2
3219,3512,1
3219,3717,1
1980,3949,1
2041,2968,2
2041,1961,4
329,2314,2
3685,1198,2
3685,3108,1
3685,2028,3
3685,2416,3
3685,2492,1
3685,3298,1
3685,3896,3
3685,3300,3
3685,3301,4
3685,3328,1
3685,3785,1
3685,3879,3
3685,3863,2
3685,3617,3
3685,3578,3
2642,3593,1
2642,3717,3
2642,3826,4
2642,3755,1
2642,3617,3
2642,3863,1
2642,3578,3
2642,1997,2
2642,3793,4
1447,3513,4
5172,3578,3
5172,3744,3
1447,3300,2
5172,3618,2
2106,1103,3
2980,2968,4
2980,2872,3
2980,2312,3
2980,1295,3
2980,1124,3
2980,1960,1
2980,1376,4
2980,2716,3
2980,3104,4
2980,1674,2
2980,1296,3
2980,3361,2
2980,2791,4
2980,1132,2
2980,1036,4
2980,2797,2
2980,2352,4
2980,2313,3
2980,2069,3
2980,2064,3
2980,1079,1
2980,1293,3
2980,1258,3
2980,1240,3
2980,1246,4
2980,1222,2
2980,1185,3
2980,1200,4
2980,1957,4
2980,2020,4
2980,2929,4
2980,1097,3
2980,1217,4
2980,1090,2
2980,1270,4
2980,1231,2
2980,1228,3
2980,1198,2
2980,1131,4
2980,2972,3
2980,1307,4
2980,1225,1
2980,1172,1
2980,2973,2
2980,1925,2
2980,2010,2
2980,1610,2
2980,1747,2
2980,265,3
2980,590,2
2980,307,2
2980,199,3
2980,32,4
2980,2302,2
2980,715,2
2980,1693,3
2980,2501,4
2980,1498,4
2980,1584,3
2980,2291,3
2980,162,2
2980,1357,2
2980,1187,3
2980,1411,1
2980,1,3
2980,337,3
2980,2686,4
2980,308,4
2980,314,2
2980,457,1
2980,1147,2
2980,1446,3
2980,720,2
2980,1265,3
2980,1704,4
2980,334,4
2980,2997,2
2980,2028,1
2980,1277,3
2980,608,4
2980,296,3
2980,150,2
2980,1233,4
2980,1095,2
2980,318,3
2980,1695,2
2980,2197,3
2980,527,4
2980,36,1
2980,3799,4
2980,3864,1
2980,3744,1
2980,3787,2
2980,3755,2
2980,1997,2
2980,3793,2
2980,3578,3
2980,356,1
2980,2533,1
2980,1617,4
2980,593,4
2980,1343,3
2980,1230,3
208,3506,2
208,3826,2
3224,2932,4
3224,1292,1
4005,3825,3
4005,2894,1
4005,3744,3
4005,3147,3
1733,3893,1
403,3863,3
198,3916,4
198,2126,2
5557,3793,1
5557,1282,4
3512,3186,2
1776,1625,1
1776,3793,3
1776,3863,3
1776,587,3
1776,2716,4
1776,1271,2
1776,356,1
1776,1580,4
1776,39,4
1776,2710,1
1776,2763,3
1776,3578,2
3224,341,3
2272,3593,3
2272,3821,2
2272,3755,3
2272,3007,1
2272,3863,4
2272,3946,4
2041,2739,4
2041,2872,4
2041,2716,3
2041,1956,3
2041,2077,2
2041,1246,4
2041,1097,1
2041,1674,1
2041,1090,4
2041,1302,3
2041,1270,2
2041,1291,4
2041,1036,2
2041,1196,2
2041,1293,4
2041,1231,4
2041,1394,1
2041,2248,3
2041,1224,3
2041,1198,2
2041,1242,2
2041,1225,4
2041,541,3
2041,2095,4
2041,1371,1
2041,2409,4
2041,1380,1
2041,2177,2
2041,3040,4
2041,616,3
2041,2090,4
2041,2640,3
2041,1982,2
2041,3194,4
2041,1955,1
2041,2137,3
2041,2138,2
2041,1954,1
2041,3034,1
2041,3471,1
2041,1208,4
2041,3551,2
2041,1214,4
2041,1387,4
2041,1221,3
2041,858,2
2041,1010,4
2041,2181,4
2041,2870,1
2041,1013,1
2041,1025,2
2041,3461,1
2041,2085,1
2041,3668,3
2041,1017,4
2041,2078,2
2041,1333,3
2041,3028,2
2041,1084,3
2041,1947,4
2041,914,2
2041,3451,4
2041,1247,1
2041,902,3
2041,924,2
2041,3011,1
2041,1207,3
2041,911,1
2041,1016,3
2041,2941,2
2041,1334,3
2041,2087,3
2041,2096,1
2041,1022,4
2041,2183,2
2041,915,2
2041,932,2
2041,1253,4
2041,2565,3
2041,937,2
2041,969,3
2041,899,2
2041,1086,4
2041,1203,4
2041,926,1
2041,1104,1
2041,2186,3
2041,903,4
2041,904,3
2041,2018,2
2041,2202,4
2041,931,4
2041,1029,3
2041,2398,1
2041,942,2
2041,2176,4
2041,1935,3
2041,1936,4
2041,912,3
2041,3435,4
2041,923,1
2041,953,2
2041,930,2
2041,906,1
2041,928,3
2041,3334,2
2041,2644,3
2041,594,4
2041,920,1
2041,955,4
2041,965,1
2041,919,1
2041,950,2
2041,954,3
2041,1926,2
2041,3270,2
2041,3755,4
2041,3730,1
192,3160,1
5594,3902,3
5594,3556,4
5594,3755,3
2116,2799,1
2116,2007,3
2116,437,3
2116,1468,3
2116,65,4
2116,1760,2
2116,833,3
2116,762,4
2116,1884,3
2116,174,4
2116,818,3
2116,1453,3
2116,2798,2
2116,1837,4
2116,419,2
2116,1772,2
2116,1855,1
2116,487,1
2116,1359,4
2116,1526,1
2116,867,4
2116,1707,1
2116,1839,3
2116,325,4
2116,3180,4
2116,203,3
2116,1490,4
2116,438,2
2116,1474,1
2116,870,1
2116,2036,4
2116,19,1
2116,765,3
2116,102,2
2116,2953,4
2116,360,4
2116,88,4
2116,1167,2
2116,3248,1
2116,1857,1
2116,54,2
2116,743,2
2116,2306,2
2116,1866,1
2116,2509,3
2116,267,3
2116,2724,4
2116,2586,3
2116,1410,3
2116,370,3
2116,881,1
2116,1460,3
2116,1588,3
2116,532,1
2116,1614,1
2116,830,3
2116,2296,4
2116,1665,3
2116,3258,3
2116,453,1
2116,2558,2
2116,2860,1
2116,2500,2
2116,3263,4
2116,1020,4
2116,1918,3
2116,2060,2
2116,3004,2
2116,2978,3
2116,1753,4
2116,2169,2
2116,1806,3
2116,2879,1
2116,3247,4
2116,2195,1
2116,1042,2
2116,569,4
2116,1883,3
2116,250,1
2116,180,1
2116,1612,3
2116,1425,3
2116,700,3
2116,2836,2
2116,2321,4
2116,1854,4
2116,3754,2
2116,3784,4
2116,3597,4
4277,1546,4
749,3826,3
749,3717,1
1347,337,3
1347,628,1
1347,1392,1
1347,450,1
1347,1584,3
1347,1660,1
1347,1573,4
1347,377,2
1347,1719,3
1347,25,3
1347,1721,4
1347,1393,2
1347,1747,1
1347,110,4
1347,47,2
1347,3174,1
1347,1922,2
1347,356,2
1347,36,4
1347,595,3
1347,3148,4
1347,2890,1
1347,778,2
1347,150,3
1347,3006,4
1347,1704,3
1347,3147,2
1347,32,3
1347,1653,2
1347,1912,3
1347,1873,4
1347,1148,4
1347,2396,4
1347,2571,1
1347,2329,2
1347,720,4
1347,296,4
1347,1223,2
1347,2692,4
1347,2028,1
1347,1617,2
1347,527,4
1347,593,2
1347,1454,2
1347,3593,3
1347,3616,1
1347,3785,3
1347,3824,4
1347,3826,1
1347,3861,4
1347,3744,1
1347,3717,2
1347,3790,1
1347,3618,2
1347,3831,3
1347,3755,1
1347,3556,4
1347,3821,1
1347,3751,3
4116,3366,2
4116,3029,4
4116,3649,1
4116,3536,3
4418,3618,4
4418,3793,2
4418,3751,4
4418,950,2
4418,913,2
4418,1204,4
4418,2351,3
4418,904,4
4418,3473,3
4418,2927,3
4418,3030,4
4418,947,1
4418,3365,3
4418,3304,1
3363,371,1
3363,1777,3
3363,588,2
3363,2359,2
3363,261,2
3363,2883,1
3363,1498,3
3363,232,4
3363,2333,4
3363,337,3
3363,3148,2
3363,3105,3
3363,2336,1
3363,515,1
3363,529,1
3363,531,4
3363,1704,3
3363,2501,2
3363,1584,2
3363,351,2
3363,3100,1
3363,412,2
3363,3418,3
3363,593,4
3363,3260,2
3363,3147,1
3363,608,4
3363,150,4
3363,36,3
3363,527,2
3363,3882,3
3363,3820,3
3363,3287,3
3363,3189,3
3363,3948,1
3363,3753,4
3363,3185,2
5205,1299,3
4823,3201,3
1142,3597,1
5428,3879,4
5428,3826,1
5428,3863,2
5428,3755,4
5428,3717,2
5428,3751,1
5428,247,2
5428,1213,1
5428,2686,4
3691,1092,3
3829,1179,3
3829,3717,4
3829,3900,1
3829,3787,4
3829,3617,4
3829,3618,2
195,2643,2
195,1357,3
3219,2694,1
3219,216,1
3219,1208,3
3219,3176,1
195,3478,1
5938,2864,1
157,2361,4
157,1234,3
157,1162,2
791,1010,3
791,362,4
791,1587,1
791,1031,4
791,2470,2
791,2133,1
791,2099,2
791,1019,2
791,1017,1
5972,1635,1
1105,3706,3
5972,3515,4
4682,3615,2
4682,3580,2
648,1272,2
1242,2578,3
1218,2571,1
1218,401,2
1019,610,3
1019,2495,1
1019,3725,2
1019,2085,2
1019,34,4
3940,2424,3
3940,3326,4
3641,3624,3
3641,318,3
1137,848,1
1137,2112,4
1137,3108,3
1137,1414,1
1137,2245,2
1137,1356,4
1137,357,2
1137,2194,1
1137,3301,2
1137,1284,3
1137,2313,2
1137,3252,2
1137,2140,2
1137,3055,2
1137,500,4
1137,1366,3
1137,3255,3
1137,1648,3
1137,151,1
1137,2161,1
1137,2144,3
1137,3361,2
1137,2263,3
1137,1954,3
1137,931,4
1137,2118,2
1137,74,4
1137,531,1
1137,1701,4
1137,661,3
1137,1345,2
1137,2001,2
1137,1485,2
1137,2311,1
1137,2420,2
1137,3189,3
1137,2291,3
1137,909,4
1137,2917,1
1137,3699,2
1137,2083,2
1137,2065,3
1137,933,4
1137,1186,1
1137,597,1
1137,3006,4
1137,556,3
1137,2384,2
1137,1380,2
1137,300,1
1137,2476,4
1137,2583,3
1137,492,4
1137,2085,1
1137,2819,1
1137,307,1
1137,2096,1
1137,1060,4
1137,3039,1
1137,1635,2
1137,1179,4
1137,1660,2
1137,1625,1
1137,6,1
1137,349,2
1137,1584,2
1137,2352,1
1137,2565,4
1137,3211,4
1137,2915,3
1137,1964,4
1137,1784,4
1137,2268,3
1137,898,1
1137,2078,3
1137,3008,2
1137,377,3
1137,342,4
1137,1394,3
1137,3386,3
1137,3527,4
1137,1265,4
1137,1921,1
1137,2064,3
1137,1912,4
1137,3098,2
1137,431,1
1137,1411,2
1137,3072,4
1137,3418,4
1137,1199,2
1137,1834,1
1137,2087,4
1137,1393,2
1137,944,1
1137,3253,4
1137,39,3
1137,515,1
1137,1271,4
1137,2137,3
1137,3251,3
1137,2000,3
1137,2314,2
1137,3181,3
1137,562,2
1137,529,2
1137,2209,1
1137,25,3
1137,906,3
1137,3267,3
1137,3194,3
1137,2729,4
1137,348,3
1137,1246,4
1137,161,1
1137,3178,1
1137,32,4
1137,1302,1
1137,1350,3
1137,1719,4
1137,474,2
1137,1344,1
1137,2863,2
1137,2885,1
1137,3505,1
1137,182,2
1137,235,4
1137,322,2
1137,1950,3
1137,373,4
1137,2288,2
1137,2359,1
1137,800,3
1137,2174,2
1137,3128,4
1137,3724,2
1137,425,4
1137,247,1
1137,2005,2
1137,2115,3
1137,3105,1
1137,2250,4
1137,866,2
1137,1407,4
1137,337,3
1137,1982,2
1137,1294,3
1137,1029,1
1137,306,1
1137,954,4
1137,262,3
1137,914,4
1137,3163,2
1137,497,4
1137,1185,2
1137,2728,2
1137,2321,1
1137,1097,4
1137,3260,4
1137,1012,1
1137,1674,1
1137,590,3
1137,1994,1
1137,3397,1
1137,3210,3
1137,592,1
1137,2682,2
1137,2916,3
1137,1939,2
1137,1035,4
1137,594,2
1137,1963,1
1137,2132,1
1137,364,1
1137,628,3
1137,1961,1
1137,1285,2
1137,2423,4
1137,1955,3
1137,1073,2
1137,2248,4
1137,2391,2
1137,1307,2
1137,920,1
1137,932,4
1137,2501,2
1137,2166,1
1137,1022,3
1137,2020,1
1137,1197,1
1137,2202,2
1137,3551,4
1137,3424,2
1137,1449,3
1137,595,2
1137,2912,3
1137,1956,3
1137,3360,2
1137,1617,4
1137,250,1
1137,3110,1
1137,1287,2
1137,589,3
1137,1090,3
1137,1221,2
1137,965,2
1137,916,2
1137,1206,4
1137,1193,1
1137,2210,1
1137,1610,4
1137,150,2
1137,1374,2
1137,1292,1
1137,1028,4
1137,1923,2
1137,3147,4
1137,1376,4
1137,1968,4
1137,1288,2
1137,1947,4
1137,3526,2
1137,2753,3
1137,34,1
1137,2181,3
1137,2076,1
1137,2687,3
1137,1639,1
1137,265,4
1137,356,2
1137,1096,4
1137,1079,4
1137,1225,1
1137,2324,4
1137,1500,1
1137,1293,4
1137,17,4
1137,3471,2
1137,1354,4
1137,223,3
1137,1962,3
1137,1222,1
1137,3363,2
1137,1748,1
1137,1291,1
1137,596,2
1137,930,3
1137,1234,2
1137,36,2
1137,1210,2
1137,1230,2
1137,3683,4
1137,1136,3
1137,1242,3
1137,1259,3
1137,2018,1
1137,534,4
1137,2398,1
1137,1204,4
1137,928,4
1137,1240,3
1137,2739,2
1137,457,3
1137,2028,2
1137,3671,4
1137,2080,2
1137,969,3
1137,2664,3
1137,1952,4
1137,922,4
1137,2542,4
1137,1270,2
1137,2176,4
1137,1036,2
1137,3362,2
1137,246,3
1137,3366,3
1137,1214,2
1137,2918,4
1137,2571,3
1137,2804,1
1137,1387,2
1137,2973,2
1137,1704,4
1137,1331,1
1137,110,4
1137,1258,3
1137,1262,1
1137,923,3
1137,1244,2
1137,1,4
1137,1213,2
1137,3405,4
1137,1247,3
1137,1203,4
1137,1104,4
1137,2208,4
1137,2329,4
1137,929,3
1137,3504,2
1137,1219,2
1137,1196,3
1137,1200,2
1137,527,2
1137,260,2
1137,2212,2
1137,296,3
1137,1263,1
1137,1198,2
1137,953,1
1137,318,2
1137,456,1
1137,3502,3
1137,2204,1
1137,2106,1
1137,2629,4
2282,3317,1
2282,3948,3
4277,3798,4
4277,3457,2
2282,2406,1
2282,2366,1
2282,1287,3
2282,377,4
2282,1214,3
2282,3703,4
2282,2194,2
2282,2571,2
2282,1291,2
2282,1036,3
2282,1198,3
5458,1204,4
4816,3594,2
4816,3906,4
4816,1997,3
5413,3794,2
5102,551,1
5102,1777,1
5413,2502,2
5413,3553,2
5102,1573,2
5102,1580,3
5102,3107,2
5102,1183,4
5102,357,3
5102,3450,2
5102,454,1
5102,2770,2
5102,1120,3
5102,480,1
5102,1408,3
5102,1810,1
5102,1517,3
5102,62,2
5102,1641,3
5102,1343,2
5102,3175,1
5102,3159,1
5102,3148,1
5102,2710,4
5102,2890,3
5102,1584,4
5102,3100,2
5102,590,1
5102,1610,2
5102,1721,3
5102,1678,3
5102,1923,1
5102,1401,4
5102,1,4
5102,1784,1
5102,589,1
5102,36,2
5102,3499,1
5102,296,4
5102,3114,3
5102,2398,4
5102,2797,1
5102,3253,4
5102,1954,1
5102,1883,2
3693,1246,4
716,2064,4
716,1030,3
716,2123,4
716,2141,2
716,1033,1
716,3483,2
716,2116,1
716,2394,4
716,616,3
716,661,3
716,709,1
716,2089,4
716,1029,2
716,2294,3
716,2090,4
716,783,4
716,3034,2
716,2085,2
716,1025,1
716,1907,4
716,596,3
716,2081,3
716,2096,2
716,2137,2
716,364,3
716,2355,1
716,2018,2
716,1022,2
716,1032,1
716,595,3
716,594,1
716,588,4
716,2087,2
716,3114,2
716,3766,3
716,157,4
716,466,3
716,1391,4
716,647,2
716,3448,3
716,356,1
716,920,1
716,1909,3
716,1689,4
716,1092,2
716,3386,4
716,924,4
716,3717,4
716,3247,4
716,2387,4
716,2616,1
716,3744,3
716,3301,3
716,2001,1
716,521,1
716,2985,3
716,2764,1
716,1589,3
716,999,2
716,2280,2
716,3328,4
716,1799,1
716,2231,2
716,1729,2
716,1500,1
716,2268,2
716,910,3
716,3362,1
716,1221,1
716,3444,2
716,15,4
716,886,4
716,2986,3
716,2701,2
716,2808,3
716,204,1
716,3439,1
716,737,1
716,692,3
716,533,2
716,327,4
716,3841,3
716,173,1
716,1431,1
716,3802,2
716,485,2
716,153,1
716,379,1
716,434,3
716,1037,2
716,736,1
716,95,3
716,3438,2
716,996,4
716,3697,1
716,170,2
716,2094,1
716,504,1
716,1385,4
716,376,3
716,303,3
716,517,2
716,1627,1
716,1608,2
716,3208,3
716,1518,4
716,1866,3
716,3274,4
716,89,1
716,1370,4
716,1606,3
716,3701,4
716,1690,1
716,1320,2
716,2354,4
716,762,1
716,3535,3
716,2406,2
716,1566,3
716,590,3
716,3479,3
716,1376,4
716,1374,4
716,3512,3
716,2993,2
716,2530,2
716,3702,1
716,3107,4
716,3753,2
716,2991,3
716,2640,3
716,3639,4
716,1047,1
716,2944,4
716,459,2
716,1954,4
716,2115,3
716,3704,1
716,3703,4
716,2949,2
716,2000,1
716,1101,1
716,2194,1
716,1387,4
716,2947,3
716,2019,3
716,1214,4
716,555,4
716,858,2
716,1201,4
716,224,2
716,2529,1
716,449,3
716,1276,2
99,223,4
99,1265,1
99,34,1
99,1923,1
99,2396,1
99,2599,3
99,2997,4
99,1,2
99,3646,2
99,3325,4
99,3285,1
99,3743,4
99,3484,4
99,3616,2
99,3785,1
99,3596,4
99,3821,4
99,3454,2
99,3784,3
99,3316,4
99,3301,2
99,3717,4
99,3553,1
99,3615,4
99,3744,2
99,3861,2
99,3298,1
99,3825,2
99,3755,3
99,3617,3
99,3882,4
99,3623,2
99,3555,1
99,3793,3
99,3594,3
99,3901,3
99,3189,3
99,3536,2
99,3753,3
99,3896,3
99,3916,1
99,588,2
2225,905,1
99,3556,1
99,19,3
99,344,2
1426,292,2
1426,1370,2
1426,2993,3
1426,2951,4
1426,1954,3
1426,2947,4
1426,1036,1
1426,1201,1
4951,912,1
2969,1282,4
2969,47,3
2969,1997,1
2969,2987,3
2969,3114,4
2969,2762,4
2969,3081,1
2969,2700,1
2969,3219,4
2969,2734,4
2969,3623,3
2969,2581,4
2969,2709,2
2969,2716,2
2969,3564,3
2969,2336,1
2969,3113,4
2969,2997,4
2969,2694,4
2969,3155,4
2969,1127,2
2969,2858,2
2969,3785,1
2969,3755,3
2969,3831,4
2969,3717,1
2969,3618,2
2969,3159,4
4258,3481,1
4258,3301,1
1449,458,3
1449,260,4
1449,2203,3
791,1381,4
791,195,4
791,3528,3
791,1888,4
791,1894,3
791,2724,2
791,1569,4
791,597,3
791,3259,1
791,539,2
791,3614,1
791,3524,2
791,1380,1
791,509,1
791,339,4
791,1777,2
791,914,3
791,357,2
791,1393,1
791,1094,2
791,2291,2
791,17,3
791,920,4
1605,3125,4
1605,85,3
1605,3409,4
1605,3189,2
1605,1650,4
1605,781,2
1354,3751,2
583,1381,4
583,3759,1
583,3600,1
583,48,2
583,1380,2
583,1093,4
583,1688,3
583,1088,1
583,783,2
583,2746,1
583,1566,3
583,2096,4
583,2078,2
583,1029,3
583,1022,2
583,364,1
583,1081,1
583,595,4
583,2081,1
583,588,3
583,1032,1
583,2087,2
583,594,4
583,914,4
583,1947,1
583,1028,3
583,2080,4
583,2565,1
583,1416,4
583,88,4
583,333,4
583,231,1
583,3706,1
583,2987,2
583,1179,3
583,1344,2
583,930,2
583,541,2
583,3270,3
583,2312,2
583,207,3
583,208,1
583,2505,3
583,3051,2
583,3755,3
1988,2316,1
1988,2676,1
3454,2249,3
2986,3408,3
1611,3857,2
3367,2469,2
3367,1211,2
3367,3448,3
3367,1395,1
3367,2406,2
3367,2247,2
3367,1273,2
3367,3422,2
3367,1081,1
3367,3925,2
3367,2100,2
3367,2716,1
3367,3039,1
3367,1965,1
3367,3104,1
3367,2352,3
3367,2750,1
3367,2926,3
3367,1079,2
3367,2065,1
3367,2918,4
3367,2791,4
3367,1270,4
3367,2174,1
3367,2081,1
3367,1238,1
3367,2897,4
3367,1172,3
3367,3685,2
3367,1307,1
3367,1394,2
3367,2915,4
3367,2349,2
3367,3361,1
3367,1259,2
3367,2243,4
3367,3543,4
3367,3067,3
3367,2973,4
3367,3424,3
4682,3325,3
2841,379,1
2841,1372,4
2841,2628,4
2841,329,2
2841,2377,1
2841,426,2
2841,1375,4
2841,2117,4
2841,2640,4
2841,1374,2
2841,680,2
2841,1356,2
2841,1376,1
2841,1097,1
2841,3699,1
2841,1301,1
2841,3471,2
2841,1210,2
2841,1270,3
2841,2968,4
2841,3576,1
2841,260,1
2841,150,1
2841,1183,3
2841,1249,1
2841,2890,1
2841,1292,4
2841,1199,4
2841,3470,3
2841,2391,3
2841,1942,2
2841,1228,4
2841,1274,2
2841,1179,2
2841,1172,3
2841,3814,1
2841,920,3
2841,1296,1
2841,3361,2
2841,3099,3
2841,1077,3
2841,247,3
2841,1206,4
2841,1945,4
2841,3816,3
2841,1214,2
2841,924,2
5880,3159,4
5880,1882,4
5880,2986,3
5880,786,2
5880,2421,4
5880,3082,2
5880,2989,1
5880,1047,1
5880,384,3
5880,2019,2
5880,2549,3
5880,3326,3
5880,1306,3
5880,3527,3
5880,619,2
5880,234,1
5880,305,4
5880,2286,2
5880,153,2
5880,2266,2
5880,1461,4
5880,466,2
5880,3258,2
5880,171,4
5880,186,4
5880,1888,3
5880,2252,3
5880,586,2
5880,2416,1
5880,3247,2
5880,3301,3
5880,2880,2
5880,500,4
5880,1906,4
5880,2241,1
5880,2860,2
5880,587,3
5880,1485,1
5880,1875,4
5880,2747,4
5880,2110,3
5880,3740,4
5880,2371,3
5880,2100,4
5880,1414,4
5880,2879,4
5880,898,4
5880,3083,3
5880,3022,4
5880,946,1
5880,1292,2
5880,1259,2
5880,3462,2
5880,3438,4
5880,1009,1
5880,1031,4
5880,596,2
5880,1967,2
5880,2384,2
5880,2116,2
5880,2090,4
5880,2097,3
5880,3000,2
5880,2348,1
5880,3578,1
1969,3753,1
192,1810,1
1348,903,4
1348,661,3
1348,2048,1
1348,558,2
1348,1688,3
1348,2687,4
1348,2081,1
1348,2554,3
1348,1333,3
1348,2135,4
1348,48,4
1348,3675,1
1348,2394,4
1348,3549,1
1348,364,1
1348,2080,1
1348,588,1
1348,595,3
1348,1035,3
1348,2565,1
1348,914,3
5918,1961,2
5918,1219,3
5918,3863,4
5918,3578,3
5918,47,4
5918,1997,4
99,1225,3
99,296,3
99,110,1
99,1193,1
99,2938,2
99,1161,4
2395,50,4
2395,318,4
1329,1197,3
5367,1394,2
5102,1210,2
5102,2194,1
5102,3360,4
5102,25,3
5102,457,4
5102,1968,4
5102,1625,1
5102,2324,2
5102,1293,2
5102,1387,2
5102,1090,1
5102,1249,4
5102,953,3
5102,1704,2
5102,110,3
5102,2571,2
5102,1272,1
5102,2028,3
5102,2997,4
5102,1358,1
5102,1617,4
5102,1219,1
5102,1221,1
5102,1250,1
5102,1214,2
5102,1394,1
5102,1233,3
5102,858,1
5102,593,2
5102,527,3
5102,260,3
5102,608,2
5102,50,4
2826,322,2
195,1693,4
2969,2701,4
2969,2840,4
2969,2396,4
2969,2841,1
2969,3157,1
2969,3617,4
2969,24,2
2969,2490,1
2969,2723,2
2969,2805,3
2969,785,4
2969,3174,1
2969,2599,3
2969,2041,1
2969,2881,3
2969,1911,4
2969,2369,3
2969,3863,4
2969,2355,1
2969,2710,4
2969,2770,2
2969,2706,4
2969,2683,4
2969,2699,4
2969,2188,4
2969,3751,1
2969,3578,3
2969,593,3
2969,1073,2
195,3160,3
3423,2891,4
3423,2496,1
3423,1875,2
3423,1641,1
3423,141,1
3423,2108,2
3423,345,3
3423,440,1
3423,2302,1
3423,357,4
3423,3052,3
3423,2997,4
3423,2396,3
3423,3616,1
3423,3882,1
749,50,4
19,1193,3
1597,3794,2
242,3000,1
5956,3408,2
4585,3175,4
355,611,4
355,1858,4
4585,3857,4
355,170,1
4585,2706,1
355,3879,2
4585,3793,2
355,2993,2
355,1573,1
355,2006,4
355,163,3
4585,3578,2
355,2949,2
4585,3146,4
355,1036,1
355,762,3
355,2265,1
839,2367,2
839,1378,1
839,10,1
839,2064,4
839,307,2
839,3150,4
839,3783,4
839,3755,2
2310,1148,1
2310,3287,3
2310,3799,2
2310,3798,4
5333,3912,1
587,3886,3
587,3556,3
587,3861,1
587,1428,1
3886,1240,2
3886,1200,4
3886,1210,4
3886,1097,1
3886,3703,1
3886,1196,4
3886,750,1
3886,924,3
3886,2987,1
3886,2346,4
3886,2628,4
3886,1358,4
3886,1372,2
3886,3072,2
3886,3032,4
3886,788,1
3886,1249,1
3018,3732,1
3018,2654,4
3018,2651,2
3018,2901,4
3018,1350,3
3018,2646,4
3018,1345,1
3018,2649,3
3018,2647,3
3018,2650,1
3018,1982,4
3018,968,4
3018,2782,3
3018,2644,2
3018,2648,4
3018,2784,1
3018,2653,4
3018,1340,4
3018,1997,1
3018,2550,2
3018,3932,3
3018,1333,3
3128,3623,1
3128,3915,2
3128,3598,1
3128,3949,2
3128,3539,1
3128,3911,4
2446,3863,4
2446,3785,2
2446,3618,3
2446,3831,2
2446,3755,4
2446,3744,3
2446,3826,3
2446,3824,1
3128,3863,1
3128,3578,4
3128,3900,1
3128,3717,1
5102,3623,3
5102,3408,1
3886,1831,1
3886,1213,3
3886,608,1
3886,2533,1
3886,2532,4
3886,2012,2
3886,2858,1
3886,588,2
5996,1687,4
5092,3751,4
1451,748,3
5090,3555,2
5090,3753,1
5090,3755,1
5090,3745,1
5090,3863,3
5090,3793,3
5090,3354,3
5090,3408,1
5090,3578,2
678,1073,3
1557,2193,2
1557,3438,4
1557,673,1
1557,2143,4
1557,3489,2
1557,788,3
1557,60,4
1557,2,3
1557,2628,3
1557,2622,2
1557,653,1
1557,2453,3
1557,2100,2
1557,367,2
1557,2174,3
1557,1097,1
1557,260,1
1557,2087,4
1557,2005,1
1557,2161,2
1557,2116,3
1557,1967,1
2860,562,2
2895,3000,4
3519,1295,2
1748,1704,1
1748,1673,3
3018,3173,1
3018,3301,4
4294,3469,2
1890,161,3
1890,969,4
1890,2571,4
4682,225,1
770,2019,4
770,1199,3
1851,564,3
1851,71,2
1851,3709,2
1851,2241,3
1851,3744,3
1851,3879,2
1851,3826,1
1851,207,1
1851,490,2
1851,3617,1
1851,1997,3
1851,3863,1
1851,1348,2
1851,1190,3
1851,2348,3
2071,3618,2
4482,3897,1
4482,3751,2
4482,3160,3
5643,781,1
5643,1340,2
5643,2313,2
5643,3873,1
5643,2300,4
5643,265,3
5643,965,3
5643,978,4
5643,2075,4
1137,3537,4
5643,3159,2
5643,3483,1
5643,3301,1
5643,3744,2
5643,3618,4
5643,3906,4
528,2541,1
2015,255,1
2015,174,4
2015,65,1
2015,473,4
2015,419,3
2015,19,3
2015,267,2
2015,432,4
2015,3146,3
2015,765,3
2015,157,2
2015,3669,4
2015,542,3
2015,135,2
2015,1461,2
2015,413,3
2015,429,2
2015,725,3
2015,3243,1
2015,719,4
2015,3869,2
2015,312,1
2015,2375,3
1890,3173,2
1890,3578,2
2015,2249,4
2015,2060,1
2015,1091,3
2015,635,4
2015,2694,1
2015,2413,3
2015,2195,4
2015,2770,4
2015,934,2
2015,3450,2
2015,585,4
2015,2539,3
2015,344,1
2015,5,4
2015,3785,4
890,2571,2
2015,69,3
2015,3664,1
2015,3489,4
2015,552,1
2015,3461,4
2015,1495,2
2015,1556,4
2015,694,2
2015,172,3
2015,1604,3
343,3354,4
2015,145,1
2015,6,3
3792,3882,3
3821,3627,3
3821,1357,2
3821,180,4
3821,3617,4
3821,1620,3
2106,2387,1
5074,3088,4
4498,3566,1
4498,3893,3
4498,3948,2
4498,3189,3
4498,3481,1
4498,3826,1
4498,3785,4
4498,3863,1
4498,3567,4
4498,3618,2
4498,3751,2
4498,3298,2
4498,3594,4
4498,3328,4
4498,3823,1
4498,3916,3
4498,3783,2
1982,3898,4
3441,3882,4
4489,3597,2
1182,1597,1
1182,3477,2
1182,3264,3
1105,3481,4
1105,2542,1
2076,2976,4
1246,3408,4
1246,3826,2
1317,1631,3
5054,2268,3
5054,2291,1
5054,32,2
5054,2966,4
5054,2689,2
749,3466,1
749,2203,4
5539,3618,3
302,3744,1
1242,3951,2
195,267,2
195,2916,2
3940,3751,1
3940,3159,3
195,1812,3
1715,858,2
1611,2116,1
1611,520,3
1611,1027,1
1611,3034,4
1611,1033,2
1611,3863,2
2176,1682,1
3471,487,4
3471,71,4
4543,3408,2
3471,714,3
3471,2692,3
3471,3556,4
3471,3861,1
3471,3717,2
3471,3593,1
3691,1758,3
2904,469,4
2904,298,1
2904,3320,2
1355,3578,1
332,3155,2
332,509,3
332,1569,1
332,597,1
332,708,1
332,356,4
332,468,1
332,1265,3
332,1542,3
332,357,3
332,590,1
332,1719,4
332,1633,3
332,326,3
332,3578,4
332,3408,4
332,1148,2
4600,2093,2
376,3626,2
376,261,2
376,348,3
376,1077,2
376,2973,1
376,1963,2
376,3814,3
1546,1885,1
376,1230,2
2022,1927,3
2022,1719,2
2683,2427,1
2683,1527,3
2683,2359,1
3620,1073,3
2020,3515,2
1317,1938,2
3074,2699,1
3074,1127,1
3074,2826,1
3074,2706,4
2841,556,1
2841,1147,4
3074,3751,4
2841,1635,4
2841,1594,4
3430,3894,2
3074,296,4
3074,2622,4
2841,3355,4
3074,1580,2
2841,3623,4
3074,1215,1
3074,2424,4
3074,1923,1
3074,2671,2
3074,21,2
2841,3301,3
3074,1243,4
3074,1914,1
3074,539,3
3074,2395,2
3074,3174,2
3074,357,4
3074,3253,3
3074,1500,2
3074,2321,1
3074,597,3
3074,2302,2
3074,2359,2
3074,1784,3
3074,223,2
3074,1265,3
3074,2355,3
3074,2997,3
3074,1,3
4169,3670,4
3074,3114,2
3074,2858,1
2841,3317,2
4169,3933,4
4169,972,3
2841,3571,3
3074,2112,4
2841,3275,1
3074,3160,4
3074,3844,3
4169,2138,2
3074,648,2
3074,3623,2
3074,1873,4
3074,1962,4
3074,1693,2
3074,1653,1
3074,529,4
4169,2050,3
3074,509,2
3074,2375,1
3074,1921,4
3074,253,3
4169,2372,4
3074,1196,3
3074,2390,3
3074,2432,1
3074,2006,3
3074,110,2
3074,2007,3
3074,1641,1
3074,838,1
4169,1656,4
4169,2545,3
3074,2889,2
3074,3537,4
3074,3717,1
3074,3744,1
3074,3793,2
3074,3618,3
3074,3861,3
4169,2605,4
4169,3082,1
4169,782,3
4169,760,2
4169,1498,4
2307,3181,4
4169,503,4
4169,3719,2
1139,40,1
2106,3316,3
5433,3793,3
5433,3794,4
2060,2959,4
1556,750,4
1556,527,2
2114,1221,4
2114,858,1
2380,3946,4
5831,1391,2
5831,1267,3
5831,1382,2
5831,3160,4
5831,1949,1
5831,491,1
5831,1544,1
5831,259,3
5831,1474,1
5831,2405,2
5831,1387,1
5831,1389,4
5831,3386,1
5831,2815,4
5831,361,3
5831,2115,2
5831,252,3
5831,2314,1
2258,1449,3
2258,705,1
2258,1126,4
2258,558,3
2258,3466,2
2258,2797,1
2258,2701,4
2258,432,1
2258,383,1
2258,2012,2
2258,368,4
2258,599,3
2258,553,4
2258,1201,3
2258,1398,2
2258,473,2
2258,688,4
2258,466,2
2258,157,1
911,2944,3
2258,2427,2
2258,1960,3
911,912,4
911,3508,3
911,50,1
1285,1619,2
1285,1962,1
911,2126,4
911,2598,4
195,3079,2
1113,1280,2
1113,1237,4
4116,3798,2
4116,3537,1
4116,3618,1
623,3787,4
623,3863,3
4751,3886,3
791,2890,3
1491,3408,2
2878,3512,4
2878,3260,4
2878,3510,2
2878,3186,1
1546,2571,3
1546,3578,4
3507,600,2
3507,178,4
3507,533,4
3507,637,4
3507,879,3
3507,2411,3
3507,1665,4
3507,3385,2
3507,518,4
3507,9,1
3507,458,4
3507,157,2
3507,24,4
3507,520,4
3507,2123,1
3507,1515,4
3507,61,3
3507,2421,3
3507,3708,4
3507,2589,4
3507,1461,3
3507,3725,4
3507,2513,1
3507,2446,4
3507,742,2
3507,1667,3
3507,842,4
3507,479,2
3507,362,2
3507,1100,4
3507,1661,4
3507,504,3
3507,2271,4
3507,2752,3
3507,2907,3
3507,550,2
3507,3698,2
3507,3173,2
3507,798,1
3507,382,1
3507,1991,3
3507,3444,1
3507,2409,2
3507,2900,1
329,1321,3
329,1191,4
3507,724,4
3507,1367,1
3507,1608,4
3507,2120,4
3507,2861,4
3507,1959,4
3507,292,1
3507,2796,2
3507,1088,1
3507,2990,4
3507,2133,3
3507,1093,1
3507,2976,3
3507,2469,2
3507,1425,1
3507,2772,4
3507,3252,4
3507,2898,1
3507,2003,2
3507,3066,4
3507,3770,4
3507,2105,2
3507,1401,2
3507,1449,4
3507,3618,2
3507,450,1
3507,2463,3
3507,3148,3
3507,3761,2
3507,2736,3
2059,3189,2
3507,3948,3
3507,3624,2
3507,2952,3
3507,741,4
3507,1797,3
3507,94,3
3507,3699,2
3507,1179,4
3507,3751,2
3507,3556,4
3507,2318,2
3507,388,1
3507,29,1
3507,1261,2
3507,1288,4
3507,34,3
3507,1748,2
3507,3265,1
3507,3683,3
3507,3897,1
3507,3566,2
3507,2912,4
3507,3555,4
3507,1394,3
3507,3617,4
3507,1178,1
3507,1348,2
3507,3730,2
3507,235,3
4823,3886,1
1010,3745,3
2258,2959,3
5063,1196,3
5063,260,4
5063,2628,1
5063,1380,4
5063,3354,3
5063,3755,1
5063,2355,3
4781,1784,2
4781,497,4
4781,1265,3
4781,1641,2
4781,11,1
4781,2396,3
4781,356,1
4781,3148,3
4781,3145,4
4781,3302,2
4781,2883,3
4781,2324,2
4781,3176,2
4781,2891,2
4781,2801,4
4781,3078,1
4781,3051,3
4781,2359,2
4781,3785,4
4781,3618,3
4781,1,3
4781,2858,3
4781,1225,4
4781,1230,1
4781,858,2
4781,2293,4
791,2762,3
2258,2236,1
2258,1242,4
2258,2571,2
2258,2468,3
2258,736,1
2258,2558,2
2258,1894,2
2258,207,3
2258,236,3
2258,46,1
2258,1479,4
2258,3422,2
2258,2297,3
2258,2424,2
2258,1600,1
2258,1520,2
2258,1801,1
2258,2496,4
2258,7,4
2258,1821,2
2258,339,3
2258,1629,1
2258,587,2
2258,295,3
2258,597,4
2258,361,2
2258,353,3
2258,1597,1
2258,163,2
2258,2671,2
2258,1059,3
5539,3386,1
5539,492,1
5539,2583,1
2258,2145,4
2258,802,2
5539,950,4
5539,800,4
2258,539,3
2258,252,2
2258,468,4
2258,1441,1
2258,2581,1
2258,1569,1
2258,1721,3
2258,1339,1
2258,1101,2
2258,1777,1
2258,2100,4
5539,2206,3
5539,973,4
5539,2398,1
5539,953,3
5539,923,2
5539,1939,2
2258,708,1
2258,1947,3
2258,3259,4
2258,2406,3
2258,3668,3
2258,377,4
2258,118,2
2258,11,1
2258,2108,2
2258,2572,4
2258,39,3
2258,357,3
2258,440,4
2258,342,4
2258,2502,2
2258,2621,4
2258,1094,3
1930,1250,2
2258,1707,3
2258,546,1
2258,3754,3
2258,374,1
2258,355,1
2258,2092,3
2258,2953,3
2258,881,3
2258,126,2
2258,888,3
2258,2162,2
2258,1588,2
2258,3759,4
2258,1583,1
1930,2383,4
1930,2381,3
1930,2382,3
2258,2123,4
2258,711,3
2258,2053,4
2258,2142,1
2258,2052,4
2258,1024,1
2258,48,4
2258,1592,2
1930,2380,4
1930,3689,2
1930,3690,4
1930,374,2
1930,234,1
2258,2043,1
2258,2091,2
2258,1688,4
2258,1064,2
2258,317,2
2258,3438,4
2258,586,3
2258,2033,3
2258,1582,2
1930,1468,4
1930,2379,4
2258,2846,1
2258,1015,2
2258,1367,3
2258,828,3
2258,2141,4
2258,107,2
2258,1033,1
2258,709,2
2258,2083,4
2258,616,3
2258,2089,1
2258,2090,2
2258,801,2
1930,255,3
2258,1025,3
2258,1013,2
2258,2085,3
2258,2709,3
2258,1713,3
2258,3034,1
2258,1023,4
2258,1919,4
2258,2294,1
2258,1907,4
2258,2093,1
1930,432,2
1930,1702,4
2258,2137,3
2258,3398,4
2258,596,1
2258,2384,4
2258,2018,1
2258,364,2
2258,3615,1
2258,588,3
2258,2140,1
1930,2050,4
1930,2016,2
2258,34,3
2258,2355,3
2258,3397,2
2258,3396,2
2258,2139,1
1930,1359,3
1930,1474,3
1930,2735,4
1930,1005,1
1930,2042,2
1930,2471,3
1930,2151,1
1930,818,2
2258,3826,2
2258,3717,3
1930,1918,3
1930,2478,2
2258,3617,2
2258,3863,3
2258,3483,3
2258,3755,2
2258,3861,1
1930,3313,2
2258,3793,3
2258,3785,4
2258,3578,2
2258,3751,2
1930,2794,4
2020,3408,3
1930,3388,4
1930,3243,3
1930,586,2
1930,1007,3
1930,2002,1
1930,2378,3
1930,2717,3
1930,3258,1
1930,2335,3
1930,2082,2
1930,2431,3
1930,1391,4
1930,367,3
1930,2095,4
1930,2012,1
1930,410,1
1930,2413,2
1930,2004,3
1930,1513,3
1930,500,1
1930,2405,4
1930,552,2
1930,3247,1
1930,344,3
1930,1016,3
1930,317,2
1930,2796,1
1930,3264,2
1930,1405,2
1930,468,2
1930,3525,4
1930,1010,2
1930,1701,2
1930,5,3
1930,2136,1
1930,1377,2
1930,2470,2
1930,1711,3
1930,2134,3
1930,2011,1
1930,587,3
1930,585,1
1930,2407,1
1930,2423,2
1930,3740,1
1930,2001,4
1930,2371,1
1930,2003,3
1930,141,4
1930,3040,3
1930,2302,2
1930,3448,3
1930,2109,1
1930,3552,4
1930,2124,2
1930,3398,1
1930,3088,1
1930,2795,2
1930,3397,1
1930,2100,4
1930,3253,4
1930,2144,2
1930,356,4
1930,3396,3
1930,3210,4
1930,2915,1
1930,2797,2
1930,1297,2
1930,2889,3
1930,1663,3
1930,1073,2
1930,3421,4
1930,1079,4
1930,2791,1
1930,2174,2
1930,1294,3
1930,2716,2
1930,2000,1
1930,2918,3
1930,1307,4
1930,1270,4
1930,1030,1
1930,2088,2
1930,1031,2
1930,1024,4
1930,2083,4
1930,1380,2
1930,2135,1
1930,2081,1
1930,1088,4
1930,2746,4
1930,1032,1
1930,2096,1
1930,1035,3
1930,588,1
1930,1022,3
1930,594,2
1930,2080,2
1930,3675,2
1930,2087,3
1930,1028,3
1930,919,1
1930,899,2
1930,908,3
1930,1208,3
1930,1214,1
1930,3114,3
1930,364,4
1930,647,4
1930,2890,1
1930,3005,2
1930,47,4
2022,3863,3
1930,1091,2
1930,2718,1
1930,3159,2
1930,3481,2
1930,1777,3
1930,1124,3
1930,674,4
1930,3791,1
1930,1730,4
3428,1873,2
1930,405,4
1930,1275,2
1930,589,3
1930,2916,4
1930,2858,1
1930,3785,1
1930,3793,1
1930,3578,2
1611,3543,3
2333,3755,4
2333,3578,2
2333,3751,2
3368,393,1
3368,173,1
3368,1894,1
3368,3113,4
3368,1100,2
3368,2763,3
3368,1835,2
3368,2683,4
3368,1517,4
3368,1461,3
3368,3578,2
3368,3755,1
4277,3617,1
4277,652,2
1058,3861,4
1058,3593,1
1058,3826,1
1058,1441,4
1058,3831,1
1058,3556,2
1058,522,2
4728,2115,3
4728,3927,2
4728,1129,2
4728,2968,1
4728,2871,3
4728,1073,2
4728,29,4
4728,1681,2
4728,1882,3
4728,1562,3
4728,438,1
4728,160,4
4728,204,1
4728,2404,2
4728,694,4
4728,208,4
4728,849,3
4728,2421,1
4728,1590,3
4728,2411,2
4728,1831,1
4728,3113,1
4728,748,2
4728,434,4
4728,1591,1
4728,44,4
4728,379,2
4728,95,3
4728,1833,2
4728,1371,2
4728,42,1
4728,1320,3
4728,2334,4
4728,2616,1
4728,1916,4
4728,442,3
4728,1385,1
4728,3638,3
4728,2410,3
4728,2409,2
4728,1876,1
4728,316,1
4728,1690,3
4728,1917,1
4728,329,4
4728,3274,1
4728,780,3
4728,1866,4
4728,1587,3
4728,2641,2
4728,1754,3
4728,2193,3
4728,2524,1
4728,1825,2
4728,1101,3
4728,3639,3
4728,288,4
4728,2989,2
4728,1375,1
4728,2393,3
4728,733,1
4728,2006,3
4728,2527,3
4728,2023,4
4728,3197,1
4728,3256,3
4728,1769,2
4728,3107,2
4728,1573,1
4728,1954,4
4728,2985,4
4728,2991,3
4728,1275,3
4728,3635,2
4728,493,1
4728,1527,1
4728,592,3
4728,522,2
4728,3527,1
4728,3418,2
4728,2000,4
4728,1610,1
4728,480,1
4728,3702,2
4728,1953,3
4728,3267,2
4728,2692,1
4728,2916,1
4728,1291,4
4728,3578,1
4728,1287,1
4728,3793,3
4728,474,4
4728,6,4
4728,1198,1
4728,2951,4
19,1148,1
19,1961,1
3430,969,4
1873,457,3
3430,541,1
2544,2923,2
3940,3567,1
3430,446,1
4750,2581,4
5539,902,1
5539,1264,2
5539,265,3
5539,2920,2
2106,2724,1
368,3326,4
368,3159,1
368,3618,1
368,3556,4
1551,2997,1
2168,2720,2
2168,2884,1
2168,12,2
2168,1760,4
2168,65,3
2168,2027,2
2168,762,3
2168,275,4
2168,135,4
2168,2306,2
2168,1550,2
2168,719,1
2168,518,3
2168,1702,3
2168,429,3
2168,1503,3
2168,833,4
2168,637,4
2168,2806,2
2168,413,3
2168,2597,3
2168,1604,1
2168,673,2
2168,1665,2
2168,2424,1
2168,784,2
2168,1588,2
2168,317,2
2168,2356,4
2168,1895,4
2168,2805,3
2168,2567,2
2168,2883,3
2168,3263,3
2168,1569,2
2168,2195,1
2168,157,4
2168,1317,2
2168,1701,2
2168,2671,2
2168,1425,4
2168,2860,4
2168,3358,4
2168,1367,1
2168,356,1
2168,2700,1
2168,1580,1
2168,635,3
2168,3255,2
2168,785,2
2168,471,3
2168,2539,2
2168,838,1
2168,1641,3
2168,1279,1
2168,1449,1
2168,1914,1
2168,1732,3
2168,3175,2
2168,2108,4
2168,1845,3
2168,2502,4
2168,21,3
979,2324,4
979,1207,2
2168,2390,2
2168,235,2
2168,1278,2
2168,1080,1
2168,2918,3
2168,1259,1
2168,2924,3
2168,3836,3
2168,1148,3
2168,745,1
2168,3326,4
2168,3784,3
2168,3177,4
2168,3864,4
2168,3821,2
2168,3717,3
2168,3744,2
2168,3794,2
5458,2369,4
5458,2100,4
5458,497,2
5458,377,4
5458,3684,2
5458,357,4
5458,1307,3
5458,1172,2
5458,1247,3
3882,3104,4
2258,2739,4
116,3646,1
116,3617,1
116,3537,3
116,3744,1
116,3717,2
116,3755,2
116,3861,2
2860,3298,1
116,3556,1
116,3793,1
116,3578,4
116,1997,3
4831,720,3
4831,2908,1
1449,100,3
1105,47,2
993,3597,3
1303,1250,2
2638,2762,4
2638,3147,4
19,2836,2
791,432,2
791,2478,4
791,590,3
791,3254,2
953,3000,1
953,1997,1
195,2396,1
195,1019,2
195,362,2
195,1474,3
195,1588,3
5125,3307,2
5125,955,2
5125,1256,3
5125,905,2
5125,947,2
5125,3739,1
5331,3755,3
3051,2478,2
3051,2978,3
3051,2890,1
4543,3182,4
3833,2413,2
4386,3826,4
3833,2376,1
1556,1431,2
3280,135,1
3280,2977,4
3280,3835,4
3280,485,1
3280,2154,2
3280,747,3
3280,434,2
3280,1037,1
3280,849,3
3280,2387,2
3280,2541,1
3280,2805,2
3280,518,1
3280,1588,4
3280,2826,2
3280,2616,3
3280,2881,3
3280,2023,4
3280,784,1
3280,2694,2
3280,2772,2
3280,3173,3
3280,2617,3
3280,2803,4
3280,1569,4
3280,353,3
3280,520,3
3280,165,2
3280,2763,2
3280,2706,1
3280,3264,2
3280,3157,2
3280,1488,1
3280,3249,2
3280,2307,2
3280,2770,3
3280,3120,3
3280,3809,1
3280,2112,3
3280,1356,2
3280,553,1
3280,1589,4
3280,161,1
3280,144,4
3280,1042,1
3280,2268,2
3280,104,1
3280,3261,4
3280,524,4
3280,1966,3
3280,3175,3
3280,345,1
3280,2321,4
3280,364,4
3280,1625,3
3280,2686,3
3280,551,2
3280,1487,3
3280,2329,2
3280,3418,3
3280,1704,2
3280,678,3
3280,58,2
3280,1694,3
3280,3946,2
3280,3354,2
3280,3752,3
3280,3319,4
3280,3355,2
3280,3745,4
3280,3623,3
3280,3326,1
3280,3896,2
3280,3515,4
3280,3753,3
3280,3555,4
3280,3893,3
3280,3882,1
3280,3408,1
3280,3536,1
3280,3755,3
3280,3863,4
3280,3900,1
3280,3826,1
3280,3717,4
3280,3617,1
3280,3824,2
3280,3618,1
3280,3646,4
2127,2719,1
2127,1438,4
2127,1552,2
2127,587,3
2127,350,4
2127,1732,2
2127,1610,4
2127,1219,4
2127,1023,2
2127,1405,1
2127,364,4
2127,2018,3
2127,588,2
2127,3051,2
3378,225,1
3378,3512,2
2131,3148,3
1274,951,2
1274,1950,1
1274,3900,4
4277,3535,1
4277,3298,3
195,593,2
195,1280,1
4126,2762,1
2898,3785,1
2898,3751,3
2898,3825,1
1733,123,1
3312,2966,2
3312,3328,1
2952,3555,3
2952,2488,2
2952,457,4
2952,2819,4
2952,1089,4
2952,930,1
2952,678,3
2952,908,2
2952,480,1
2952,1954,4
2952,145,2
2952,2427,1
2952,1610,4
2952,474,3
2952,3267,1
2952,2916,1
2952,2912,2
2952,1036,4
2952,2924,1
2952,1197,3
19,2858,1
2952,1218,1
2952,1179,3
4823,123,4
2188,3129,1
2188,3173,2
2172,3173,4
2172,2892,2
2172,3129,2
2172,3186,2
2172,3886,4
2188,3886,1
2188,3186,2
1884,3556,1
1884,3725,1
355,733,1
355,2041,2
355,592,4
355,1374,1
355,3461,3
355,1291,2
355,1259,4
355,919,1
4674,1429,1
19,2600,4
19,589,1
19,2653,3
19,2649,4
19,879,4
19,2574,1
19,2782,3
19,1655,4
19,2713,4
19,2990,4
19,2367,4
19,2720,4
19,480,1
19,2004,3
19,1262,3
19,3175,2
19,3409,4
19,1974,4
19,1527,4
19,2428,3
19,2918,3
19,2336,3
19,2888,2
19,32,4
5972,3270,1
770,29,3
770,924,4
5034,3359,1
5034,2728,3
5034,919,2
5034,1299,1
5034,1267,4
5034,318,3
5034,904,2
5034,2396,3
5034,926,3
5034,1276,3
5034,1262,4
5034,3196,2
5034,1207,1
5034,750,4
5034,858,4
4682,1612,1
4258,593,2
4258,2278,1
2060,1073,2
4750,1416,1
4750,3600,4
4750,3602,4
4750,1947,2
4750,2291,1
4750,2942,3
4750,3394,1
4750,2259,2
4750,2405,2
4750,2369,3
4750,2468,1
4750,2262,4
791,2965,3
791,3705,1
791,1562,2
791,2411,2
791,208,1
791,3257,2
791,2735,4
791,434,1
791,2410,3
791,376,4
791,170,2
791,1373,3
791,1918,4
4750,1286,2
4750,2146,4
4750,3524,2
4750,2100,2
4750,1101,1
4750,587,1
791,1438,1
791,2616,4
791,2763,3
791,2002,4
791,2524,3
791,2881,3
791,1377,4
791,2641,4
791,733,3
791,2013,1
791,1101,4
791,2001,4
791,2115,3
791,380,3
4750,353,4
791,368,1
791,3635,2
791,3404,1
791,2991,4
791,592,2
791,1291,3
791,2194,2
791,1954,1
791,1912,1
791,110,2
4750,2273,2
4750,474,1
791,2947,4
791,2028,2
791,1242,3
791,589,4
791,3175,1
4750,2916,1
4750,1343,4
4750,16,4
4750,47,2
4750,2762,3
4750,50,1
4750,2088,4
4750,1381,2
749,3578,2
749,2273,4
3203,2348,2
3203,47,3
3203,1997,4
3203,1282,4
2453,3824,1
2453,3730,2
2453,2369,1
2453,1732,1
2453,2407,3
2453,1125,4
2453,387,1
2453,2416,2
2453,708,1
2453,2124,3
2453,1380,1
2453,144,3
2453,348,1
2453,1220,2
2453,2100,2
2453,2109,3
2453,1966,1
2453,11,2
2453,3868,2
2453,2321,4
2453,2144,4
2453,2797,2
2453,3039,3
2453,1903,1
2453,2302,3
2453,2395,2
2453,2918,2
2453,3210,2
2453,3361,4
2453,2081,2
2453,2915,4
2453,1307,2
2453,3421,3
2453,3072,1
2453,3911,1
2453,3285,1
2453,2643,2
2453,990,4
2453,704,1
2453,2422,4
2453,1011,4
2453,44,1
2453,1373,4
2453,2421,1
2453,2471,2
2453,3489,1
2453,673,1
2453,2641,1
2453,3269,1
2453,2405,1
2453,547,1
2453,2115,3
2453,2640,3
2453,2470,4
2453,1374,3
2453,1376,2
2453,2406,1
2453,480,3
2453,3104,3
2453,1291,2
2453,1259,1
2453,1262,2
2453,1210,3
2453,260,4
2453,1198,1
2453,919,2
2453,969,3
2453,1179,3
2242,3615,2
2242,3185,4
2242,3618,1
2242,3578,3
2242,3408,4
2242,3897,2
169,2457,4
462,2375,4
19,111,3
5956,1222,2
623,50,3
1699,2959,2
1182,750,4
1182,1073,1
2127,147,2
2127,1962,1
2127,524,4
2127,3148,3
2127,2194,1
2127,3360,2
2127,1097,2
2127,1246,4
2127,2291,4
2127,1961,4
2127,529,1
2127,150,3
2127,1682,4
2127,1259,1
2127,1704,3
2127,919,2
2127,1196,2
2127,953,2
2127,318,3
2127,3257,3
2127,3453,1
2127,2497,2
2127,1088,4
2127,2297,2
2127,3225,1
2127,2671,3
2127,39,2
2127,534,4
2127,87,1
2127,276,2
2127,2088,1
2127,784,4
2127,370,2
2127,2431,2
2127,719,1
2127,542,2
2127,3,2
2127,2717,1
2127,317,2
2127,520,1
2127,1513,1
2127,2699,2
2127,2478,2
2127,2335,1
2127,2796,3
2127,2794,1
2127,410,4
2127,1380,1
2127,2836,3
2127,252,1
2127,585,4
2127,2470,4
2127,586,4
2127,2558,1
2127,708,2
2127,2694,2
2127,2718,3
2127,2539,4
2127,2683,2
2127,3301,1
2127,3809,1
2127,2155,1
2127,1457,2
2127,1753,2
2127,2502,1
2127,500,4
2127,1042,2
2127,357,3
2127,3477,4
2127,2423,2
2127,380,2
2127,2302,2
2127,344,4
2127,785,1
149,2806,2
2127,231,4
2127,1517,2
2127,471,1
2127,1265,4
2127,3868,4
2127,1923,2
2127,2797,1
2127,3052,4
2127,1079,1
2127,3255,3
2127,2918,4
2127,1968,3
2127,1270,3
2127,1278,2
2127,2599,1
2127,165,1
2127,1036,4
2127,1370,4
2127,423,1
2127,2000,4
2127,2002,1
2127,2001,3
2127,1918,3
2127,1461,2
1551,2494,1
2127,2109,2
2127,3408,4
2127,3173,2
411,3537,2
2127,593,4
2127,3100,2
411,3324,4
2127,481,1
2127,3260,3
2127,3743,3
411,3357,2
411,3225,1
411,3827,4
411,3720,3
2127,3156,3
411,2572,4
4829,3879,3
4829,2863,3
4829,1031,2
4829,3555,4
4829,3911,3
2076,2900,2
4682,924,2
5831,610,2
5831,3388,1
5831,1983,2
5831,2364,1
5831,457,1
5831,2867,4
5831,3802,2
5831,3269,1
5831,1128,2
5831,234,2
5831,3408,4
5831,1009,3
5831,2353,3
5831,2665,1
5831,2575,3
5831,3770,2
5831,2566,2
5831,1876,2
5831,442,1
162,552,2
162,592,1
162,1562,2
162,153,1
162,1377,1
162,551,1
162,1923,2
162,440,1
162,3052,4
162,104,1
162,1500,3
162,1,3
162,3821,3
162,3744,3
162,3535,2
162,3452,2
162,3536,2
162,3916,3
3017,1670,2
3017,2348,3
3017,3617,3
993,3569,2
3224,3238,3
1655,3617,3
412,3147,1
4386,3751,3
2451,2628,4
5087,3565,2
5087,2567,4
1268,3317,2
4763,1695,2
1671,1704,2
195,2021,4
2076,3089,1
1137,3420,4
1137,2241,4
201,3147,1
169,1728,4
529,3424,3
529,1254,3
529,1095,1
529,3019,2
529,1219,2
529,1230,1
529,36,1
529,1250,1
529,1358,2
529,2762,4
529,1199,1
529,3068,4
529,2973,3
529,3681,4
529,750,1
529,2804,3
529,1204,4
2120,2770,1
2120,3298,4
2120,2707,1
2120,2826,3
3013,371,1
3013,3156,4
303,1449,3
1449,3482,3
2991,913,2
2991,2997,4
2991,1221,1
2991,1204,1
2991,919,2
2991,1196,1
2991,1207,3
2991,1252,1
2991,1617,4
2991,1225,2
2991,3730,1
2991,593,4
2991,260,2
2991,1213,2
2395,1608,1
2991,2019,1
1142,1997,3
2991,858,2
2991,1299,1
2395,1645,2
1142,3483,2
2395,1092,2
2395,3256,3
2395,6,2
2395,16,4
1142,333,1
2395,508,1
2395,3176,4
2395,3108,3
2395,1393,4
2395,593,1
2395,3755,4
5395,3326,1
5395,3785,1
3693,1653,2
5276,3175,4
5276,2763,1
5276,3006,2
5276,3456,2
5277,2763,4
5277,3456,2
5761,3905,3
5761,2804,3
5761,2396,4
5761,2858,4
5761,618,3
5761,2383,1
5761,2382,2
5761,2555,1
5761,1707,2
5761,102,3
5761,810,3
5761,3042,3
5761,1679,1
5761,2381,1
5761,3031,4
5761,1760,4
5761,1381,1
5761,3495,3
5761,374,3
5761,2380,2
5761,87,3
5761,258,4
5761,274,4
5761,166,4
5761,870,3
5761,867,2
5761,688,3
5761,710,4
5761,19,2
5761,88,3
5761,1468,4
5761,2253,4
5761,1431,1
5761,3754,3
5761,472,4
5761,1359,1
5761,673,1
5761,485,3
5761,153,4
5761,2296,2
5761,1474,1
5761,370,3
5761,2088,4
5761,818,3
5761,135,4
5761,330,2
5761,186,3
5761,1330,4
5761,3385,1
5761,2473,1
5761,3208,4
5761,3773,2
5761,2485,4
5761,413,1
5761,520,1
5761,586,2
5761,3258,2
5761,63,2
5761,2374,2
5761,2752,1
5761,1918,3
5761,2829,1
5761,784,3
5761,312,3
5761,3525,1
5761,2717,4
5761,1007,1
5761,2416,2
5761,333,4
5761,3869,4
5761,2325,4
5761,2095,2
5761,3688,4
5761,2002,4
5761,344,3
5761,2424,2
5761,367,3
5761,788,3
5761,2044,2
5761,1701,4
5761,2413,1
5761,1020,3
5761,785,2
5761,3247,4
5761,231,2
5761,3070,2
5761,2683,1
5761,339,4
5761,1405,2
5761,3477,2
5761,2148,4
5761,317,4
5761,2699,3
5761,1391,1
5761,1513,1
5761,587,1
5761,345,3
5761,1614,3
5761,2301,4
5761,1378,3
5761,3040,3
5761,2867,4
5761,2723,1
5761,3712,4
5761,852,4
5761,2407,4
5761,1180,2
5761,2001,3
5761,2003,4
5761,3524,2
5761,2406,3
5761,2245,3
5761,1485,2
5761,2770,2
5761,322,2
5761,141,2
5761,2136,3
5761,2124,3
5761,2261,4
5761,585,3
5761,663,2
5761,1414,1
5761,372,1
5761,1777,4
5761,3740,1
5761,1883,3
5761,3244,2
5761,492,4
5761,3948,3
5761,2102,3
5761,3591,4
5761,1747,1
5761,514,2
5761,223,1
5761,1042,2
5761,3448,4
5761,3613,1
5761,1580,4
5761,2657,1
5761,3552,1
5761,1923,4
5761,2000,1
5761,3104,3
5761,1261,1
5761,2463,1
5761,2797,1
5761,3809,3
5761,1784,2
5761,3255,4
5761,1171,1
5761,2736,3
5761,1517,1
5761,2502,4
5761,2144,1
5761,2700,1
5761,1078,1
5761,3685,4
5761,3108,4
5761,3253,2
5761,2108,2
5761,2593,3
5761,952,1
5761,1806,4
5761,3358,3
5761,1794,3
5761,2750,4
5761,551,4
5761,1307,3
5761,1885,3
5761,1257,3
5761,3868,2
5761,3175,2
5761,21,2
5761,2791,1
5761,1500,2
5761,3210,2
5761,1285,3
5761,2150,2
5761,101,2
5761,1077,2
5761,2174,1
5761,2243,4
5761,3396,2
5761,1215,3
5761,232,4
5761,3521,2
5761,2926,2
5761,2788,3
5761,2918,1
5761,3751,3
5761,1270,1
5761,2289,3
5761,1292,4
5761,1079,4
5761,3361,2
5761,1235,3
5761,3424,3
5761,1963,4
5761,1080,3
5761,235,2
5761,1,4
5761,2973,1
5761,1265,1
5761,1238,2
5761,1188,2
5761,125,4
5761,2064,2
5761,1394,1
5761,1136,4
5761,1304,4
5761,1230,2
5761,2300,2
5761,3504,1
5761,34,3
5761,3897,4
5761,3819,2
1329,2558,3
3691,2012,4
3691,1876,3
791,3798,4
791,2459,4
791,3708,2
791,1388,1
791,2367,4
791,2717,2
791,2003,2
791,2097,2
791,2710,3
791,2118,3
791,1345,2
791,1994,2
791,1321,1
791,2366,3
791,1333,3
791,1982,2
791,3499,1
791,1258,4
791,1387,4
1101,2,3
1101,673,3
1101,653,4
1101,367,3
1101,2622,3
1101,3479,1
1101,1073,3
1101,2161,2
1101,1920,3
1101,2402,4
1101,3339,1
1101,266,3
1101,3441,4
1101,2476,2
1101,1408,4
1101,2941,3
1101,516,4
1101,991,3
1101,2427,4
1101,1960,3
1101,161,3
1101,3062,2
1101,2067,4
1101,1222,2
1101,3654,1
1101,1299,4
1101,41,2
1101,1262,3
1101,969,1
1101,1256,3
1101,1233,4
1101,912,3
3691,880,1
3691,2986,2
3691,1779,4
3691,2808,3
3691,1590,3
1101,1998,4
1101,2389,1
1101,2719,2
1101,2456,3
1101,1644,1
1101,1389,1
1101,2327,1
1101,2163,1
1101,273,2
3691,2011,3
3691,1527,2
1101,1128,1
1101,1762,2
1101,330,2
1101,2793,3
1101,2789,2
1101,2367,1
1101,2279,4
1101,842,1
1101,3264,1
1101,1339,4
1101,253,2
1101,3081,4
1101,3930,3
1101,2633,4
1101,2167,1
1101,70,2
1101,2826,1
1101,1645,3
1101,2710,3
3691,2117,3
1101,2782,2
3691,1748,3
1101,2160,4
3691,32,4
3691,1240,3
1101,1333,4
1101,2716,4
1101,2644,2
3691,750,3
1101,2366,3
1101,1219,2
1101,2648,2
3691,1589,2
3691,2268,1
3691,6,3
3691,866,1
3691,2391,3
4204,2524,2
4204,3408,4
4204,3578,4
3691,1441,2
3691,1190,4
3691,3879,1
1546,3481,2
3833,3327,4
2106,593,3
392,2682,3
392,2763,4
4834,2951,3
4834,2692,2
4834,1250,3
4834,3900,1
4834,3785,3
4834,3755,4
4834,3826,2
4834,3618,2
4834,3556,2
4834,3578,4
4834,3787,3
329,2162,3
329,126,4
329,15,3
329,1681,2
329,1009,1
329,434,3
329,1030,4
329,1015,3
329,3672,4
329,421,3
329,1287,1
329,3265,2
650,3593,1
650,3717,3
650,3316,2
650,3452,1
650,3300,2
650,3555,4
650,3753,1
650,3623,1
650,3755,1
582,42,3
650,3578,2
582,1246,1
582,2976,2
582,36,3
582,2169,1
582,3793,3
582,86,4
582,2987,2
582,2701,3
582,2672,4
582,3798,1
582,3114,4
582,2841,3
582,2806,3
582,2840,3
582,2702,4
582,3273,3
582,2762,3
582,2700,2
582,3081,4
582,2491,1
582,2093,1
582,3617,3
582,1513,1
582,24,3
582,3300,4
582,2490,4
582,3753,3
582,2502,4
582,2581,3
582,3623,4
582,2723,2
582,2734,1
582,3354,3
582,3174,1
582,3752,2
582,2713,4
582,3826,4
582,2676,3
582,2716,3
582,3717,2
582,2719,1
582,3578,1
582,3409,3
582,3175,2
582,3113,4
582,2599,2
582,2428,4
582,1911,1
582,2888,3
582,1093,4
582,2541,4
582,2722,4
582,2772,1
582,3863,2
582,3857,1
582,2355,1
582,3005,3
582,2710,2
582,3593,2
582,2694,2
582,3155,4
582,2683,4
582,2707,3
582,2826,1
582,2706,4
582,1127,3
582,2858,1
3410,1346,1
3410,2009,2
3219,3798,4
3219,1073,3
3219,3617,2
3219,3751,1
5812,3534,2
5812,3000,2
5812,3751,1
5812,3831,3
1716,3752,4
710,2949,1
710,2947,2
710,2948,2
1519,3593,4
1890,1333,3
242,429,3
242,379,3
1142,3753,4
1142,1345,2
1142,1247,3
1142,1711,3
1142,1398,1
5233,3751,2
5233,3794,2
2828,1199,1
4277,2970,2
4277,2444,1
2272,3744,4
2272,3783,2
1969,3623,1
1969,3006,2
1969,3316,4
1556,910,1
1556,903,2
5322,3320,1
5322,3784,1
5322,1734,3
5322,265,1
2131,1388,1
2131,1389,3
2131,1387,2
2131,3481,2
169,3329,1
2841,1394,4
2841,904,3
2841,1232,4
2841,2937,4
2841,669,4
5300,3755,4
5300,3618,4
5300,3578,4
5300,1997,1
5300,3751,3
5300,3793,3
5300,3863,3
5300,3159,4
5300,3790,3
487,34,2
1242,3885,1
1958,3717,2
1958,3863,2
487,2335,3
487,3071,3
487,3618,1
5831,1050,2
3224,3316,4
5539,3365,3
5539,1283,2
5539,1266,2
1139,3787,2
4126,524,1
2269,3203,4
2269,3016,3
2269,2369,3
2269,2722,2
2269,3863,3
2269,2355,3
2269,3298,1
2269,2706,4
2269,2976,3
2269,2770,4
2269,2826,2
2269,2827,3
2269,2710,4
2269,2683,3
2269,3408,3
3423,1441,3
3312,3745,4
3423,3825,1
3423,3717,2
3423,3861,3
3423,3534,2
3423,3225,1
3423,3948,4
3423,3617,2
3423,3555,4
3423,3578,2
438,2582,4
438,3787,2
2872,3104,4
2872,1291,1
2872,3317,3
2872,3911,3
5737,16,3
2904,3948,1
2904,2959,1
3312,2840,3
3312,3157,3
3312,2568,3
3312,2720,2
3312,2605,1
3312,2710,4
3312,3051,3
3312,2691,4
3312,2572,3
1015,156,4
1015,2939,2
1015,2145,1
1015,2885,2
1015,1498,4
1015,2870,1
1015,2245,3
1015,1305,2
3430,529,1
1015,43,4
1015,2247,2
1015,2469,3
1015,3101,4
1015,1054,3
1015,2734,3
1015,2369,2
1015,1246,2
1015,2181,2
1015,2551,1
1015,3675,4
1015,1567,3
1015,3516,1
1015,3211,3
1015,3308,2
1015,3507,2
528,3597,1
1015,3112,1
1015,2022,1
1015,1643,4
1015,2069,1
1015,948,2
1015,2712,3
1015,932,4
1015,934,3
1015,3061,2
1015,1302,1
1015,3098,1
1015,2967,1
1015,1699,3
1015,3168,4
1015,2232,3
1015,3203,2
1015,3546,1
1015,1948,2
1015,3684,1
1015,1961,3
1015,2929,1
1015,2745,3
1015,2071,2
1015,3189,3
1015,2757,4
1015,3102,3
1015,2852,2
1015,2312,2
1015,2212,4
1015,2176,2
1015,3128,2
1015,2333,3
1015,3296,3
1015,2085,1
1015,1962,4
1015,1295,2
1015,3872,2
1015,1730,2
1015,3526,3
1015,388,4
1015,1674,4
1015,982,2
1015,1938,2
1015,2183,3
1015,2729,2
1015,3547,1
1015,3222,3
1015,1935,2
1015,3668,2
1015,531,3
1015,1103,1
1015,954,2
1015,3217,1
1015,3075,1
1015,3011,4
1015,2988,3
1015,154,2
1015,1189,1
1015,1096,4
1015,902,3
1015,3090,4
2131,2707,3
1015,1186,3
1015,2398,2
1015,3347,4
1015,2313,1
1015,929,1
2131,3555,1
1998,608,2
1015,1231,1
1015,955,3
1015,971,1
1015,2927,3
1998,318,4
1998,3504,3
1015,2132,3
1015,1300,1
1015,953,2
1998,1207,3
1015,1207,1
1015,1228,3
1998,3144,2
1998,2468,1
1998,1100,2
1998,2942,2
1998,2805,4
1015,1941,2
1998,2405,1
1998,3103,2
1998,1801,2
1998,3638,4
1998,362,3
1998,1569,1
1998,3524,2
1998,1409,4
1015,2897,4
1998,3528,3
1998,3614,1
1998,468,2
1998,1380,4
1998,339,2
1998,3099,3
1998,1088,2
1998,7,3
1998,11,4
1998,3244,1
1998,1777,2
1998,1721,2
1998,892,4
1998,3699,4
1998,943,3
1015,1218,3
1998,380,2
1998,3516,2
1998,1101,4
1998,1944,3
1998,3081,4
1998,3512,2
1998,2100,3
1998,1722,1
1998,2108,1
1998,539,3
1998,351,2
1015,2923,1
1998,932,1
1998,58,4
1998,440,3
1015,3015,4
1998,2969,1
1998,2671,1
1998,838,2
1998,224,2
1998,1393,2
1998,356,1
1015,3420,4
1998,2081,1
1015,3040,1
1015,3813,3
1015,2779,3
1015,3738,3
1015,2239,4
1998,1265,4
1998,2396,1
1015,3194,4
1015,3244,3
1015,2901,2
1998,969,1
1015,3498,2
1015,1161,2
1015,3167,1
1015,3733,1
1015,2932,1
1015,2730,1
1015,3363,2
1015,2131,4
1015,3135,1
1015,2819,1
1015,1955,2
1998,3483,4
1015,1362,2
1015,3198,4
1015,3814,1
1015,1162,2
1015,3359,2
1015,1303,3
1015,2925,1
1015,1136,1
1015,1419,4
2153,3751,3
1998,3618,1
1998,3751,1
1998,3578,1
329,3858,1
5923,2671,4
5923,3536,2
5923,3752,1
2225,34,1
2225,3882,1
2225,951,1
4042,2599,4
4042,3285,4
4042,303,2
4682,3593,1
4682,3744,3
5831,3000,3
3224,43,4
3224,3219,1
5126,3751,2
3224,2856,2
3224,2433,4
3224,2989,1
3224,2712,1
3224,2509,3
3224,536,3
3224,2155,3
3224,2890,3
3224,1701,4
1551,1748,4
609,1036,2
3691,3785,3
3691,1298,4
3691,3617,2
1165,1186,4
639,1489,1
639,2092,4
639,783,3
639,661,3
639,364,1
639,595,3
639,551,1
639,1035,3
639,1951,2
639,3610,1
639,2087,1
639,1022,4
639,2565,3
639,1032,1
639,2096,2
639,1562,2
639,2616,1
639,1918,2
639,153,2
639,1377,2
639,2002,3
639,3247,3
639,2194,2
639,1084,4
1524,593,4
2193,2762,4
2193,2396,3
2193,3617,1
2193,3753,1
2193,3300,2
2193,3174,2
2193,3752,1
2193,3578,2
2193,2959,1
2193,3005,3
2193,3298,3
2193,3593,2
2193,2694,1
2193,2826,2
2193,2858,3
2193,1127,4
2193,2706,3
343,3745,1
791,3308,1
791,2407,4
791,708,1
791,2371,4
791,1042,2
791,3040,1
791,2518,2
791,1784,3
791,11,1
791,1747,2
791,141,1
791,3448,3
791,356,3
791,2109,1
791,440,3
791,3608,3
791,2406,2
791,1517,4
791,3809,4
791,2302,4
791,3255,2
4823,3858,4
791,1663,3
791,2000,1
791,3253,2
791,2144,2
791,45,2
791,3396,1
791,3210,4
791,2108,1
791,2243,3
791,1080,3
791,1288,2
791,3361,3
791,1307,1
791,3671,1
791,2716,3
791,1278,4
791,2997,4
791,1259,3
791,1197,2
791,1394,3
791,1265,1
791,2804,4
791,3022,4
791,3629,4
791,1033,1
791,3615,1
791,1025,4
791,2078,2
791,364,3
791,588,2
791,2355,4
791,3034,1
791,2085,4
791,1032,4
791,2687,1
791,2081,2
791,1022,3
791,2096,3
791,2987,1
791,2080,1
791,594,1
791,595,4
791,596,4
791,2761,1
791,1023,2
791,2311,1
791,2875,4
791,2752,1
791,1092,4
791,3706,2
791,3044,4
791,2642,4
791,1831,2
791,2034,1
791,185,2
791,1591,1
791,1371,1
791,2094,4
791,2012,4
791,3638,3
791,3745,1
791,2657,1
791,1676,4
791,1356,1
791,1375,4
791,2011,1
791,1876,3
791,610,3
791,1580,1
791,1396,4
791,1372,1
791,2640,3
791,1374,3
791,2455,1
791,1210,3
791,2985,4
791,2916,2
791,1376,1
791,1921,2
791,1200,3
791,1270,2
791,2664,3
791,3471,2
791,1240,1
791,788,3
791,1920,4
791,3489,3
791,2628,3
791,2005,3
791,2054,2
791,2015,3
791,2193,1
791,2161,1
791,2100,4
791,1073,1
791,367,3
791,2797,4
791,260,3
791,1097,3
648,327,4
648,2912,3
648,3537,4
648,3785,3
648,3744,3
648,1997,4
648,3618,2
648,3556,4
4647,2975,2
4647,3831,1
3150,2908,1
531,3798,4
5557,3751,3
1866,1267,3
2493,1214,3
2493,1748,4
2493,32,3
2493,260,1
2493,2571,2
329,2152,3
329,2255,4
329,3715,4
329,432,3
329,3392,4
329,743,4
329,2735,3
329,2473,1
329,2792,1
329,788,3
329,2478,2
329,2375,3
329,2378,4
329,3688,3
329,2405,3
329,1091,3
329,2717,3
329,516,2
329,2241,3
329,2372,4
329,3388,1
329,1135,4
329,2369,4
329,2416,2
329,2134,2
329,2301,3
329,3524,2
329,2469,4
329,2145,3
329,3308,1
329,2001,4
329,2779,1
329,2003,4
329,1958,4
329,3809,1
329,3087,3
329,3740,1
329,3591,2
329,3448,1
329,2747,4
329,927,3
329,3552,3
329,2891,4
329,2371,1
329,2144,4
368,1682,1
368,380,2
329,2109,3
329,2736,4
329,2926,2
329,2406,3
329,3039,2
329,2150,2
329,1663,4
329,1297,4
329,3067,4
329,2352,2
329,3868,4
329,3210,4
329,3685,4
329,2000,1
368,2278,3
368,3100,4
368,3300,2
368,2321,2
329,1269,4
329,921,1
329,1172,1
329,2791,3
329,3543,2
329,3608,4
329,3526,3
329,2243,1
329,2065,2
329,955,4
368,3177,4
368,2058,3
368,62,2
368,2302,4
368,648,4
329,2716,3
329,1285,4
368,485,2
368,175,2
368,3386,2
368,1095,2
368,3578,1
368,3108,1
368,1183,1
368,2336,3
368,1589,3
368,1552,3
368,2976,2
368,95,3
368,851,1
368,2699,1
368,345,1
368,2826,4
1449,3861,4
3792,3798,2
5996,3052,1
5996,3534,3
3363,509,3
3363,3755,3
3363,3751,3
746,3798,2
1778,435,2
1303,3823,2
3842,3751,4
3842,988,3
3842,1885,2
1303,1348,3
770,637,3
5689,3484,1
5689,1175,4
438,919,1
5891,3114,2
5891,3081,2
5891,3617,1
5891,24,3
5891,2598,4
5891,3300,1
5891,3752,1
5891,2856,1
5891,3826,4
5891,3717,4
5891,3510,4
5891,2861,3
5891,2959,2
5891,2605,3
5891,1911,3
5891,1093,1
5891,2718,2
5891,2759,3
5891,223,2
5891,2976,4
5891,3298,4
5891,2997,4
5891,3285,1
5891,2710,1
5891,2858,4
5891,1127,4
5891,3534,2
195,1918,3
195,3157,1
195,1407,3
195,1726,4
195,184,3
195,3550,1
195,1566,4
195,2456,1
195,163,4
195,923,1
195,1105,3
195,1665,1
3688,1248,1
3688,3152,2
3688,1244,3
3688,2932,3
195,3819,1
5831,2147,2
5831,2241,3
5831,1345,4
5831,2037,3
5831,1883,3
5831,1250,4
5831,585,1
5831,110,3
5831,2034,4
5831,2870,4
5831,2707,2
5831,2539,1
5831,3706,3
5831,1690,3
5831,345,4
5831,413,3
5831,3357,4
1354,3354,2
1354,3355,4
1354,3483,3
1354,3863,4
5074,663,2
5074,141,4
5074,635,2
5074,1171,3
5074,2321,4
5074,1794,1
5074,1845,4
5074,1883,2
5074,2302,2
195,3196,2
5074,1612,1
5074,490,4
5074,1190,3
5074,125,4
5074,2330,4
5074,373,2
5074,1249,1
5074,2271,2
5875,508,4
5875,293,3
5875,2997,2
5875,94,2
5875,720,4
5875,2028,3
1611,968,2
1611,1215,3
1611,3206,2
1611,2889,4
1611,663,1
1611,175,3
1611,2054,1
1611,2992,2
1611,413,2
1611,3840,2
1611,1405,1
1611,3461,2
1611,3243,1
1611,337,3
1611,3798,1
1611,1882,1
169,2360,3
22,542,1
22,65,4
73,3052,1
22,1291,3
22,1073,4
22,1198,3
22,3176,2
73,47,4
22,678,3
73,2088,2
73,2478,4
73,2378,3
73,1091,1
22,1127,1
73,2794,3
73,2717,4
73,2054,2
73,2796,3
22,2054,1
73,3033,4
73,2134,2
22,2005,4
22,2193,1
22,2161,1
73,2867,4
73,2011,2
73,3448,2
73,2470,2
73,2003,3
73,3591,4
73,1297,1
73,3087,1
73,3552,1
73,2081,1
73,2150,4
73,3868,3
73,3608,2
73,3768,2
73,3767,3
73,1373,1
73,2410,1
73,2402,4
73,2370,1
73,3444,1
73,1205,2
73,1375,1
73,1587,3
73,2105,2
73,2001,4
73,1374,4
73,2403,3
355,3615,1
438,3345,4
438,2135,1
438,2015,3
438,1013,2
438,1017,4
438,1333,2
438,1201,4
438,2728,3
438,1219,4
438,2095,4
438,2367,2
438,2409,2
438,2014,2
438,1031,4
438,1345,4
438,1954,4
438,1082,3
438,1263,3
438,1387,4
438,2643,3
438,1389,2
438,1972,3
438,2411,2
438,1373,3
438,2048,2
438,2410,4
438,2794,3
438,3388,2
438,2513,1
438,2451,3
438,2478,2
438,2413,1
438,2717,3
438,3441,3
438,2796,1
438,3016,2
438,3412,3
438,1101,4
438,1298,1
438,2115,4
438,2746,3
438,1302,3
438,1246,4
438,592,4
438,1961,2
438,1291,3
438,1036,3
438,1293,4
438,1968,3
438,1242,1
438,1198,4
438,1231,2
438,1225,2
438,2871,2
438,1997,1
438,2788,1
438,1193,1
5520,3555,2
5520,2906,3
721,3639,2
721,3635,2
721,1374,1
721,1304,4
721,2194,2
721,1376,4
721,1214,2
721,1291,4
721,1221,1
721,1287,3
721,1196,1
721,858,2
721,2572,2
2225,3481,3
2303,3751,4
2303,1884,1
5291,509,3
5291,529,2
5291,2700,3
5291,1537,3
5291,1641,4
5291,1,4
5291,3114,3
5291,2908,4
5291,2959,3
4785,3176,1
5291,318,2
5291,2396,3
5291,527,2
5291,1617,4
5291,1094,2
5291,903,2
5291,2366,2
5291,2969,2
5291,3359,3
5291,17,1
5291,2971,2
5291,1292,4
5291,32,2
5291,1263,4
5291,593,2
5291,272,2
5291,260,4
5291,969,2
5291,920,3
5291,2920,3
5291,2348,1
5291,1199,1
5291,1674,1
5291,1272,1
5291,296,3
5291,1201,4
5291,1233,2
5291,1225,1
5291,1089,2
5291,1394,3
5291,1231,2
5291,1147,2
5291,1300,3
5291,1294,4
5291,1213,4
5291,235,1
5291,2997,4
5291,720,4
5291,2858,4
5291,2243,1
5291,1224,4
5291,908,3
5291,1280,1
5291,904,1
5291,3152,1
5291,1237,4
5291,3462,1
5291,858,4
5291,3307,3
5291,3030,3
5291,1252,4
5291,3629,4
5046,3861,3
5046,3617,3
5046,3744,4
5046,3755,4
5046,3578,2
2841,1699,4
2841,1095,1
2841,1233,1
2841,1053,4
2841,648,1
2841,3755,2
2841,3578,1
2841,3751,1
3942,29,1
3942,3917,4
3942,1148,3
3942,570,3
3942,3147,3
3317,2330,4
2380,1201,4
2380,3825,3
2380,3747,1
1551,2912,1
3065,3566,4
3065,3513,3
3065,3909,3
3065,3510,2
3065,3896,4
3065,3793,1
3065,3481,1
1449,3730,4
195,1080,2
3833,2657,4
3833,1291,4
3833,595,3
3159,324,1
3833,2115,2
3833,930,1
3833,3751,3
3833,1278,2
3833,1858,1
3833,1909,4
3833,1073,2
3833,3263,3
3833,3235,2
3833,2297,1
3833,2335,3
3833,1747,3
3833,2324,2
3833,903,4
3833,2105,4
3833,2916,2
3833,1101,1
3833,1722,1
3833,2993,3
3833,552,4
3833,3438,3
3833,1060,2
3833,3844,1
3833,316,4
3833,2628,1
3833,260,1
3833,329,1
3833,3071,2
3833,3635,2
3833,1779,2
3833,3033,1
3833,1396,3
3833,1680,3
3833,539,3
3833,3247,1
3833,2334,4
1748,3578,2
1748,2966,1
5333,3752,3
774,3798,3
774,1912,4
984,3821,4
984,3159,2
984,3117,3
4647,3860,4
1063,2762,4
1063,924,3
1063,50,4
1063,904,4
1063,3745,1
1063,2943,4
306,3177,1
306,3752,3
306,3285,3
306,3316,2
2018,599,3
306,3798,3
306,3596,2
306,3484,3
306,3409,1
306,3298,3
306,3555,2
306,3623,2
306,3273,4
5044,1834,4
5044,3105,3
5044,3163,1
5044,2329,4
5044,1357,3
5044,58,2
5044,36,2
5044,2291,3
5044,3342,4
3224,187,1
5044,3671,4
5044,1244,2
5044,2599,3
2316,3821,1
2316,3507,4
149,3785,2
149,3787,3
149,1190,2
149,2348,3
149,2312,3
149,1250,2
149,3730,4
1074,2529,1
1074,1580,2
1074,1101,1
1074,2115,1
1074,1374,2
1074,1610,1
1074,2993,2
1074,157,3
1074,3066,1
1074,1184,4
1074,780,1
1074,3448,1
1074,688,1
1074,3753,4
1074,534,2
1074,1947,4
1074,17,4
1074,2788,2
1074,3178,3
149,3751,4
149,3618,3
149,3794,1
1218,599,4
1218,2664,3
3940,3114,4
3940,848,2
3679,2372,1
3679,1130,3
3679,3770,3
3679,3917,3
3679,2003,3
3679,1088,3
3679,709,3
3679,3701,2
3679,2746,4
3679,2097,4
3679,2470,1
3679,1216,2
3679,3169,4
3679,2455,3
3679,2115,3
3679,2150,2
3679,3448,2
3679,2261,4
3679,1101,3
3679,3591,3
3679,2401,2
3679,2745,4
3679,3347,4
3679,2081,4
3679,3552,3
3679,2243,1
3679,1663,1
3679,1321,3
3679,1270,4
3679,2830,2
3679,718,4
3679,356,4
3679,2501,2
3679,3920,1
3679,1905,2
3679,3083,4
3679,1213,4
3679,213,3
3679,30,4
3679,1873,1
1125,2011,4
822,1033,2
822,2394,3
822,2987,1
822,2137,4
822,3000,1
1125,1589,3
822,1732,1
822,1198,2
822,1234,1
822,1225,3
822,28,1
822,486,2
5620,3751,3
2878,1689,4
4386,3510,4
2878,2829,2
2878,1617,4
3518,345,4
1395,316,3
1395,69,3
1395,2053,1
1395,1136,4
1395,1080,3
1395,3397,3
1395,3396,4
1395,3398,2
1395,1097,2
1395,2372,1
1395,2371,3
1395,2408,2
1395,1257,4
1395,2174,2
1395,1377,4
1395,2504,4
1447,1941,4
993,3537,3
770,3512,2
770,3484,2
770,1895,1
4277,1,4
4277,3114,1
1015,2086,3
5302,3105,3
5302,150,4
5302,2336,1
5302,1812,4
1074,2470,4
1074,2407,1
1074,2763,2
1074,1722,1
1074,1608,3
1074,968,4
1074,1042,2
1074,2662,1
1074,2759,2
1074,3062,1
1074,2860,4
1074,2406,2
1074,2455,3
1074,1721,1
1074,2944,1
1074,1183,1
1074,1099,3
1074,308,1
1074,3370,1
1074,2355,2
1074,597,3
1074,538,1
1074,342,4
1074,2312,4
1074,3809,3
1074,2268,2
1074,281,1
1074,3098,1
1074,62,1
1074,588,4
1074,2445,2
1074,3244,4
1074,647,1
1074,3308,4
1074,3668,2
1074,3685,2
1074,1302,1
1074,1784,4
1074,2946,2
1074,1097,1
1074,1240,4
1074,3147,1
1074,1307,1
1074,1265,2
1074,2398,2
2020,3265,1
1074,1303,1
1074,1266,4
1074,1231,1
1074,2804,4
1074,914,3
1074,953,1
1074,2565,1
1074,457,3
1074,908,4
5277,3753,4
5277,3006,2
5277,3863,4
2106,3324,1
5948,3083,4
1202,3342,4
1202,2402,1
1202,991,4
1202,3448,4
1202,1272,2
1202,920,2
1202,1208,4
1202,1090,3
1202,1299,1
1202,912,2
1202,3466,3
2131,2912,3
1074,1203,3
1074,3469,3
1074,2965,1
1202,1950,2
1202,1250,4
1202,3751,1
1421,1089,3
4682,1635,3
4682,1845,3
996,2021,3
996,2959,1
996,3765,4
996,759,4
518,2959,2
2077,858,3
2077,1307,1
2077,3896,3
2077,1288,3
2077,1348,4
822,2966,4
822,3794,1
822,3751,2
822,924,2
1639,1197,4
1639,3684,4
791,3070,1
791,3751,3
791,3114,3
791,1,3
2106,3299,1
2106,2171,1
1539,1938,2
1539,898,4
1539,3334,3
1539,928,1
1539,930,1
1539,929,3
1539,1284,2
1539,3095,3
1539,913,2
1539,912,2
1539,1254,2
1539,3435,1
1539,1212,4
1539,1069,1
1539,923,3
1539,942,4
1539,1950,2
1539,1250,3
1539,2966,3
1539,1348,1
1539,1997,3
2246,1245,3
2246,780,3
2246,1785,2
2246,2023,4
2246,3274,3
2246,1370,4
2246,1375,4
2246,3755,4
2246,1527,2
2246,2763,1
2246,733,1
2246,2985,2
2246,288,4
2246,380,2
2246,2001,1
2246,2628,1
2246,494,2
2246,3555,1
2246,2640,3
2246,3107,1
2246,3763,3
2246,3267,1
2246,3702,1
2246,2278,2
2246,1580,4
2246,1372,1
2246,1676,3
2246,1374,1
2246,1275,4
2246,1356,1
2246,3104,2
2246,2058,3
2246,198,3
2246,1220,3
2246,493,1
2246,1376,3
2246,377,2
2246,1222,3
2246,1291,2
2246,2194,2
2246,3578,1
2246,1210,4
2246,1954,2
2246,457,2
2246,1287,4
2246,2000,1
2246,3703,3
2246,3836,2
2246,2366,3
2246,2571,1
2246,3263,3
2246,2843,3
2246,725,2
2246,3150,4
4386,3896,3
3620,3793,2
3620,3825,3
3620,3556,4
1448,2392,3
1448,3824,1
1448,1635,2
1448,2542,4
1448,3858,3
4258,1409,1
5571,841,4
5571,1387,1
5571,1333,4
5571,1214,3
5571,1278,4
3971,3863,4
3971,3556,4
3971,3578,1
3971,36,2
3971,3565,2
3518,663,2
3518,1997,1
3518,2907,3
3681,3863,2
3519,2907,1
267,3357,2
131,3798,1
839,1080,4
839,3086,3
839,1235,4
839,513,4
839,1394,4
839,1243,1
839,493,2
839,2001,1
839,532,4
839,3427,3
839,2268,1
839,3435,1
839,443,1
839,1865,4
839,3129,1
839,3751,4
839,3127,2
1597,1248,4
5329,3709,1
5329,71,1
5329,1612,2
5329,1190,3
5329,3785,2
5329,3755,1
5329,3863,4
5329,3578,4
5329,3751,1
1551,1361,1
623,2761,3
1551,1189,2
3159,293,2
3159,2502,3
1890,2616,2
1890,3247,4
1890,3729,3
1890,2023,3
3159,345,4
1890,2112,1
1890,2268,2
1890,2000,1
1890,431,2
1890,2194,4
1890,1234,4
1890,3751,1
355,3510,2
3159,1617,1
3159,3483,2
3159,3745,1
195,3615,3
1716,3785,4
1716,3594,1
1001,3902,1
1001,2769,1
242,3949,4
4823,2912,4
2127,1909,4
2127,2339,2
2127,3863,4
1113,1252,1
5424,50,2
5424,3863,3
5424,3578,4
5424,3751,2
391,1213,3
391,2664,1
391,974,4
391,2210,2
391,3513,1
391,3798,2
2636,3536,1
5831,3534,4
2020,3182,2
1699,1921,2
1699,2076,2
1699,1682,4
1699,1103,2
1699,556,2
1699,1966,1
1699,32,2
1699,272,1
1699,2871,4
1699,2664,4
1699,921,4
1699,36,2
1699,1119,1
1699,3360,4
4169,2805,3
1699,1094,1
1699,2932,4
1699,2020,1
4169,1632,2
1699,1186,1
1699,448,3
1699,2908,1
1699,2067,3
1699,549,2
1699,1295,4
4169,2053,2
1699,3044,1
1699,1387,3
1699,1179,4
1699,1264,4
4169,2995,4
4169,2724,3
1699,3547,3
1699,2068,4
1699,515,4
1699,2788,1
1699,2352,3
4169,2835,1
1699,1266,3
1699,457,3
1699,308,1
4169,536,3
1699,906,2
1699,1704,3
1699,1242,3
1699,1307,1
4169,287,4
1699,3498,1
1699,2920,4
1699,1090,1
1699,3096,1
1699,1183,2
1699,1185,3
1699,2612,1
1699,3418,3
1699,1189,3
4169,2891,2
4169,671,1
4169,2159,2
1699,1095,3
1699,959,2
1699,1674,4
1699,1089,4
1699,1086,4
1699,3068,1
1699,319,2
1699,3347,1
1699,1234,4
1699,1964,1
2438,1466,2
4169,3906,3
1699,3260,2
1699,3668,2
1699,1938,3
1699,1575,4
1699,589,3
1699,199,4
1699,1231,1
1699,1945,3
1699,2692,1
1699,971,2
1699,1214,2
1699,3679,2
1699,1200,4
1699,1172,1
1699,3676,1
1699,1953,4
1699,1196,1
1699,1303,3
1699,307,1
1699,1272,4
1699,3475,2
1699,2970,4
1699,2313,2
1699,898,2
1699,2300,4
1699,1939,4
1699,2208,1
1699,2202,1
1699,1201,1
1699,924,3
1699,1217,2
1699,1944,2
1699,30,1
1699,247,4
1699,2969,3
1699,1206,4
1699,920,1
1699,2859,1
1699,1283,2
1699,1694,1
1699,608,3
1699,246,2
1699,969,3
1699,3468,3
1699,3811,3
1699,2132,3
4528,1721,4
1699,1131,3
1699,1247,4
1699,3019,3
1699,1041,3
1699,3134,4
4528,25,4
1699,1254,2
1699,527,3
1699,3342,4
1699,1176,3
1699,593,2
1699,3365,2
1699,260,2
1699,1296,3
1699,3089,1
1699,1104,3
1699,1199,2
1699,2010,3
1699,2731,4
1699,1251,1
1699,949,2
1699,50,2
1699,111,1
1699,1132,2
1699,3742,2
1699,1207,1
1699,296,2
1699,928,2
1699,926,1
1699,965,1
1699,750,1
1699,3819,3
1699,363,1
1699,2075,1
1699,2726,3
1699,1213,2
1699,978,1
1699,950,1
1699,908,2
1699,1204,1
4528,157,2
1699,1212,4
1699,923,2
1699,2351,2
4528,2064,4
4528,14,2
4528,2701,1
1699,136,2
4528,3176,2
4528,2763,1
4528,2396,3
4528,2762,1
4528,3185,2
1699,3421,3
1699,858,1
1699,1221,4
4528,1513,4
4528,2906,2
4528,2574,2
4528,2581,1
4528,2723,2
4528,2734,2
4528,2502,3
4528,3623,1
4528,3354,3
4528,3174,4
4528,3160,3
4528,2333,2
4528,2716,1
4528,3408,2
4528,2759,2
4528,2433,2
4528,2770,2
4528,2683,2
4823,3863,2
4823,1186,3
4528,3148,1
4528,3513,2
4528,3555,2
4528,3298,2
4528,3753,4
4528,3893,3
4528,3853,1
4528,3624,1
4528,3481,2
2878,3521,3
2878,1348,4
4528,3578,1
4528,3755,3
4528,3793,4
4528,3751,2
2878,2175,3
4528,3514,4
2878,1900,4
1524,2107,2
1524,2338,1
1524,2389,2
1524,1644,3
1524,742,4
1524,273,3
1524,2428,2
1524,1717,4
1524,2617,4
1524,3264,1
1524,2710,1
1524,724,1
1524,2606,1
1524,2167,4
1524,1407,4
1524,3439,1
1524,455,3
1524,3440,1
1524,2084,4
1524,2953,2
1524,1588,1
1524,3438,2
1524,531,3
1524,34,2
1524,551,4
1524,2876,4
1524,1688,2
1524,595,2
1524,720,2
1524,2141,4
1524,2987,1
1524,1274,4
1524,1033,1
195,1031,3
1524,1073,3
1524,2078,2
1524,1025,2
1524,919,2
1524,1022,1
1524,2096,4
1524,2080,1
1524,47,4
1524,1619,1
1524,1024,1
1524,1029,4
1524,2018,1
1524,596,3
1524,594,4
1524,588,1
1524,1282,1
73,648,2
73,2096,4
73,1371,1
73,2657,2
73,1298,4
73,2375,4
73,1028,1
73,785,4
73,253,3
73,2320,1
73,2706,4
73,3949,2
4528,3173,3
910,2017,2
910,2057,3
4528,1405,3
910,2136,2
4528,1836,2
910,1025,1
4528,417,3
910,1013,1
910,2085,2
910,3494,4
910,2180,2
4528,1966,4
910,911,1
910,1035,2
910,1083,4
910,2160,1
910,2067,3
910,2529,3
910,3168,1
910,914,3
910,1017,2
910,3873,2
910,3076,4
910,1947,1
910,1084,3
910,2728,4
910,3668,3
910,1276,3
910,3296,3
910,1201,3
910,3634,3
910,924,2
910,1204,2
910,1949,4
910,1952,3
910,1207,1
5956,1199,4
4528,1810,1
4528,1291,1
4528,2115,2
4528,1198,3
4528,3044,3
4528,457,4
4528,2858,2
4528,3783,4
996,2987,4
996,2273,3
996,2993,3
996,1954,4
1058,1408,4
1058,1653,1
1058,1293,4
1058,1175,4
1058,3863,1
1058,2804,2
1058,1673,1
1058,2583,2
1058,1250,2
1058,3534,4
1058,1208,2
3079,3083,1
791,1721,3
791,2145,3
791,3098,4
791,1302,2
791,3578,3
791,2723,2
4682,1743,4
4541,3751,2
4541,3578,4
692,1095,3
4682,2883,3
267,3751,2
2778,265,4
2778,1673,1
2778,2797,4
2778,2352,2
2778,1078,4
1579,3168,1
1579,596,2
1579,175,2
1579,1357,1
1579,2174,3
1579,2081,4
1579,16,1
3051,329,1
1579,594,1
1579,2948,1
1579,232,2
1579,1183,3
1579,2294,2
1579,1171,4
1579,2112,3
1579,494,2
1579,58,3
1579,1672,3
1579,3100,3
1579,538,2
1579,1476,4
1579,3253,1
1579,2071,1
1579,357,2
1579,356,2
1579,475,4
1579,1401,1
1579,1271,1
1579,45,4
1579,590,2
1579,300,4
1579,161,1
1579,1465,2
1579,1094,2
1579,1635,2
1579,1784,3
1579,39,1
1579,1694,4
1579,531,1
1579,2268,3
1579,551,3
1579,150,3
1579,595,1
1579,2411,2
1579,2421,3
1579,2473,3
1579,2478,2
1579,2151,4
1579,2794,3
1579,2375,1
1579,2372,1
1579,2517,2
1579,2717,3
1579,2402,3
1579,3033,1
1579,3698,3
1579,2410,3
1579,3444,2
1579,3791,1
1579,2054,2
1579,1033,3
1579,2405,3
1579,3693,4
1579,2453,2
1579,2990,2
1579,1088,3
1579,3478,2
1579,2134,2
1579,2403,4
1579,2011,2
1579,2420,2
1579,2311,3
1579,3740,2
1579,2245,3
1579,2641,4
1579,2003,2
1579,1347,2
1579,1101,4
1579,2005,1
1579,2001,3
1579,2734,3
1579,2989,4
1579,3448,3
1579,3412,3
1579,3101,2
1579,2100,1
1579,2105,2
1579,2470,3
1579,3763,2
1579,2736,1
1579,2455,4
1579,2115,4
1579,3591,3
1579,1129,2
1579,2144,4
1579,1205,2
1579,3552,3
1579,1220,1
1579,2797,4
1579,2745,4
1579,3868,4
1579,3608,3
1579,3527,4
1579,2150,2
1579,3104,2
1579,592,2
1579,2968,2
2131,3178,1
2131,2997,4
2438,2502,3
5312,3624,1
5312,2365,1
5312,3937,2
5312,3408,3
5312,2524,3
5312,1175,3
5312,3751,4
5312,3578,4
3620,3618,2
3620,3717,3
2106,2496,3
2106,74,1
2106,2707,2
2106,3155,2
2106,3105,4
2106,2978,1
696,3536,1
5074,1120,4
5074,16,2
5074,1245,3
5074,346,3
5074,1682,4
5074,3620,3
5074,1719,2
5074,3747,1
3154,3624,4
3154,30,1
3154,1221,1
3154,2023,2
3154,1747,4
3154,3863,1
3154,928,4
3154,2210,3
1958,3051,4
1958,3556,1
1958,3536,4
1729,3325,3
1729,3285,4
1729,3355,3
1729,3569,3
1729,3484,4
1729,3623,2
1729,2773,4
1729,3786,3
1729,3535,3
1729,3598,4
1729,3858,3
1729,3509,3
1729,3896,3
1729,3408,4
1729,3747,1
1729,3317,3
1729,3240,4
1729,3481,1
1729,3571,4
1729,3859,3
1729,3855,1
1729,3910,3
1729,3872,1
1729,2689,1
1729,3676,3
1729,1221,1
1729,948,2
1729,3362,1
1729,3498,1
1729,858,3
1729,2775,2
1729,3649,2
1729,648,2
1729,3617,1
1729,3745,2
1729,3794,3
1729,3159,3
1729,3790,2
1729,1997,4
1729,3556,3
1729,3793,3
1729,3751,2
1729,3578,4
4682,2427,4
2342,1212,3
2342,858,3
169,3863,3
3441,3824,3
3441,3717,2
3441,3618,1
3441,3861,1
2097,3054,2
2097,2092,1
2097,1405,2
2097,2987,2
2097,3213,3
2097,2700,2
2071,318,3
2071,1252,4
2071,1617,4
2071,296,3
2071,3790,4
5394,386,4
5394,273,4
5394,2894,2
5394,3257,1
5394,2411,4
5394,2862,2
5394,583,1
5394,2421,4
5394,2264,2
5394,3127,2
5394,567,4
5394,517,1
5394,1918,2
5394,1027,1
5394,184,3
5394,697,3
5394,381,3
5394,31,3
5394,2410,2
5394,724,3
5394,2165,1
5394,424,2
5394,3020,4
5394,3045,1
5394,1483,4
5394,3328,2
1383,3554,2
5394,2409,1
5394,85,3
5394,1051,2
5394,3502,2
5394,3425,3
5394,1093,1
5394,1173,3
1383,3253,3
1383,2183,1
5394,2271,2
5394,1619,1
5394,280,4
5394,3518,4
1383,2150,2
5394,3426,1
5394,481,3
5394,851,2
5394,229,3
5394,3478,2
5394,3252,1
5394,1711,1
5394,1805,1
5394,1365,3
5394,1013,3
5394,3298,4
5394,1059,1
5394,2420,2
5394,3259,4
5394,3261,2
5394,2062,3
5394,1298,2
5394,1810,1
5394,259,1
5394,358,4
5394,1366,3
5394,524,1
5394,1589,4
5394,1683,4
5394,175,1
5394,1701,3
5394,1799,3
5394,2231,1
5394,3255,2
5394,1416,2
5394,1693,1
5394,1844,1
5394,1699,2
5394,1758,4
5394,3178,3
5394,1357,1
5394,222,3
5394,2025,1
5394,1396,1
5394,249,2
5394,1897,2
5394,3100,2
5394,1729,2
5394,154,2
5394,1554,4
5394,1183,4
5394,431,4
5394,3098,3
5394,1097,1
5394,592,2
5394,3246,3
5394,3071,3
5394,1954,2
5394,1354,1
5394,215,1
5394,1302,4
5394,1953,1
5394,1945,4
5394,3801,3
5394,2313,1
5394,1208,3
5394,1222,2
5394,2890,1
5394,2427,4
5394,3471,1
5394,912,2
5394,3019,2
5394,1960,4
5394,3347,3
5394,3360,3
5394,3089,1
5394,953,4
5394,924,4
5394,1247,2
5394,908,2
5394,1104,2
5394,111,2
5394,1193,2
5394,2357,3
5394,1695,4
3224,1791,4
3224,3515,2
1252,3794,4
4126,3299,4
707,3005,4
2931,2502,3
2931,3535,3
2931,2908,3
1556,608,2
671,969,4
1584,3593,1
1584,3794,4
1584,3617,2
1584,3285,4
1584,3821,1
1584,3355,2
1584,3752,4
1584,3537,2
1584,3299,1
1584,3301,2
1584,3273,2
1584,3618,2
1584,3831,4
1584,3538,3
1584,3510,1
1584,3911,2
1584,720,4
1584,750,2
1584,1193,3
1584,1235,3
201,3617,3
412,3617,3
1865,2893,1
1865,1176,1
1865,306,1
1865,1617,2
1865,1807,3
1865,1874,3
1865,1411,2
1865,3951,2
1865,3861,1
1865,3717,2
1865,3556,1
1865,648,1
1556,858,3
1974,3201,1
3512,1237,4
208,2022,2
208,3163,4
4780,3176,3
4780,2467,2
4780,2871,1
4780,319,1
4780,593,1
4780,1219,1
4780,1212,1
4780,908,3
696,3618,4
1413,3885,4
1800,1907,1
1800,2081,3
1800,2018,2
1800,595,4
1800,2078,3
1800,2087,1
1800,364,1
1800,3034,4
1800,1022,4
1800,2080,4
1800,596,3
1800,3213,2
1800,594,1
1800,3114,1
1800,599,1
1800,1240,2
1800,940,2
1449,942,1
4682,2801,4
4682,3721,2
4682,3114,3
4682,1361,3
4682,3826,4
4682,3302,2
4682,3537,3
4682,3879,2
4682,3240,2
4682,3831,3
4682,3858,3
4682,3719,1
4834,1304,1
4834,1200,3
4834,1214,4
4834,367,4
2544,3158,2
224,2628,3
224,198,3
224,1527,4
224,1356,3
224,1748,1
224,2916,3
224,1396,4
224,1127,3
224,1210,1
224,1584,3
224,1240,1
224,589,3
224,260,3
224,2571,3
4738,2914,3
2076,3900,4
4834,1641,4
4834,2359,1
4834,1784,4
4834,235,2
4834,232,2
4834,2599,2
4834,2324,4
1105,2861,2
1105,3744,2
4834,3906,3
1252,215,1
3512,3052,3
3512,111,4
1252,1090,3
1252,1305,2
1252,1357,4
1252,1643,1
1252,2919,3
1252,529,4
1252,2757,1
1252,3461,4
1252,1222,4
1252,2348,1
1252,3551,1
1252,1185,2
1252,1273,2
1252,1303,3
1252,2076,2
1252,1244,3
1252,3814,2
1252,3152,2
1252,971,2
1252,3037,2
1252,1473,3
1252,3925,1
1252,2028,1
1252,1243,3
1252,1132,4
1252,3342,4
1252,1277,4
1252,2997,3
1252,924,4
1252,2730,1
1252,1208,4
1252,1358,3
1252,940,2
1252,1262,3
1252,1953,3
1252,1950,4
1252,3545,1
1252,1272,2
1252,2908,4
1252,296,2
1252,1206,2
1252,3629,1
1252,3095,1
1252,3363,4
1252,1299,2
1252,1254,1
1252,1300,4
1252,2132,2
1252,3362,3
1252,1247,2
1252,1198,4
1252,1952,4
1252,1225,3
1252,2303,4
1252,446,2
1252,1199,2
1252,1304,2
1252,260,3
1252,2858,3
1252,3514,4
1252,3128,3
3821,2435,1
3821,3900,4
2860,2318,2
993,500,4
993,665,4
993,1265,1
993,3784,3
5636,338,1
5636,3252,4
5636,2889,3
5636,506,2
5636,1621,4
5636,2891,1
5636,1569,3
5636,354,2
5636,3425,3
5636,1093,2
5636,1596,2
5636,152,2
5636,292,3
5636,2433,1
5636,1693,4
5636,2437,2
5636,2435,2
5636,2702,3
5636,175,2
5636,233,3
5636,2394,4
5636,2770,3
5636,1810,1
5636,861,2
5636,1643,2
5636,1672,4
5636,1268,3
5636,2620,2
5636,1680,4
5636,1177,2
5636,3809,3
5636,1190,2
5636,3677,4
5636,3723,1
5636,475,3
5636,3426,4
5636,194,3
5636,1840,2
5636,1357,2
5636,538,2
5636,1571,3
5636,2501,4
5636,1120,2
5636,58,4
5636,2611,2
5636,101,3
5636,1704,2
5636,535,1
5636,2442,1
5636,573,2
5636,3260,1
5636,1649,4
5636,1358,2
5636,3000,1
5636,2959,1
5636,3010,4
4277,1627,3
4277,3181,2
4277,1779,2
4277,2276,2
4277,98,4
4277,298,2
4277,1504,3
4277,2688,4
4277,2284,1
639,788,1
639,2339,2
639,2497,1
639,1894,4
639,1409,4
639,1888,4
639,2316,2
639,362,1
639,1353,1
639,74,4
639,1835,4
639,1801,2
639,2424,4
639,105,3
639,2006,3
639,3269,2
639,361,2
639,2506,4
639,1457,3
639,587,3
639,380,4
639,539,1
639,597,1
639,497,4
639,7,2
639,1569,1
639,1777,1
639,3259,4
639,1721,3
639,151,1
639,356,2
639,440,4
639,2125,3
639,1393,3
639,2942,2
639,3501,2
639,2100,2
639,1101,4
639,1197,2
639,2081,2
639,3753,4
1137,3879,4
1113,123,1
2986,3910,2
5938,1476,1
5938,3809,1
5938,3614,1
5938,1485,2
5938,585,4
5938,1648,1
5938,1569,4
5938,144,4
5938,1642,4
5938,2321,4
5938,1777,3
5938,1517,2
5938,2502,3
5938,357,3
5938,141,2
5938,3175,2
5938,440,1
5938,322,2
5938,45,4
5938,372,1
5938,728,2
5938,2706,4
5938,125,1
5938,2690,4
5938,1732,4
5938,1175,1
5938,2108,2
5938,2171,4
5938,1564,2
5938,342,2
5938,441,1
5938,2700,4
5938,1236,3
5938,497,3
5938,1060,1
5938,101,1
5938,1449,2
5938,3108,4
5938,1188,4
5938,2395,3
5938,1870,4
5938,2359,3
5938,1641,2
5938,2324,1
5938,1223,1
5938,2396,1
5938,2599,1
5938,176,4
321,1198,2
5938,3852,1
5938,3882,2
321,3275,1
5938,3911,4
5938,3481,3
5938,3617,1
5938,3581,1
5938,3751,2
2772,1290,4
2772,1517,2
2772,3638,3
2772,3827,1
2772,3704,4
2772,2528,2
2772,3576,3
2772,2657,4
2772,3702,3
2772,1396,1
2772,2662,1
2772,1748,2
2772,1206,2
2772,1073,3
2772,260,1
2772,1214,2
518,2611,4
518,2443,1
224,3484,3
224,2792,4
224,3717,4
224,3155,4
224,1600,4
224,3270,1
224,3507,3
224,1441,3
224,3555,2
224,47,4
224,3594,1
224,3553,2
224,648,4
224,3793,3
224,3753,4
224,3510,4
224,3755,3
224,3300,4
224,3578,1
224,3861,2
224,3751,4
224,3512,3
146,2993,4
146,2940,4
518,1279,3
518,2336,4
518,2997,3
518,3285,4
362,3785,1
362,3826,3
362,3861,2
362,1997,4
362,3793,3
518,1237,2
5734,3755,3
5734,648,4
5734,3646,3
5734,3793,4
5734,3578,1
5734,47,1
518,2131,3
5734,3751,2
5734,1639,1
518,288,2
518,481,2
1260,3515,4
1260,3747,4
1260,3896,3
1260,3318,1
1260,3783,3
1260,3556,1
1260,3617,4
791,1907,1
791,277,3
791,2792,2
791,3155,4
791,3555,1
791,1466,4
791,2791,3
1447,2820,1
1447,1952,2
372,3755,1
372,3054,1
1447,724,2
372,3717,2
1447,3758,4
1447,2739,3
1447,1991,1
1447,3250,3
1447,1320,4
1447,1225,1
727,3100,2
727,3512,1
727,3189,2
195,306,4
5074,3536,4
5074,3571,4
5074,3798,4
5074,2337,1
5074,2672,4
5074,2840,1
5074,2841,2
5074,2598,1
5074,3219,1
5074,2805,3
5074,785,1
5074,3826,3
5074,3409,4
5074,2861,4
5074,2718,4
5074,1093,2
5074,2759,4
5074,2722,2
5074,2770,2
5074,2694,3
5074,2979,4
5074,2706,3
5074,2870,3
5074,2946,1
1447,2153,2
1447,393,4
1447,737,2
1447,1667,1
1447,485,4
1447,479,4
1447,533,2
1447,544,1
1447,315,3
1447,548,3
1447,442,4
1447,2376,3
1447,1552,1
1447,2403,1
1447,3274,2
1447,376,3
1447,2990,4
1447,1385,4
1447,145,3
1447,861,3
1447,1101,2
1447,3635,3
1447,494,3
1447,3624,1
1447,1527,2
1447,3256,1
1447,2991,3
1447,2993,2
1447,474,2
1447,2947,4
1447,1275,1
1447,1907,2
1447,2748,4
1447,3877,2
1447,2642,1
1447,208,4
1447,158,2
1447,733,2
1447,1049,3
1447,112,1
1447,3412,4
1447,2115,1
1447,1291,3
1447,1287,1
1447,1427,2
1447,1499,1
1447,547,4
1447,782,1
1447,798,1
1447,1438,4
1447,61,4
1447,95,1
1447,1608,4
1447,165,1
1447,1544,2
1447,3082,2
1447,423,4
1447,89,2
1447,1687,3
1447,10,1
1447,1892,4
1447,2353,4
1447,1047,2
1447,3686,4
1447,1370,4
1447,832,4
1447,2058,2
1447,349,2
1447,3075,4
1447,2763,4
1447,288,1
1447,2183,4
1447,3267,4
1447,1625,2
1447,2871,2
1447,457,3
1447,1249,2
1447,1610,3
1447,1036,4
1447,1218,4
1447,432,1
1447,303,1
1447,553,3
1447,3508,4
1447,1283,2
1447,714,2
1447,1266,2
1447,1556,3
1447,258,2
1447,3705,3
1447,15,1
1447,2822,1
1447,1479,1
1447,736,3
1447,1835,2
1447,353,2
1447,163,2
1447,252,4
1447,3259,1
1447,2006,4
1447,1722,1
1447,1777,1
1447,1680,3
1447,377,4
1447,1639,4
1447,1172,2
1447,1247,3
1447,1754,4
1447,1597,4
1447,1689,4
1447,1092,3
1447,1909,2
1447,1464,1
1447,3044,4
1447,1269,2
1447,1284,3
1447,1212,2
1447,903,1
1447,2265,2
1447,2383,3
1447,3031,2
1447,2382,1
1447,3268,4
1447,2380,4
1447,174,2
1447,19,1
1447,374,3
1447,505,1
1447,2953,1
1447,355,3
1447,2379,1
1447,1550,3
1447,2036,2
1447,3669,3
1447,360,4
1447,520,1
1447,88,1
1447,1646,4
1447,542,1
1447,415,1
1447,186,4
1447,1588,4
1447,433,2
1447,2042,1
1447,1581,3
1447,1021,1
1447,818,4
1447,305,4
1447,743,2
1447,3385,2
1447,3208,2
1447,429,2
1447,1461,3
1447,1409,3
1447,833,1
1447,1503,3
1447,3243,4
1447,2060,3
1447,719,2
1447,2478,3
1447,2375,3
1447,518,3
1447,236,2
1447,333,4
1447,2794,4
1447,2378,2
1447,413,4
1447,1020,2
1447,216,4
1447,2072,2
1447,2082,1
1447,237,1
1447,586,4
1447,3033,4
1447,552,1
1447,500,3
1447,1703,3
1447,2796,1
1447,2405,2
1447,2335,1
1447,2413,3
1447,2133,3
1447,248,1
1447,1317,1
1447,344,1
1447,2134,3
1447,597,2
1447,1711,4
1447,1701,4
1447,587,4
1447,410,4
1447,3614,3
1447,3254,1
1447,1485,4
1447,5,1
1447,3263,2
1447,231,2
1447,1858,3
1447,3264,3
1447,2301,2
1447,368,3
1447,3809,2
1447,2496,4
1447,3740,2
1447,539,1
1447,585,4
1447,2671,2
1447,1569,1
1447,2423,2
1447,2539,3
1447,2124,2
1447,3087,2
1447,380,3
1447,3466,2
1447,2261,4
1447,104,3
1447,2195,4
1447,2302,3
1447,3072,1
1447,471,2
1447,543,3
1447,2108,2
1447,1948,2
1447,3253,3
1447,3052,4
1447,2155,2
1447,2406,1
1447,3398,1
1447,2144,2
1447,1641,4
1447,3552,3
1447,799,2
1447,180,2
1447,1449,2
1447,1517,2
1447,3028,2
1447,3210,3
1447,497,1
1447,3868,1
1447,2109,3
1447,1923,2
1447,2321,1
1447,39,1
1447,3397,4
1447,1257,2
1447,3608,4
1447,3481,1
1447,348,4
1447,3396,2
1447,3088,4
1447,2150,3
1447,52,3
1447,3462,4
1447,3421,1
1447,1307,3
1447,513,4
1447,2918,3
1447,3671,4
1447,2788,3
1447,1079,4
1447,1080,1
1447,1265,3
1447,34,3
1447,1304,2
1447,1197,3
1447,1235,2
1447,1394,1
1447,1136,3
1447,3629,2
1447,1064,3
1447,1405,2
1447,2141,4
1447,1025,3
1447,2089,1
1447,1566,3
1447,2294,1
1447,2085,2
1447,2096,2
1447,596,4
1447,3213,4
1447,2139,3
1447,3034,3
1447,2018,3
1447,1,1
1447,1223,4
1447,745,1
1447,1148,3
1447,1030,3
1447,1688,4
1447,783,2
1447,1380,4
1447,1088,1
1447,1951,2
1447,2083,2
1447,107,4
1447,3549,3
1447,661,3
1447,1032,3
1447,1028,4
1447,2081,4
1447,914,1
1447,588,1
1447,364,2
1447,595,3
1447,551,3
1447,2027,1
1447,1562,4
1447,1647,4
1447,153,4
1447,2126,1
1447,762,1
1447,434,1
1447,70,3
1447,464,2
1447,2616,2
1447,1377,2
1447,3247,4
1447,2278,2
1447,1732,4
1447,1729,4
1447,555,4
1447,1500,2
1447,6,1
1447,3265,1
1447,50,2
1447,1089,4
1447,910,3
1447,3440,4
1447,2253,2
1447,3439,1
1447,3438,2
1447,2399,2
1447,3489,2
1447,2143,4
1447,367,3
1447,2,2
1447,317,3
1447,2100,4
1447,1967,1
1447,2005,2
1447,2193,2
1447,1073,4
1447,2161,1
1447,2797,3
1447,2174,4
1447,2087,3
1447,913,1
1447,2726,3
1447,1260,1
1447,922,3
1447,1617,2
1447,1252,2
1447,1267,2
1447,2186,2
1447,3683,3
1447,519,1
1447,546,3
1447,692,1
1447,160,1
1447,1882,2
1447,1590,1
1447,3802,4
1447,2053,3
1447,1591,1
1447,172,3
1447,173,1
1447,2986,4
1447,1831,4
1447,1779,2
1447,338,3
1447,2808,1
1447,849,2
1447,185,1
1447,379,4
1447,1917,3
1447,435,3
1447,3697,4
1447,3638,1
1447,3269,1
1447,2615,2
1447,3340,4
1447,504,4
1447,1690,3
1447,3698,2
1447,2661,3
1447,1603,2
1447,2054,3
1447,2012,4
1447,2628,1
1447,2641,1
1447,2094,1
1447,316,4
1447,2046,2
1447,3704,3
1447,2407,4
1447,3827,1
1447,2011,1
1447,671,1
1447,2311,3
1447,2640,3
1447,2105,2
1447,2657,2
1447,1580,1
1447,2140,2
1447,198,2
1447,1573,1
1447,480,1
1447,3527,4
1447,2985,1
1447,2529,2
1447,2916,3
1447,1584,3
1447,1748,3
1447,2010,1
1447,1270,1
1447,589,2
1447,3703,4
1447,1240,3
1447,2571,2
1447,1206,1
1447,924,4
1447,1199,1
1447,260,1
1447,541,1
1447,3433,2
1447,3431,3
1447,703,3
1447,1382,4
1447,1726,3
1447,3257,3
1447,765,1
1447,1515,1
1447,436,2
1447,996,3
1447,42,3
1447,2297,1
1447,92,4
1447,1918,1
1447,2829,2
1447,517,3
1447,1027,2
1447,3020,1
1447,1727,2
1447,26,2
1447,1620,2
1447,3252,4
1447,2002,4
1447,450,3
1447,524,4
1447,1801,4
1447,2023,2
1447,1833,2
1447,892,3
1447,1884,4
1447,3844,2
1447,454,4
1447,2182,4
1447,1173,4
1447,3125,1
1447,1876,4
1447,481,1
1447,507,2
1447,1399,4
1447,1059,2
1447,3107,3
1447,491,3
1447,2001,3
1447,224,2
1447,1366,1
1447,1693,4
1447,3255,3
1447,3723,4
1447,2718,3
1447,2114,2
1447,1747,4
1447,1721,1
1447,1946,2
1447,412,3
1447,1589,4
1447,1672,1
1447,1476,2
1447,431,3
1447,535,4
1447,161,2
1447,94,3
1447,1653,3
1447,58,3
1447,2067,4
1447,300,2
1447,3363,2
1447,1357,2
1447,45,4
1447,590,2
1447,1784,4
1447,3168,1
1447,21,3
1447,3668,2
1447,2000,2
1447,2045,4
1447,249,4
1447,1953,1
1447,1103,4
1447,1185,3
1447,16,2
1447,3089,4
1447,1957,1
1447,2025,1
1447,592,3
1447,1694,1
1447,272,1
1447,3271,2
1447,778,2
1447,1704,3
1447,1246,1
1447,2329,2
1447,1302,4
1447,1944,1
1447,1097,3
1447,2194,3
1447,1968,4
1447,293,2
1447,2291,1
1447,1084,4
1447,235,1
1447,1682,4
1447,1956,1
1447,2020,1
1447,337,2
1447,3181,2
1447,1277,3
1447,3738,2
1447,2065,2
1447,529,2
1447,1203,3
1447,2398,1
1447,3471,1
1447,32,1
1447,150,3
1447,509,4
1447,1259,4
1447,25,3
1447,919,3
1447,1228,4
1447,1245,3
1447,1673,1
1447,1411,3
1447,1945,3
1447,1288,3
1447,1293,3
1447,954,4
1447,111,2
1447,1358,2
1447,3546,1
1447,908,4
1447,2303,1
1447,3006,2
1447,247,4
1447,1243,1
1447,3897,3
1447,2289,1
1447,953,3
1447,608,2
1447,2804,1
1447,3307,2
1447,593,2
1447,1193,1
1447,3548,3
1447,1213,2
1447,2324,2
1447,1104,1
1447,3504,4
1447,296,2
1447,923,3
1447,318,1
1447,1237,4
1447,858,3
1447,1221,1
1447,3767,4
1447,3768,3
1447,3766,4
1447,157,2
1447,473,4
1447,516,4
1447,2402,4
1447,466,4
1447,1391,4
1447,3441,4
1447,780,2
1447,2476,3
1447,1205,2
1447,2106,1
1447,3062,2
1447,1676,2
1447,2287,4
1447,2662,2
1447,1183,4
1447,1094,1
1447,356,2
1447,1078,2
1447,1408,2
1447,1263,1
1447,1090,3
1447,2944,2
1447,1210,2
1447,2890,2
1447,110,3
1447,2028,3
1447,1294,2
1447,1256,1
1447,1222,1
1447,1272,1
1447,3742,1
1447,1927,4
1447,1224,4
1447,1208,2
1447,912,1
1447,1262,4
1447,1200,4
1447,1242,1
1447,750,2
1447,1196,4
1447,527,3
1447,1204,2
1447,3574,4
1447,2974,4
1447,3908,4
1447,1389,4
1447,1996,3
1447,3573,4
1447,1992,3
1447,1993,2
1447,2338,2
1447,1862,2
1447,3021,4
1447,12,2
1447,2548,2
1447,2902,1
1447,1972,3
1447,1975,2
1447,1983,2
1447,330,1
1447,273,1
1447,1987,1
1447,1388,1
1447,1644,1
1447,2107,4
1447,1995,2
1447,2789,4
1447,1976,2
1447,2513,2
1447,842,4
1447,332,4
1447,2717,1
1447,196,4
1447,2517,3
1447,879,2
1447,328,3
1447,2617,1
1447,2389,3
1447,2451,4
1447,1717,2
1447,2459,1
1447,1128,1
1447,2279,2
1447,426,4
1447,1339,1
1447,3576,1
1447,2167,3
1447,2747,1
1447,2003,4
1447,2454,3
1447,2633,2
1447,2746,1
1447,2644,2
1447,1924,4
1447,3535,3
1447,2118,4
1447,1407,2
1447,1645,2
1447,1350,2
1447,1345,1
1447,1333,2
1447,2782,1
1447,1994,1
1447,366,4
1447,1215,4
1447,2288,2
1447,2366,2
1447,2160,2
1447,3499,2
1447,3932,3
1447,2664,2
1447,2648,4
1447,1387,2
1447,1982,2
1447,1214,1
1447,1261,4
1447,1258,1
1447,1219,4
1447,2701,4
1447,2987,2
1447,2700,1
1447,2762,1
1447,3081,4
1447,1513,4
1447,2396,1
1447,2395,3
1447,3273,3
1447,43,3
1447,2686,4
1447,2093,1
1447,24,1
1447,2394,2
1447,2013,2
1447,968,1
1447,2574,4
1447,2502,4
1447,3623,1
1447,2709,3
1447,2622,3
1447,2723,4
1447,3160,1
1447,3053,2
1447,2713,1
1447,2690,2
1447,785,3
1447,2719,1
1447,2716,3
1447,3175,4
1447,2580,1
1447,2712,3
1447,2959,2
1447,2428,3
1447,2336,2
1447,2599,4
1447,3615,4
1447,3203,1
1447,2722,3
1447,223,4
1447,2770,4
1447,3786,2
1447,2355,2
1447,2997,3
1447,2710,3
1447,2694,3
1447,2699,4
1447,2707,3
1447,2683,3
1447,1127,3
1447,2706,1
1447,2572,1
1447,3785,3
1447,3578,4
1447,277,3
1447,3616,2
1447,648,3
1447,3744,2
1447,3863,2
1447,2792,3
1447,1129,2
1447,3745,2
1447,1441,4
1447,3753,4
1447,3270,4
1447,3755,3
1447,3507,4
1447,3793,3
1447,2791,2
1447,1466,1
1447,47,4
1447,1282,3
1447,3751,3
1447,1997,2
1447,1348,3
1447,3159,3
1447,1248,1
1447,2858,4
737,1840,4
737,592,1
1780,2959,1
5394,818,3
5394,1011,1
5394,153,1
5394,466,1
5394,2473,4
5394,195,1
5394,1461,3
5394,435,4
5394,135,3
5394,3243,2
5394,2142,3
5394,3399,3
5394,2374,2
5394,2478,4
5394,2372,4
5394,2794,1
5394,3258,3
5394,719,1
5394,1379,1
5394,2378,4
5394,1390,4
5394,2375,3
5394,3120,2
5394,833,1
5394,2163,2
5394,216,4
5394,2717,3
5394,236,4
5394,3869,1
5394,1854,2
5394,1091,3
5394,550,2
5394,2335,4
5394,333,2
5394,2151,1
5394,218,1
5394,2796,3
5394,2249,3
5394,122,2
5394,237,2
5394,2405,4
5394,2004,4
5394,1816,4
5394,1425,2
5394,3388,4
5394,2054,2
5394,2765,2
5394,1405,3
5394,70,4
5394,3247,3
5394,1010,3
5394,1689,4
5394,413,3
5394,344,4
5394,2134,1
5394,2472,2
5394,2413,4
5394,2418,2
5394,2012,4
5394,552,3
5394,3712,1
5394,500,2
5394,587,2
5394,1513,4
5394,3477,1
5394,2416,2
5394,2133,2
5394,3450,1
5394,612,3
5394,1614,4
5394,3254,1
5394,2509,2
5394,410,4
5394,1378,1
5394,2003,3
5394,585,4
5394,1377,2
5394,3812,4
5394,1753,4
5394,231,3
5394,2469,2
5394,1895,3
5394,2141,1
5394,574,2
5394,7,1
5394,597,4
5394,450,4
5394,2751,2
5394,2136,3
5394,1454,3
5394,2470,3
5394,3809,1
5394,372,3
5394,2423,4
5394,3591,1
5394,1057,2
5394,804,2
5394,2124,3
5394,1747,2
5394,2407,4
5394,1002,3
5394,3448,2
5394,492,3
5394,380,1
5394,104,2
5394,2100,3
5394,1777,2
5394,1580,3
5394,2078,4
5394,3129,1
5394,2102,1
5394,2371,4
5394,3087,4
5394,144,3
5394,3398,2
5394,1517,2
5394,2697,2
5394,543,2
5394,2155,1
5394,3397,2
5394,2295,4
5394,356,3
5394,2144,3
5394,1257,3
5394,911,3
5394,2081,3
5394,1215,4
5394,2797,1
5394,3253,4
5394,496,1
5394,1449,4
5394,322,3
5394,2359,3
5394,2795,3
5394,2080,1
5394,551,1
5394,3868,2
5394,915,2
5394,3083,1
5394,3852,1
5394,2051,2
5394,1380,4
5394,2657,4
5394,2779,2
5394,3200,2
5394,594,4
5394,919,4
5394,746,1
5394,942,2
5394,2203,4
5394,930,2
5394,2186,2
5394,541,1
5394,1748,4
5394,1073,4
1824,3798,2
1824,3898,1
839,14,4
839,2188,1
839,3707,1
839,347,2
839,2374,3
839,991,2
839,1816,4
839,1173,4
839,1840,2
839,159,3
839,1880,1
839,2702,4
839,2337,4
839,3423,2
839,2271,3
839,1727,3
839,1701,3
839,1483,4
839,1177,1
839,345,4
839,3252,3
839,454,1
839,2023,3
839,2420,3
839,1884,1
839,3145,3
839,372,2
839,1613,1
839,508,2
839,3308,1
839,1810,4
839,1051,2
839,2474,3
839,524,1
839,1059,4
839,1693,3
839,1190,1
839,175,2
839,2928,4
839,491,2
839,2734,4
839,233,3
839,1611,2
839,2283,4
839,1759,2
839,1268,4
839,412,4
5074,30,2
839,766,2
839,300,3
839,62,2
839,1401,3
839,3186,2
839,3678,3
5074,1365,1
839,2976,2
1702,2302,1
1702,3466,1
1702,1527,2
839,948,2
839,1271,1
839,501,1
1702,2174,2
1702,553,4
5074,3929,4
839,515,3
839,2231,4
839,1395,1
1702,592,1
1702,480,4
839,94,3
1702,356,2
5074,3949,4
1702,1302,2
1702,2687,1
1702,2321,3
839,16,2
839,538,1
839,1305,1
839,1302,4
839,1161,1
839,1120,4
5074,3863,2
5074,3896,1
839,1962,1
839,1635,4
1702,364,4
839,3089,2
839,272,4
839,2612,1
839,2866,4
1702,588,1
839,2745,1
839,2712,2
839,1246,2
839,3169,1
839,448,4
839,194,4
839,2739,3
839,3296,4
5074,3006,2
839,2348,4
839,3424,4
839,3163,3
1702,2797,3
839,1682,4
839,1719,3
839,3360,4
1702,2291,2
839,1293,4
839,247,1
839,2398,1
839,1594,2
1702,1682,3
839,3095,4
839,1952,3
5074,3819,2
1702,1704,2
839,2313,2
1702,366,3
839,3181,4
839,1699,4
1702,1210,1
839,3362,2
1702,110,2
839,1217,2
1702,3500,1
1702,1259,2
5074,2150,3
5074,1957,4
839,2728,2
839,1104,1
839,908,3
839,1225,1
839,1237,1
5074,2137,1
5074,3304,1
5074,3015,3
839,3091,3
839,1193,2
5074,3836,3
839,923,4
839,1207,1
5074,3167,3
5074,3588,3
5074,1161,1
5074,3498,3
1702,1219,3
839,1009,3
5074,3884,1
839,3153,3
5074,3124,2
5074,3852,2
5074,3948,4
5074,3893,1
1988,2605,3
1702,3421,4
839,1601,4
5074,74,4
5074,804,2
5074,587,4
5074,3614,3
839,922,1
839,2186,2
5074,1569,3
5074,1658,4
5074,2502,1
5074,1441,1
5074,1835,3
5074,543,2
5074,3261,1
5074,3426,2
5074,163,2
5074,2481,1
1702,296,1
5074,1523,2
5074,3897,2
5074,3910,4
5074,3794,3
5074,3553,1
5074,3618,1
3512,1921,2
5333,2549,4
5333,3186,4
1556,2965,1
1556,3440,4
1556,2701,1
1556,3439,1
1556,1831,1
1556,3452,4
1556,3438,2
1556,1552,3
1556,2881,2
1556,1608,4
1556,3827,3
1556,3082,3
1556,368,2
1556,3623,2
1556,2006,4
1556,2879,2
1556,3744,3
1556,377,1
1556,2985,1
1556,2993,3
1556,810,3
1556,473,2
1556,1474,2
1556,710,3
1556,867,1
1556,135,2
1556,2142,4
1556,586,4
1556,2015,1
1556,500,3
1556,2470,3
326,2967,1
326,2634,3
326,2302,3
326,2340,3
326,3255,4
326,198,3
326,2644,2
326,1517,4
326,2108,4
326,377,1
326,3061,2
326,3198,3
326,2944,4
326,1480,1
326,1580,2
326,3893,3
326,3011,2
326,952,4
326,1653,4
326,2728,1
326,678,3
326,342,1
326,1393,1
326,2144,3
326,1250,2
326,1086,1
326,3468,4
326,1245,1
326,3076,3
326,3703,3
326,1957,2
326,1961,3
326,3730,3
326,1997,3
326,2303,4
326,2398,3
326,3504,4
326,928,2
1425,231,4
1425,653,2
326,3469,1
1425,1167,2
1425,3258,4
326,1221,1
1425,1968,4
1425,603,4
1425,1345,4
1425,141,4
326,621,4
1425,3024,4
1425,2526,3
1425,2239,2
1425,2177,3
1425,1380,4
1425,3396,3
1425,1073,2
1425,1997,1
1425,1982,4
3018,1278,1
3018,1080,4
3018,1294,3
3018,3284,1
3018,3421,2
3018,1136,2
3018,2366,4
3018,2947,2
3018,2944,4
3018,3366,2
293,615,1
293,3302,1
293,3273,1
293,3615,2
293,3915,3
5367,2266,1
5367,1304,2
293,2002,2
293,2545,2
293,344,4
293,231,2
293,1020,2
293,833,4
293,3264,2
293,2424,2
293,1485,3
293,3450,1
293,2539,3
293,539,3
293,3263,2
293,1405,4
293,356,2
293,597,2
293,852,4
293,187,4
293,543,1
293,2436,4
293,2706,2
293,471,4
2895,3593,1
293,3253,1
293,1517,1
293,348,4
293,2355,2
293,2396,4
293,3677,1
293,1799,2
293,2676,2
293,3425,2
293,3386,2
293,2112,3
293,3255,3
293,321,2
293,334,2
293,515,2
293,150,4
293,2336,2
293,2963,3
293,34,2
293,3439,4
293,3440,4
293,3438,2
293,2,1
293,3646,1
293,3785,4
293,3826,4
293,3751,4
293,3793,3
293,3879,2
293,3863,3
293,1997,2
293,3864,2
5956,2273,2
5956,1569,3
5956,2046,1
5956,1801,3
5956,3247,3
5956,180,4
5956,3145,3
5956,2721,4
5956,597,1
5956,261,4
5956,1484,1
5956,16,2
5956,3476,3
5956,2125,1
5956,1653,1
5956,3274,1
5956,1682,3
5956,1393,4
5956,588,2
5956,3147,4
5956,1730,1
5956,1639,2
5956,628,4
5956,232,1
5956,1449,3
5956,1537,2
5956,549,3
5956,3744,4
1639,3178,4
5956,1507,1
5956,3429,2
1639,3125,3
1639,3509,1
1639,3784,4
1639,2054,1
1639,3798,4
791,1219,2
518,1014,1
518,1951,3
518,2764,4
518,1013,4
518,2056,4
518,2181,1
518,2160,1
518,1028,1
518,3451,1
518,2550,2
518,3076,4
391,3404,4
518,1247,1
1243,265,1
1243,1073,1
1243,3000,4
1243,1997,2
5689,319,1
3051,3863,4
195,239,4
195,2687,2
195,3298,1
5367,3163,2
1303,923,2
195,2374,2
195,3388,1
195,1347,3
438,1490,3
438,2514,4
438,619,1
438,2338,3
438,688,1
438,374,4
438,2084,2
438,2412,1
438,169,2
438,2036,4
438,1474,4
438,1644,1
438,842,1
438,2327,2
438,2092,1
438,3764,4
438,3004,4
438,836,3
438,996,3
438,2389,1
438,193,4
438,542,2
438,2793,4
438,2505,3
438,1973,3
438,2429,2
438,736,2
438,1792,1
438,2335,3
438,434,3
438,2252,2
438,1027,2
438,362,4
438,1717,2
438,1726,4
1192,296,2
438,1609,2
438,1552,1
438,3869,3
438,1779,3
438,48,3
438,2,2
1192,1573,3
438,2625,2
438,786,4
1192,2396,2
438,1686,1
438,1385,1
1192,2599,4
438,3247,2
438,1620,2
438,303,1
1192,34,4
438,2297,1
438,2710,4
438,2581,1
438,724,1
438,2334,2
1192,2692,1
438,2249,3
1192,3271,1
1192,608,3
438,410,1
438,1645,4
438,1810,1
438,2424,1
438,1049,1
438,1339,1
438,450,4
1192,1966,1
438,2617,1
438,2712,3
438,2058,4
438,3081,1
438,1416,4
438,1619,2
438,165,2
438,10,2
438,2059,3
438,2231,2
438,648,1
438,383,3
438,1051,3
1192,2501,1
438,1370,2
438,112,1
438,62,1
438,147,3
1192,3751,3
438,2433,4
438,288,2
438,3159,2
438,733,3
438,2353,3
438,1442,2
438,163,3
1192,3897,4
438,524,3
438,2236,1
438,1408,3
438,377,1
438,1059,4
438,1061,1
438,556,3
438,1797,2
438,991,2
438,6,4
438,627,4
438,2427,1
438,1729,4
438,700,1
438,1120,1
438,3499,3
438,3100,1
438,1639,3
438,47,2
438,1393,4
438,247,3
438,3250,2
438,2762,2
438,608,3
438,593,4
438,1213,1
438,3273,3
438,3786,3
438,3298,1
438,3785,4
438,3536,1
438,3481,3
4522,3354,1
4522,3863,3
4522,3786,3
4522,3752,4
4522,3717,1
4522,3784,4
4522,3623,3
4522,3798,2
4522,3513,3
4522,3744,1
4522,3747,1
4522,3865,4
4522,3794,4
4522,3827,3
4522,3753,3
4522,3555,1
4522,3515,4
4522,3861,3
4522,3536,1
4522,3943,3
4522,3617,4
4522,3185,3
4522,3893,1
4522,3948,1
4522,3578,4
4522,3408,1
4522,2769,4
1113,599,2
4522,3916,1
4522,3481,2
4522,3911,1
4522,3897,1
4647,3510,1
5458,3831,3
5087,3484,2
5734,1282,4
5087,3784,2
5734,1093,3
5734,48,3
5734,901,4
5734,1081,4
5734,3061,1
5734,364,3
5734,1035,4
5734,588,3
5734,1416,1
5734,595,2
5734,2080,3
5734,1288,3
5734,914,4
5734,938,2
5087,3483,2
5087,3861,3
2106,2188,4
2106,1611,3
3821,3949,4
1218,1916,1
3693,1660,4
4489,3571,2
4489,1732,1
4489,1799,3
4489,3744,1
4489,3763,2
4489,2278,1
4489,1805,4
4489,2110,1
4489,1645,1
4489,1729,4
4489,2000,4
4489,2391,2
4489,1179,2
4489,3896,3
4489,866,3
4489,2194,1
4489,1500,3
4489,293,2
4489,47,4
4489,1213,4
4489,1234,1
4489,858,2
4489,1089,2
4489,608,4
4489,1617,2
4489,296,4
4489,50,3
4489,1221,3
4489,2448,1
4489,611,3
4489,327,3
4489,3923,1
4489,1690,1
4489,2012,3
4489,2046,2
4489,2665,2
4489,1334,1
4489,2140,4
4489,3927,1
4489,3932,2
4489,1199,3
4489,1396,3
4489,3785,3
4489,3879,4
4489,3556,2
4489,3751,2
3792,2116,4
3792,3797,4
3792,3824,1
3821,3178,1
3821,3896,4
3821,3794,2
3821,3906,1
2638,2571,2
2638,1631,4
2063,3752,4
518,2186,3
518,2686,2
518,2062,1
518,2942,3
518,3259,3
518,3269,3
518,2710,1
518,2630,1
518,2950,4
518,3721,2
518,490,3
518,3755,3
518,650,3
518,47,3
518,3257,1
518,3452,2
518,1475,2
518,2875,1
518,1894,1
518,168,2
518,1398,3
518,1409,3
518,1801,4
518,289,4
518,302,4
518,46,3
518,2006,4
518,7,2
518,1597,4
518,802,4
518,468,2
518,1339,4
518,1569,1
518,2496,4
518,339,2
518,708,4
518,587,3
518,1057,4
518,1101,3
518,1643,4
518,377,3
518,1380,4
518,249,2
518,1733,3
518,597,2
518,911,1
518,1721,1
518,356,3
518,380,2
518,357,3
518,2671,4
518,1286,3
518,509,2
518,342,2
518,3699,2
518,898,3
518,1680,3
518,932,1
518,2919,3
518,3097,3
518,2872,4
518,2291,1
518,915,1
518,1656,2
518,222,3
518,1183,2
518,1197,1
518,914,4
518,25,1
3681,3646,1
3681,3821,3
3681,3565,2
3681,3534,3
3681,3861,2
3681,3566,3
3681,3536,1
518,1265,4
518,17,2
518,265,2
518,2763,1
518,3176,4
518,2805,4
518,2906,4
518,3623,2
518,43,2
518,24,1
518,2716,2
518,2690,1
518,2882,4
518,3408,2
518,2546,3
518,2605,3
518,2707,1
518,2683,3
518,3155,4
518,3005,2
5473,3753,4
5473,1997,1
5473,648,2
5473,3578,4
993,318,2
2106,2280,3
2106,3115,3
195,1432,2
195,3243,3
195,719,2
195,1855,4
195,2305,2
195,507,3
195,357,2
195,144,2
195,475,4
195,1127,2
3312,2186,2
3312,961,2
3312,2580,4
3312,1784,1
3312,2390,2
3312,2310,1
195,188,3
195,1020,4
195,1459,1
235,1286,2
235,3618,4
1943,1242,3
19,1215,3
727,3078,2
839,2088,2
839,2135,3
839,2941,2
839,963,3
839,1035,4
839,2080,4
839,1459,1
839,3262,4
839,2583,4
839,3386,3
839,1589,1
839,2844,4
839,1464,3
839,800,4
169,1421,1
839,2076,2
839,913,3
839,903,1
839,3730,2
839,276,3
839,2259,2
839,1888,2
839,2822,2
839,1735,1
839,2802,3
839,1835,1
839,2297,4
839,1380,2
839,3834,3
839,2424,2
839,1541,3
839,266,3
839,2262,4
839,1441,2
839,1290,3
839,1946,4
839,3614,3
2270,2858,3
839,3426,4
839,2469,3
839,7,1
839,3081,1
839,339,1
2270,2336,2
2270,2594,1
839,539,2
839,3684,3
839,2671,1
839,3524,1
839,11,4
839,3501,1
839,1777,3
839,1569,4
839,2502,4
839,3044,4
839,543,1
839,1721,2
839,1357,3
839,509,2
839,2919,4
839,1296,2
839,497,2
839,1393,1
839,471,1
839,1674,2
839,2243,4
839,215,4
839,39,1
839,17,4
839,2020,4
839,1244,1
839,1247,2
839,1172,3
839,1230,3
839,3401,2
774,3300,3
774,3785,3
518,2585,2
518,2610,1
518,446,1
518,1076,4
518,2858,4
518,1132,2
518,1131,2
518,3746,3
518,3824,1
518,58,3
839,24,3
1329,3624,4
839,3937,2
839,2407,1
791,3510,2
839,3701,2
839,2901,1
839,1909,2
86,920,3
86,236,1
737,2952,3
1958,3826,2
839,1306,2
839,968,2
839,1396,4
2020,1261,4
3693,3624,2
839,2532,2
4951,3897,1
4951,3594,2
4951,3578,2
839,2404,1
839,3766,3
382,1057,1
382,1885,1
2106,2311,3
2106,1503,1
2106,2133,2
839,3441,2
839,1298,4
839,1183,3
839,161,4
839,151,1
1252,3744,1
3970,1777,3
1137,3709,1
839,3654,4
839,1090,3
1137,207,2
1137,71,1
1137,3155,1
1137,1441,1
1448,3189,3
1137,3507,3
1448,2019,1
1137,47,3
1448,2912,4
1448,3182,3
839,1272,2
839,1262,2
839,1960,1
839,1208,3
839,1250,2
839,3342,4
1912,3949,2
839,1997,2
839,3159,4
1579,1533,2
1579,2788,3
329,288,4
329,2752,1
329,1644,3
329,2413,1
329,3251,4
329,2467,4
329,1892,3
329,2005,4
329,2399,2
329,1702,1
329,2100,4
329,2797,2
329,2463,3
329,253,3
3512,3183,2
3512,3755,4
2015,3723,3
2015,2567,2
2015,180,2
2015,813,3
2015,1429,2
2015,1784,3
2015,3358,1
2015,161,3
2015,1694,3
2015,2137,4
2015,1641,3
2015,553,2
2015,1307,4
2015,1302,2
2015,150,4
2015,1961,2
1001,2609,2
2015,441,4
1001,3854,4
2015,953,3
2015,1393,4
2015,1104,1
2015,1704,2
2015,2872,3
2015,3160,3
2826,936,2
404,2959,3
404,1682,2
404,1466,1
404,428,3
404,214,4
404,1584,1
404,32,4
404,150,1
404,3386,3
404,3260,3
404,1704,3
404,34,3
404,608,3
404,1233,4
404,648,3
404,3755,4
404,3578,4
4386,3717,1
1274,3364,4
1274,1348,2
4277,3536,2
839,2450,2
839,674,1
839,2377,4
839,3638,4
839,2034,4
839,1924,3
839,3033,2
839,1603,1
839,2613,4
839,2012,1
839,3576,2
839,2311,3
839,2455,4
839,3927,2
839,1965,3
839,3700,1
839,2010,1
839,3471,3
839,1199,1
839,1301,2
839,3503,4
839,1206,3
839,541,1
839,185,4
839,2561,1
839,736,1
839,849,3
839,1479,1
839,1917,1
839,1841,4
839,1615,3
839,1834,3
839,164,4
839,1092,1
839,3686,1
839,3203,1
839,1407,3
839,2551,4
839,906,4
839,1748,3
839,230,2
839,832,3
839,2202,1
839,3176,2
839,482,4
839,3101,1
839,866,2
839,373,2
839,2841,3
839,3147,2
839,924,1
839,1249,3
839,1212,3
839,904,3
839,1219,4
839,111,4
839,1252,4
839,1267,3
839,101,2
839,2025,3
839,2729,4
2931,2596,1
2931,2629,1
2931,11,1
2931,2398,1
2931,858,4
2931,3481,4
1611,3273,4
1611,1342,3
1611,2428,3
1611,742,2
1611,2279,4
1611,2898,3
1611,1717,3
1611,2713,3
1611,3264,4
1611,1407,4
1611,3081,1
1611,2517,1
1611,1128,4
1611,2900,1
1611,1130,2
1611,2455,3
1611,1042,3
1611,2398,2
1611,1030,1
1611,3766,1
1611,2422,3
1611,3768,2
1611,2816,3
1611,2421,2
1611,2411,2
1611,2815,1
1611,2402,3
1611,2404,4
1611,3441,2
1611,2403,4
1611,1373,1
1611,1587,3
1611,3704,2
1611,2001,4
1611,1375,2
1611,1378,1
1611,610,4
1611,1275,3
1611,592,3
1611,2985,4
1611,1200,4
1611,3703,3
1611,1285,1
1611,1231,2
1611,1394,1
1611,2804,3
1611,1041,1
1611,1673,2
1611,296,2
1611,1,3
1611,2959,2
1611,1213,3
1611,318,2
1611,1358,3
1611,1089,1
1611,593,3
1611,608,4
1611,589,1
1611,1206,3
1611,2248,3
1611,17,1
1611,976,2
1611,1230,1
1611,928,4
1733,1449,2
1611,904,2
1611,903,1
1611,1288,1
1611,541,4
1611,913,3
1611,2105,3
1611,2021,2
1611,2140,2
1611,1073,3
1611,2138,2
1611,2797,1
1611,3755,2
1611,733,1
1611,2023,3
1611,1049,3
1611,648,3
1611,288,2
1611,3107,1
1611,1573,1
1611,3555,4
1611,145,2
1611,2532,4
1611,1372,3
1611,3178,3
1611,3256,3
1611,2529,1
1611,3267,1
1611,1580,2
1611,349,1
1611,1356,2
1611,1374,4
1611,480,1
1611,377,2
1611,3793,4
1611,2000,3
1611,3527,4
1611,522,2
1611,1261,1
1611,3578,4
1611,969,1
1611,1954,3
1611,2194,4
1611,1376,4
1611,1222,3
1611,6,2
1611,1036,3
1611,1610,2
1611,1201,4
1611,1287,2
1611,1197,1
1611,2571,1
1611,1233,2
1611,2692,4
1611,1240,4
1611,2028,3
1611,858,1
1611,1198,4
3391,3798,1
3391,3909,4
1611,2762,1
3462,1057,4
3462,3793,2
1952,3821,4
1952,3510,2
1952,1190,3
1952,714,3
1952,3730,3
1186,296,1
1186,3735,3
1186,1089,2
1186,903,1
1186,3730,2
1186,2208,2
1186,928,4
1186,3475,4
1186,1283,4
1186,599,2
1186,2951,2
1186,1201,1
1186,3681,3
1186,1266,2
1186,3752,2
1186,2066,2
1186,1212,1
957,3095,4
957,1260,3
957,3949,3
957,2318,4
957,3000,1
2453,2942,2
2453,1959,2
2453,3791,3
2453,2928,3
2453,2262,4
2453,2474,2
2453,2240,4
2453,3478,1
2453,2001,3
2453,3844,1
2453,3591,4
2453,2145,4
2453,2420,4
2453,1124,1
2453,3448,3
2453,2745,2
2453,592,3
2453,2348,2
2453,1957,1
2453,2000,1
2453,2243,2
2453,2194,3
2453,3347,3
2453,2852,1
2453,3071,4
2453,1246,1
2453,1185,3
2453,1186,3
2453,1222,3
2453,2070,4
2453,1962,3
2453,3098,4
2453,1961,3
2453,1960,1
2453,1196,2
2453,1299,3
2453,3811,2
2453,2409,4
2453,1954,2
2453,3498,4
2453,1208,2
2453,1955,2
2453,1263,4
2453,1244,4
2453,1193,2
2453,3011,2
2453,909,3
2453,3296,4
2453,1276,1
2453,971,3
2453,3475,4
2453,1103,2
2453,1250,4
1252,3790,2
195,92,2
195,1834,2
208,1584,3
1556,1029,2
195,3489,2
195,610,2
195,446,1
208,2542,2
169,2174,1
195,3275,1
302,1641,2
302,441,2
302,1437,3
302,2302,4
302,101,1
302,1682,1
302,3499,4
302,1306,3
302,531,1
302,1094,3
302,2762,4
302,1241,1
302,2289,3
302,1089,1
302,608,2
302,3593,3
302,3457,4
302,3316,2
302,3484,2
302,3354,1
302,3717,1
302,3618,1
195,2122,4
3757,3185,1
3757,3578,3
3757,3916,3
3224,1196,3
1841,1247,1
1841,3825,1
3079,3786,2
3079,2155,4
3079,1459,4
3079,1192,3
3079,1073,2
195,3072,3
195,2745,4
195,2366,4
195,2734,3
1980,3616,1
195,428,1
5621,409,2
5621,924,2
2106,2506,2
5621,2948,4
5621,3005,3
5621,3469,2
195,1246,4
5621,913,4
5621,3155,3
195,2641,1
5621,1282,4
5621,3646,3
5621,3717,2
5621,3824,2
5621,3755,2
195,29,4
195,2602,3
4647,3083,1
195,308,1
195,725,3
3940,3747,1
3940,3327,2
5394,2600,3
5394,2337,2
5394,2987,1
5394,3176,4
5394,2093,3
5394,2598,1
5394,2502,2
5394,2723,4
5394,3174,4
5394,913,4
5394,2318,3
5394,233,4
5394,2336,4
5394,2541,3
5394,2041,3
5394,2770,3
5394,2710,3
5394,2699,2
5394,2683,1
5394,2188,2
5394,3571,4
355,3826,4
5394,1663,3
5394,2174,2
5394,1297,2
5394,3566,3
5394,3451,1
5394,1220,4
5394,1734,3
5394,3396,2
5394,2352,3
5394,2716,4
5394,3361,1
5394,1845,1
5394,3948,1
5394,1079,1
5394,1307,1
5394,2700,3
5394,3526,3
5394,235,4
5394,1080,2
5394,2355,1
5394,3421,2
5394,2918,4
5394,1294,3
5394,1288,4
5394,1270,3
5394,2248,4
5394,1259,2
5394,1278,4
5394,3911,1
5394,3819,4
5394,2788,1
5394,2804,2
5394,1394,3
5394,916,2
5394,1136,3
5394,1197,2
5394,1235,1
5394,2792,2
5394,3270,4
5394,1441,1
5394,1282,4
5394,2791,2
5394,1250,4
5394,3618,3
5394,3556,3
5394,3793,3
5394,3578,3
5394,3751,1
3509,2058,1
5737,1179,1
5689,2966,2
528,2759,1
528,2706,3
528,2409,4
528,1073,4
528,1954,1
528,1010,2
528,2015,4
528,1013,3
528,2142,4
528,616,1
528,1029,1
528,2085,1
528,2080,3
528,2096,2
528,1022,2
528,1203,2
528,596,4
528,2018,2
528,594,4
528,2815,2
528,2123,1
528,2942,1
528,2410,1
528,1216,4
528,1033,4
528,3308,3
528,2054,3
528,3478,4
528,2146,1
528,2846,4
528,3844,1
528,2161,4
528,3704,2
528,2420,3
528,2115,4
528,1101,1
528,3071,3
528,2406,3
528,1962,1
528,1297,2
528,2739,3
528,1291,1
3840,1049,2
3233,1961,3
3233,1958,4
3233,2243,1
3233,1419,4
3233,3135,2
3233,1913,4
3233,3684,1
3233,515,1
3233,1150,1
3233,2919,1
3233,1222,3
3233,1674,1
3233,1183,1
3233,1259,4
3233,2239,1
3233,58,4
3233,1263,2
3233,2130,3
3233,1704,1
3233,1954,2
3233,3424,4
3233,3200,1
3233,265,2
3233,953,1
3233,1293,4
3233,2970,4
3233,1955,1
3233,2988,3
3233,1041,2
3233,1953,4
3233,1694,4
3233,3683,1
3233,954,4
3233,3201,4
3233,3037,2
3233,3734,1
3233,1208,4
3233,3152,3
3233,3093,2
3233,1084,4
3233,3504,2
3233,1225,2
3233,919,4
3233,1193,4
3233,3730,2
3233,908,4
3233,3030,1
3233,111,4
3233,2351,2
3233,923,1
3233,858,4
3233,350,1
3233,492,1
3233,451,3
3233,2583,2
3991,3113,4
3991,2959,1
3991,3408,2
3991,2712,2
3991,2428,4
3991,2605,4
3991,3159,1
3991,3238,3
3991,1093,1
3991,2718,3
3991,2599,2
3991,3615,1
3991,2541,4
3991,2722,2
3991,3203,3
3991,3016,2
3991,2772,1
3991,2369,4
3991,223,2
3991,3751,2
3991,2038,4
3991,3005,1
3991,3298,1
3991,2037,4
3991,2355,3
913,19,2
913,419,4
3991,2997,1
3991,3285,4
3991,3593,1
3991,2694,2
3991,2710,3
3991,2699,3
3991,2707,4
3991,2683,4
3991,2188,4
3991,3534,4
3991,2706,3
3991,2572,4
3991,2492,2
3991,1127,2
3991,2858,4
3233,2425,1
3233,1912,1
3233,3044,2
3233,1466,3
1449,1212,3
4950,1919,4
1063,1304,2
1063,1201,3
1063,2922,4
1063,2951,3
1063,3681,1
1063,3334,2
1063,913,1
1063,214,4
1063,1860,2
1113,1339,4
1284,277,3
1284,487,1
1284,2241,1
1284,2135,3
1284,3863,3
1284,3785,2
1284,3861,3
1284,648,3
1284,3744,4
1284,1190,3
1284,3793,1
1284,3512,1
1284,1997,2
1246,1300,1
1246,1161,1
1246,3752,3
1284,3826,2
1284,3113,1
3509,3186,4
710,2912,4
692,2912,2
10,2252,2
10,1221,3
10,2693,1
10,1283,4
10,923,1
10,1704,1
10,595,3
10,3447,2
10,3034,4
913,1377,4
913,592,4
913,2804,2
1317,72,3
791,3799,4
791,3820,2
791,648,1
791,3793,2
791,3753,3
913,1225,4
913,1242,2
913,2403,1
913,2404,2
913,2402,2
913,2716,2
897,2312,2
897,1997,2
897,2791,3
1141,3510,4
1141,3617,2
3940,3618,2
2638,3117,2
711,2947,1
711,1997,4
711,260,2
711,1235,4
711,2313,2
711,589,1
711,1694,3
711,1214,1
711,1225,1
711,1358,2
711,947,4
711,3022,1
711,1206,2
711,750,4
1137,3831,4
4842,2502,1
970,2338,3
970,640,2
970,1626,4
970,427,2
970,1556,2
970,1499,4
970,3705,2
970,540,3
970,79,3
970,2778,2
970,695,1
970,436,1
970,1798,1
970,3064,2
970,132,4
970,1744,4
970,23,3
970,92,3
970,415,4
970,1003,1
970,1515,4
970,1644,4
970,990,3
970,103,2
970,18,1
970,3810,1
970,1590,2
970,3063,4
970,3835,4
970,1598,2
970,782,2
970,1427,4
970,1686,4
970,836,2
970,3082,3
970,882,2
970,464,1
970,2803,4
970,1647,1
970,463,1
970,200,2
970,3557,2
970,1661,3
970,225,1
970,259,1
970,2505,4
5675,3008,1
970,1422,1
970,257,3
970,1717,3
970,61,3
5675,2842,3
970,3249,1
970,89,2
970,1620,1
970,490,1
970,481,4
970,1892,2
970,100,1
970,1658,3
970,292,2
970,1459,4
970,1483,1
970,2826,1
970,422,4
970,731,2
970,2561,4
970,3686,3
970,280,4
970,22,2
970,2267,2
970,1615,1
970,1092,2
970,230,3
970,1769,1
970,454,3
970,1805,3
970,521,3
970,543,2
970,1645,4
970,16,2
970,1343,4
970,1407,3
970,832,4
970,373,1
970,3476,3
970,678,2
970,628,1
970,293,3
970,3706,2
970,1179,4
970,707,2
970,164,4
970,1783,1
970,3299,3
970,3752,4
970,3784,2
970,3225,3
970,3515,1
970,3952,4
970,564,3
970,2792,4
970,1600,2
970,1441,3
970,3420,3
970,3270,2
970,2791,3
970,1250,1
970,47,2
970,3646,1
970,3826,3
970,3824,4
970,3879,2
970,3717,4
970,3744,2
970,3861,3
970,3751,4
692,544,1
692,1866,4
692,2376,4
692,89,4
692,1858,2
692,1191,2
692,2693,4
692,2859,2
692,2105,1
692,2021,3
692,2121,3
692,2517,2
692,2901,4
692,2003,1
692,1345,1
692,1347,1
376,2701,3
692,1982,3
376,2987,2
376,3798,1
692,1333,3
692,1278,2
692,1258,2
376,2702,1
376,2961,1
376,2763,1
376,3081,3
376,314,1
376,2700,1
376,2840,2
376,2841,3
376,3185,4
692,3251,4
376,2724,2
692,2467,1
692,2076,3
376,2686,4
376,2906,3
376,2598,4
376,2574,2
376,3219,1
376,2013,4
791,34,3
376,2734,1
376,3325,2
376,1959,1
376,2502,4
791,2396,3
791,908,3
791,1198,4
791,969,1
791,608,1
791,3742,4
791,1136,1
791,923,1
791,296,3
376,3623,4
376,3752,4
376,2622,4
376,2805,2
791,1196,2
791,3421,2
791,593,1
791,1617,3
791,904,2
376,2882,2
376,913,3
376,2629,1
791,3462,4
791,1193,4
791,1294,4
791,912,3
791,1207,4
791,1230,1
376,2333,4
791,919,4
791,858,1
791,1640,1
791,1943,2
376,2688,1
376,3510,3
376,3175,1
376,2716,3
376,3408,4
376,2605,3
376,3113,1
376,2712,4
376,2336,2
376,2881,1
376,1093,2
376,2772,1
376,2433,3
376,2355,1
376,3298,2
376,2770,2
376,2710,1
376,3285,2
376,2699,3
376,2683,4
376,2827,4
376,3179,4
376,1127,3
376,2188,3
376,2572,1
376,2858,2
376,3115,4
376,3747,2
376,2542,3
376,2997,1
376,293,2
376,1179,3
376,3271,4
376,2396,1
376,1625,1
376,589,1
376,2762,3
376,1,1
376,1265,2
376,1358,2
376,608,2
376,994,1
376,1213,4
376,593,4
376,2571,2
376,50,2
376,318,2
376,527,1
376,3863,4
376,3755,3
376,3785,3
376,3618,1
376,648,2
376,3831,4
376,3753,3
376,1997,3
376,3578,2
376,3751,4
355,1025,2
355,3034,3
355,2080,1
355,3396,1
355,3861,3
2168,3328,2
2168,608,2
2168,1273,2
4517,3861,3
4517,3578,1
4517,3512,2
609,3863,1
2272,2248,4
2272,3616,1
2272,3537,4
2272,3646,3
2272,3753,3
2272,648,2
2272,3793,4
2272,3617,4
2272,3752,2
2272,3717,2
2307,2485,4
3520,3597,1
3520,3616,1
3520,564,4
3520,1600,2
3520,2792,2
3520,3270,1
3520,2241,1
3520,1190,3
3520,490,3
3520,1466,1
3520,47,2
3520,1997,1
3520,2791,3
3520,3646,3
3520,3826,3
3520,3721,4
3520,3553,4
3520,648,2
3520,3512,1
3520,3581,3
3520,3618,2
3520,3790,2
3520,3159,1
3520,3556,4
3520,3755,2
3520,3578,3
770,1275,4
770,2137,2
770,553,3
770,1032,4
770,1947,2
770,2231,2
770,2140,2
770,1639,2
770,1693,4
770,2078,3
770,3061,4
770,2565,2
770,1246,4
770,1321,3
770,2795,1
770,3253,2
770,1957,2
770,902,1
770,3508,1
770,594,1
770,1012,4
770,1748,1
770,3095,2
770,2918,4
770,3360,2
770,1208,4
770,2968,1
770,3213,4
770,36,3
770,2687,1
770,1228,2
770,1206,1
770,2788,3
770,111,2
770,1029,3
770,2125,1
770,1022,2
770,2087,4
770,2139,2
770,2806,4
770,2396,1
770,3081,2
770,3483,2
770,24,1
770,2394,2
770,2686,4
770,968,2
770,3826,1
770,2995,2
770,2605,1
770,2428,2
770,2712,2
770,223,1
770,3298,3
770,2997,1
770,2707,3
770,3155,2
770,3863,1
770,3896,3
770,3328,4
770,3752,1
770,3452,3
2507,2437,1
2507,2883,4
2507,2502,1
2507,2607,3
2507,565,3
2507,2272,1
2507,3252,2
2507,1610,1
2507,506,1
2507,2580,2
2507,522,4
2507,3105,2
2507,2583,3
2507,117,3
2507,531,2
2507,1484,2
2507,272,3
2507,2333,3
2507,3150,3
2507,194,2
2507,475,1
2507,101,2
2507,529,2
2507,1594,2
2507,337,4
2507,3499,1
2507,2762,2
2507,1034,4
2507,3751,2
1139,3481,3
1139,2501,2
195,2841,2
1139,2858,1
2892,3479,3
1139,3003,4
195,842,4
1139,3861,2
1139,3755,2
2892,3097,4
1139,3578,4
1139,3793,4
1139,3512,4
1139,3159,4
2892,3623,1
2892,3784,3
2892,3512,3
2892,3408,1
2892,3755,1
2892,47,2
2892,3578,3
2892,951,1
2892,3826,2
2892,3717,1
2892,648,1
2892,3753,1
2892,3510,2
2892,3793,3
623,3948,2
195,3173,1
1952,1997,4
1952,3826,1
1952,3820,4
1952,3744,4
1952,3831,4
1952,3556,4
737,159,4
1266,2769,4
96,1073,3
96,3513,3
96,3623,3
96,3916,2
96,3753,3
96,3408,2
96,3578,2
96,3751,2
96,1408,3
96,553,1
96,337,2
737,296,1
96,1625,3
96,3147,1
96,1907,4
96,1393,4
96,589,2
96,474,3
96,3100,4
96,161,4
96,1358,3
96,1784,3
96,1610,3
96,47,3
96,1265,1
96,3148,3
96,1266,3
96,356,4
96,590,3
96,1694,4
96,1277,1
96,150,2
96,2501,4
96,17,1
96,2997,1
96,2396,2
96,2762,1
96,1954,2
96,1036,2
96,534,3
96,1231,3
96,2020,1
96,1270,1
1380,1030,4
96,3526,3
96,1961,4
1380,2406,3
1380,112,1
96,1,3
96,110,4
96,457,4
96,2571,2
96,2078,4
96,1028,3
1380,1198,1
1380,919,3
96,919,4
96,36,4
96,3105,1
96,2871,4
96,1259,2
96,3114,3
96,2268,4
96,1873,3
96,3421,4
96,608,1
96,2324,2
1380,3441,1
1449,2542,3
96,1197,4
96,2028,3
96,296,2
96,1394,2
96,1242,2
96,260,2
96,1207,1
96,1617,4
96,1196,2
96,593,4
96,1225,3
96,1213,4
96,318,2
96,527,3
96,2804,2
1449,3510,2
1449,3159,2
1449,2541,4
1449,2041,2
1449,3751,3
1380,2643,1
1380,1676,4
1380,3638,1
1380,3033,2
142,3160,3
142,2761,3
839,1093,2
839,2565,1
839,1947,1
839,1282,3
839,1288,4
839,899,3
839,953,3
839,788,2
839,1848,3
839,2143,2
839,2021,4
839,2872,3
839,2161,1
839,2968,3
839,1805,4
5630,3163,4
5630,1200,1
839,2693,3
5630,1953,4
5630,969,3
839,2427,3
839,3745,3
839,1101,1
5630,1202,3
5630,1266,4
1051,2561,3
5630,3363,4
5630,1199,4
5630,1267,1
5630,2020,4
5630,1186,3
5630,1296,2
5630,3072,1
5630,2859,3
5630,2348,3
5630,728,1
5630,1201,2
5630,2890,3
5630,1198,3
5630,260,2
5630,1288,2
5630,1258,4
5630,1250,3
5630,1196,4
5630,1185,1
5630,1080,2
5630,1197,2
5630,1235,3
5630,3421,4
5630,1303,2
5630,1079,4
5630,1214,1
5630,3811,4
5630,2313,2
5630,3671,2
5630,3504,4
5630,1960,1
5630,1230,4
5630,1225,2
5630,2064,3
5630,111,3
5630,913,3
5630,750,4
5630,2788,3
5630,923,3
5630,3088,2
5630,1294,4
5630,1394,4
5630,919,1
5630,1136,3
5630,1217,3
5630,1262,1
5630,3362,2
5630,1247,4
5630,1537,1
1051,1343,2
1051,748,2
5630,1204,3
5630,858,2
5630,3683,4
5630,50,4
5630,904,2
5630,1212,3
5630,593,4
5630,1252,1
839,1591,3
839,1356,3
5539,2687,3
5539,3114,4
839,2096,1
839,3247,4
839,1465,3
839,2402,2
368,1204,3
368,1250,1
2380,2724,1
2380,2497,4
2380,1541,3
2380,1801,4
2380,1792,1
2380,31,3
2380,23,3
2380,1754,3
2380,252,1
2380,378,3
2380,1459,1
2380,414,1
2380,3247,2
2380,785,2
2380,1092,4
2380,3176,2
2380,367,3
2380,3686,1
2380,231,3
2380,991,3
2380,1513,3
2380,2433,3
2380,2505,2
2380,1441,3
2380,2012,3
2380,450,3
2380,2058,2
2380,1876,2
2380,2567,4
2380,1485,2
2380,7,2
2380,1569,4
2380,708,3
2380,361,4
2380,2424,4
2380,3178,1
2380,144,4
2380,2432,2
2380,500,1
2380,588,1
2380,3450,2
2380,1518,1
2380,555,1
2380,1466,2
2380,1777,3
2380,3358,1
2380,539,2
2380,1343,3
2380,104,4
2380,3006,2
2380,3148,1
2380,246,3
2380,1,4
2380,3499,3
2380,1797,1
2380,47,1
2380,1617,4
2380,2599,3
2380,50,3
2380,3453,2
2380,3824,1
2380,3752,1
368,3826,3
5630,1391,2
5630,29,2
5630,718,2
5630,2699,3
5630,671,1
5630,1306,1
5630,1653,2
5630,1573,3
5630,705,4
5630,2155,2
5630,3265,2
5630,3107,2
5630,1912,3
5630,733,1
5630,2278,3
5630,861,4
5630,1910,1
2011,3844,4
2011,3160,4
2011,1441,4
2011,3820,4
2011,3799,2
2011,3483,4
2011,3826,3
2011,3717,3
2011,3861,1
2011,3793,2
2011,3618,3
2011,3510,1
2011,3751,2
2011,1997,1
2011,3744,4
3717,3159,1
5387,3863,4
5387,1190,1
5387,47,2
5387,2966,3
1117,2890,3
1117,3483,2
1117,3717,3
1422,2374,4
1117,3618,4
1117,3719,2
1422,3331,4
1422,2147,2
1422,765,4
1422,2420,2
1422,2842,1
1422,3649,4
1422,2551,4
1422,1290,1
1422,647,3
1422,2114,3
1422,1186,2
1422,2852,1
1422,2866,1
1422,3498,3
839,2723,3
839,3623,2
839,3104,4
839,1801,3
839,2528,1
839,1544,2
839,2000,2
839,1037,1
839,1730,3
3679,1035,4
839,2078,3
839,2468,4
3679,3253,4
3679,3699,4
839,780,1
3679,2801,1
3679,3816,1
3792,3668,1
839,2952,1
3679,615,4
3679,3398,1
3679,199,1
3679,2890,3
3679,3510,4
839,2716,2
3679,3476,4
839,3510,3
839,449,2
3679,3039,4
3792,1804,4
3679,3578,2
839,3408,2
777,3081,1
3679,2268,4
3679,104,1
3679,364,1
3792,2231,4
3679,1080,2
3679,269,1
3679,1748,2
839,2722,3
839,1645,4
3679,3098,4
3679,1307,2
777,2763,4
839,1094,1
839,440,1
777,2881,2
839,3794,3
839,160,3
839,223,4
839,1022,3
3679,1288,4
3679,124,1
839,95,4
839,3298,4
3679,1237,3
3679,978,1
839,2167,4
3679,2959,1
777,1833,1
3679,2324,1
839,3173,3
839,2699,3
3679,2691,4
3679,715,3
839,3897,1
839,1032,3
839,3178,1
1422,3167,3
1422,1272,4
1422,1674,3
1422,2739,3
1422,2313,2
1422,3169,1
1422,3347,4
1422,1956,4
1422,2976,1
1422,3863,4
1579,2701,4
1579,2763,2
1579,2598,1
1579,2013,1
1579,2502,2
1579,2581,1
1579,785,1
1579,2606,2
1579,2580,4
1579,3510,4
1579,2605,3
1579,2888,2
1579,2369,4
1579,2541,1
1579,2722,1
1579,2433,3
1579,2976,3
1579,2771,4
1579,2355,1
1579,2770,1
1579,3593,2
1579,2710,4
1579,2694,1
1579,2707,3
1579,2683,4
1579,2706,2
1579,2492,3
1579,1354,4
1579,2194,4
1579,1584,2
1579,1127,1
1579,1282,2
1579,457,2
3163,1914,4
1579,3498,1
1579,1912,4
1579,3728,1
3163,69,4
3163,3646,3
1579,3007,3
3163,3617,1
3163,3753,2
3163,171,4
3163,1171,4
3163,81,3
3163,3354,1
3163,3535,2
3163,2949,4
3163,3105,4
3163,1464,3
3163,955,4
3163,2137,3
3163,180,3
3163,1343,4
3163,2144,4
3163,3386,3
3163,3250,4
3163,3203,3
3163,2212,3
3163,45,4
3163,3175,2
3163,1466,4
3163,3507,2
3163,3608,3
3163,553,3
3163,2183,3
3163,565,1
3163,2693,3
3163,2076,4
3163,1517,3
3163,1297,3
3163,3481,4
3163,1748,4
3163,1965,2
3163,2908,1
3163,1963,2
3163,319,2
3163,1321,1
3163,1257,4
3163,3682,4
3163,1625,3
3163,1086,1
3163,965,2
3163,678,2
3163,2176,3
3163,1266,1
3163,3028,1
3163,848,3
3163,2395,3
3163,1285,3
3163,1288,3
3163,47,2
3163,307,3
3163,2599,1
3163,1249,2
3163,1104,3
3163,162,1
3163,2186,3
3163,1089,1
3163,1231,3
3163,2762,1
3163,3114,4
5233,3730,1
5233,3822,3
3492,3357,4
4950,1282,4
4950,47,3
5689,3512,4
1369,3593,3
1369,3745,1
1390,2734,3
1390,2720,3
1390,3593,3
1390,1704,1
1390,2928,2
1390,3102,4
1390,3552,1
1390,318,3
1390,1957,2
1390,2070,2
1390,3948,1
1390,3623,4
1390,3174,3
1390,2716,4
1390,2881,4
1390,2541,1
749,3806,1
749,996,4
749,2012,2
749,3074,3
749,3671,1
1733,3795,1
1611,1361,1
1611,3000,4
1611,3512,3
2986,2356,1
2986,3900,3
2986,2843,3
2986,272,4
2986,1611,1
2986,3915,3
242,2908,1
4951,1290,1
774,3499,3
4169,811,3
4169,3896,1
4169,3785,4
639,3799,1
639,3675,3
639,3793,1
639,648,3
639,207,3
639,3755,4
639,1282,4
639,1250,1
5948,793,4
2071,3906,3
2071,3730,1
4816,3578,2
4816,3831,4
4816,3755,4
5874,3578,3
1579,2137,3
1579,11,1
1579,3044,4
1579,440,1
1579,1343,4
1579,2371,2
1579,1396,3
1579,1721,3
1579,3060,4
1579,1095,4
1579,3418,2
1579,628,4
1579,1653,3
1579,1246,1
1579,2302,4
1579,342,1
1579,1729,4
1579,2000,2
1579,2991,1
1579,1639,4
1579,1120,1
1579,1060,1
1579,2987,3
1579,1674,1
1579,2985,1
1579,1257,1
1579,1954,3
1579,2140,2
1579,1625,4
1579,1517,3
1579,428,4
1579,2321,4
1579,1955,3
1579,272,3
1579,2542,1
1579,3039,1
1579,2390,1
1579,2022,1
1579,1962,1
1579,1302,1
1579,1748,1
1579,352,1
1579,52,2
1579,1921,3
1579,2915,4
1579,3358,1
1579,346,4
1579,3386,3
1579,1210,2
1579,3682,4
1579,1682,3
1579,1374,3
1579,3108,4
1579,1090,4
1579,1678,1
1579,3105,2
1579,2336,1
1579,3246,3
1579,2359,1
1579,1466,2
1579,2947,3
1579,32,1
1579,1291,2
1579,1961,1
1579,3360,1
1579,529,4
1579,47,4
1579,1097,2
1579,1968,2
1579,2333,1
1579,1259,3
1579,1200,2
1579,1704,4
1579,3098,3
1579,2959,1
1579,1201,4
3505,3785,2
3505,3618,3
3505,3755,4
3505,3578,1
3505,3793,2
3505,3831,2
1611,3826,4
5831,3115,1
146,3054,2
146,2429,1
146,3157,2
146,1064,1
146,3396,2
3792,833,1
3792,1863,4
3792,2886,1
3792,276,1
3792,1526,4
3792,370,4
3792,3387,3
3792,1588,2
3792,2385,3
3792,1855,1
3792,1390,3
3792,1461,2
3792,743,2
3792,466,2
3792,3,4
3792,2598,2
3792,2793,3
3792,1064,3
3792,3243,4
3792,1593,2
3792,487,3
3792,719,4
3792,542,3
3792,1409,2
3792,333,2
3792,725,3
3792,3254,3
3792,2374,3
3792,1007,4
3792,2335,2
3792,785,4
3792,1380,3
3792,252,4
3792,1431,3
3792,237,2
3792,3157,1
3792,3614,1
3792,367,1
3792,597,2
3792,2247,3
3792,635,2
3792,3397,3
3792,2706,3
3792,1297,2
372,692,4
372,1762,1
372,405,1
372,1831,4
372,2053,1
372,2722,4
372,3273,2
372,3785,3
372,3826,2
372,3354,1
372,3300,3
372,3827,4
372,2513,1
372,2717,4
372,2716,1
372,2003,1
372,1258,4
372,2548,3
372,2713,3
372,1644,2
372,2279,4
372,2026,4
372,742,3
372,724,3
372,2710,4
372,2617,2
372,2606,1
372,1355,3
372,177,1
372,1717,2
372,1407,2
372,3499,3
372,3081,2
372,3708,3
372,1967,3
372,2987,2
372,2133,3
372,1275,1
372,2054,3
372,2161,2
372,2080,2
372,1694,2
372,2501,2
372,3186,4
372,230,4
372,1704,4
372,2336,4
372,2125,1
372,62,3
372,110,2
372,150,4
372,3147,4
372,3105,4
372,318,1
372,2421,2
372,1373,4
372,2115,4
372,1127,1
372,1291,1
372,592,2
372,1101,4
372,1210,2
372,1196,3
372,1240,3
372,1376,1
372,2468,2
372,1197,3
372,1198,4
372,2965,4
372,474,3
372,457,4
5522,3901,2
3013,1678,4
5522,3897,3
5522,3751,3
5522,2262,4
5522,2085,2
5522,1608,2
3386,3324,2
3386,3484,4
3386,3752,3
3386,3355,4
3386,3301,1
3386,3534,1
3386,3535,2
3386,3515,4
3386,3177,4
3386,3555,1
3386,3538,4
3386,3948,2
3386,3189,2
3386,3566,1
3386,3481,4
3386,3916,3
3386,3554,2
3386,3593,1
3386,3821,3
3386,3826,1
3386,3861,4
3386,3785,4
3386,3863,1
3386,3793,2
3386,3617,3
3386,648,4
3386,3556,1
3386,3512,4
2688,34,4
4805,3793,4
1611,29,1
1980,3548,3
1980,955,4
1980,3469,4
1980,3408,1
3792,737,4
3792,2450,3
3792,256,3
3792,2808,2
3792,1862,2
3792,196,2
3792,2364,1
3792,2365,2
3792,24,4
3792,2094,1
3792,2140,3
3792,2455,1
3792,198,2
3792,2126,3
3792,2749,4
3792,164,2
3792,2861,3
4593,2291,1
749,3785,3
749,1938,3
749,3730,4
134,1711,3
1780,3091,1
5630,3173,1
737,3185,3
1882,3745,2
4834,1230,1
1943,3273,1
1943,3897,3
2895,3879,1
5367,1500,4
5367,3481,4
5367,2194,1
1712,2723,4
1712,1732,4
1712,1343,2
1712,2115,4
1712,3260,2
1712,1658,2
1712,3868,4
1712,11,4
1712,1297,4
1712,3019,2
1712,2841,2
1712,590,1
1712,3070,3
1712,1735,2
1712,368,3
1712,2870,3
1712,2353,4
1712,2355,4
1712,2496,2
1712,1245,4
1712,147,1
1712,3363,4
1712,2779,4
1712,2852,1
1712,508,4
1712,3255,3
1712,1693,2
1712,3526,1
1712,3052,1
1712,1840,2
1712,2166,2
1712,2334,4
1712,1378,3
1712,377,1
1712,586,4
1712,319,4
1712,1648,1
1712,3175,1
1712,288,1
1712,1947,3
1712,1374,4
1712,34,3
1712,778,3
1712,2116,4
1712,3408,2
1712,2348,1
1712,1466,1
1712,3138,3
1712,1507,2
1712,300,3
1712,1097,3
1712,3246,4
1712,440,4
1712,3549,2
1712,2539,2
1712,2174,2
1712,1357,2
1712,592,1
1712,2700,2
1712,2866,2
1712,36,3
1712,3706,3
1712,1073,1
1712,1663,4
1712,3039,2
1712,441,2
1712,3261,2
1712,3204,4
1712,3476,1
1712,2968,2
1712,1350,1
1712,2109,4
1712,1682,2
1712,3499,1
1712,1404,1
1712,346,4
1712,1721,2
1712,1960,2
1712,994,1
1712,3386,3
1712,933,3
1712,2108,4
1712,628,2
1712,627,1
1712,3100,2
4834,1997,4
4834,3753,2
4834,3751,4
1712,714,3
1712,215,1
1712,2921,4
1712,3108,2
1712,3097,3
1712,2144,2
1712,2321,1
4834,2944,4
4834,3947,2
1712,2917,3
4834,3510,3
1712,2236,3
1712,1845,2
1712,2565,4
1712,2391,1
1712,1923,4
1712,3735,4
1712,608,4
1712,898,3
1712,1895,3
1712,3654,4
1712,3359,2
1712,1041,3
1712,2716,1
1712,1610,3
1712,2706,4
1712,1215,4
1712,1199,3
1712,2599,3
1712,1617,1
1712,1231,4
1712,1234,3
1712,2859,3
1712,2959,2
1712,1222,2
1712,3044,3
1712,2871,2
1712,955,1
1712,1257,2
1712,3068,2
1712,2336,1
1712,988,3
1712,954,1
1712,2819,1
1712,1197,2
1712,223,4
1712,1220,3
1712,2396,4
1712,2916,1
1712,1272,4
1712,1206,1
1712,1060,3
1712,1799,1
1712,1694,4
1712,1250,2
1712,1310,3
1712,2762,4
1712,1219,2
1712,111,2
1712,456,4
1712,1198,4
1712,527,4
1712,1361,4
1712,2714,1
1712,2260,1
1712,3275,4
1712,3717,3
1712,3785,4
1712,3826,2
1712,648,1
1712,3755,3
1712,3793,2
1712,3578,2
1712,1997,1
1712,3831,3
1712,2915,3
1712,457,4
1712,726,1
1712,3365,1
1712,1633,2
1712,2076,1
1712,1653,3
1712,1242,1
1712,2329,4
1712,1294,1
1712,1584,1
1712,1179,3
1712,3152,2
1712,1674,3
1712,3361,2
1712,3896,1
1712,2918,4
1712,1307,1
1712,969,4
1712,1912,3
1712,1639,4
1712,2997,1
1712,3451,4
1712,3498,3
1712,1089,1
1712,3471,1
1712,1719,2
1712,3198,1
1712,3424,3
1712,296,3
1712,3682,2
1712,428,3
1712,911,4
1712,1246,4
1712,3095,4
1712,866,1
1712,1265,3
1712,3468,1
1712,2693,1
1712,2398,4
1712,971,1
1712,3147,3
1712,1050,2
1712,2080,2
1712,356,1
1712,3360,3
1712,3105,2
1712,1127,2
1712,1961,3
1712,1090,2
1712,1500,2
1712,924,3
1712,2000,4
1712,3508,3
1712,1299,4
1712,1278,1
1712,1387,3
1712,1968,3
1712,1914,1
1712,1270,4
1712,1225,3
1712,1304,4
1712,551,4
1712,1293,2
1712,3703,1
1712,3811,2
1712,1188,1
1712,2952,3
1712,903,1
1712,47,3
1712,1210,3
1712,1203,1
1712,1247,3
1712,2580,4
1712,923,2
1712,953,2
1712,340,1
1712,1303,4
1712,1269,2
1712,1214,1
1712,3466,2
1712,1200,1
1712,919,4
1712,750,4
1712,2872,1
1712,2186,3
1712,1221,3
1712,1240,1
1712,1208,4
1712,800,2
1712,1267,4
1712,1213,3
1712,3683,4
1712,2571,1
1712,3421,3
1712,2028,4
1712,1036,1
1712,593,2
1712,3006,2
1712,1704,3
1712,1266,1
1712,1292,1
1712,3090,1
1712,1276,4
1712,1,3
1712,1196,4
1712,1193,1
1712,3469,3
1712,1262,1
1712,1207,1
1712,260,3
1712,912,1
1712,1394,2
1712,904,3
1712,3114,2
1712,1204,3
1712,50,2
1712,318,4
1712,1136,2
1712,2501,4
1712,541,2
1712,858,1
1712,3624,3
1712,3566,2
1712,3510,3
5630,2599,4
5630,751,3
667,3000,1
2793,10,2
2793,494,2
2793,280,3
2793,490,2
2793,1722,3
2793,2273,2
2793,3686,1
2793,349,2
2793,2672,1
2793,1732,1
2793,163,4
2793,1805,1
2793,1620,1
2793,2118,4
2793,2707,2
2793,695,4
2793,3176,1
2793,1653,2
2793,3230,3
2793,1370,1
2793,3204,2
2793,861,1
2793,933,3
2793,1343,2
2793,3763,2
2793,3044,2
2793,3476,4
2793,2202,2
2793,47,1
2793,2542,4
2793,1200,2
2793,1674,3
2793,1269,4
1113,1208,3
1113,3007,1
2793,3481,2
2793,3328,4
2793,3566,4
2793,3863,1
2793,3717,2
2793,3744,2
2793,3512,2
2793,1997,4
2793,3751,2
2793,3753,4
2793,3793,3
3840,3457,2
2303,1466,3
2303,1120,4
114,3095,1
114,1288,2
114,73,4
114,899,4
114,1947,1
114,594,2
114,914,3
114,900,2
114,2664,1
114,1206,2
114,3471,3
114,1196,4
114,260,4
774,3006,1
4861,1186,2
1958,1833,3
1101,1862,2
1101,519,3
1101,3864,4
1101,2450,4
1101,2642,4
1101,2986,3
1101,1037,2
1101,1882,4
1101,849,2
1101,405,3
1101,2531,1
1101,3156,1
1101,196,2
1101,1591,1
1101,3697,1
1101,788,1
1101,379,3
1101,2533,2
1101,1603,3
1101,2393,4
1101,1690,3
1101,3033,2
1101,1371,1
1101,1373,2
1101,316,1
1101,2105,4
1101,674,1
1101,2364,4
5359,3618,1
1101,1375,2
1101,780,1
1101,2532,2
1101,2641,1
1101,2600,4
1101,2528,1
1101,1527,3
1101,2232,1
1101,1127,3
1101,3699,4
1101,1396,4
1101,1019,3
1101,1253,3
1101,3503,4
1101,3509,2
1101,3039,4
1101,2877,1
1101,553,1
1101,3418,2
1101,329,1
1101,1374,4
1101,198,2
3150,3147,4
3150,1673,1
3150,3785,3
1101,1077,4
1101,1954,2
1101,2686,4
1101,1125,2
1101,3685,1
1101,3508,2
1101,2613,3
1101,3752,2
1101,3836,2
1101,1544,4
1101,1678,1
1101,475,1
1101,2333,3
1101,1275,3
1101,3578,3
1101,3175,3
1101,2455,2
1101,3409,1
1101,2918,2
1101,2021,4
1101,3359,3
1101,16,1
1101,1078,4
1101,1208,2
1101,1320,4
173,2206,1
173,1344,3
173,3267,2
173,2202,3
173,183,4
173,911,4
173,1610,1
173,1748,1
173,2210,4
173,2916,4
173,2204,4
173,2160,1
173,474,2
173,1889,4
173,3726,1
173,3728,3
173,1358,3
173,2871,2
173,457,2
173,1036,3
173,1200,4
173,933,4
173,2983,4
173,1249,1
173,1269,4
173,589,1
173,2212,1
173,3334,4
173,928,4
173,1214,3
173,1674,4
173,1240,1
173,2571,3
173,3551,4
173,929,4
173,965,4
173,2762,2
173,1267,1
173,247,3
173,2819,4
173,2186,3
173,593,3
173,908,2
173,1218,1
173,3634,3
173,111,4
173,1219,3
173,3016,4
173,223,2
173,3751,2
173,2433,1
173,2038,4
173,2908,3
173,2355,1
173,2976,1
4543,1162,1
4543,3146,2
4543,3576,2
2489,2396,2
2489,2231,4
2489,2504,4
1124,700,1
1124,2841,3
1124,2321,3
1124,21,1
1124,1500,3
1124,3744,3
1124,3510,1
1124,3793,4
1124,3578,2
1124,3481,4
1124,2858,1
3562,3556,2
5557,1701,3
2634,3301,3
2634,3534,4
2634,3298,2
2634,3747,2
2634,3618,2
2634,3317,4
2634,3408,3
2634,3578,4
2634,3320,4
2634,3751,2
2634,1073,2
2634,321,1
2634,265,3
195,420,1
3192,555,2
3192,1729,1
3192,2391,2
169,2414,3
2105,2763,4
195,2712,2
1291,496,4
1291,3701,2
1291,2929,4
1291,2417,2
1291,3496,2
1291,2639,3
1291,2100,2
1291,3101,1
1291,2987,1
1291,1295,4
1291,1216,4
1291,3251,1
1291,2022,1
1291,2020,2
1291,2174,4
1291,2797,1
1291,1958,3
1291,2926,1
1291,2750,4
1291,3169,2
1291,1321,4
1291,1096,3
2333,2272,4
1291,1293,4
1291,3361,4
1291,1189,4
1291,1961,3
1291,1079,1
1291,1957,1
1291,1285,1
1291,1199,2
1291,2313,3
1291,1198,1
1291,3543,4
1291,1956,3
1291,1394,2
1291,1036,1
1291,1300,1
1291,3090,2
1291,1225,2
1291,3155,4
1291,1190,3
1291,2312,2
1291,2348,1
1291,3571,1
1291,3077,2
5689,3948,1
839,1885,1
839,1633,1
839,348,4
839,534,2
839,3105,1
839,1653,4
839,2108,2
839,441,1
839,3108,3
839,3476,1
839,1584,2
839,125,2
839,1639,1
839,2291,4
839,1921,2
839,3260,1
839,1095,2
839,2890,4
839,3499,2
839,3100,1
839,3148,3
839,3246,3
839,2333,4
839,994,3
839,778,3
839,150,3
839,3006,1
839,1673,4
839,2959,1
839,1245,1
839,2284,2
839,2395,2
839,265,3
839,529,4
839,32,2
839,428,1
839,36,3
839,2324,3
839,1266,2
839,2336,3
839,337,1
839,1704,2
839,25,1
839,2686,3
839,2329,4
839,1694,3
839,1358,3
839,29,3
839,2762,1
839,527,3
839,296,3
839,593,3
839,318,3
839,3752,1
839,3536,2
839,3618,1
839,3189,1
839,3753,2
839,3902,3
839,3948,4
839,3317,3
839,3915,3
2127,3189,2
99,3578,1
99,3515,4
99,3453,1
99,3408,1
99,3897,3
3557,3174,2
3557,2713,3
3557,3129,4
1130,1951,3
1130,1388,1
1130,2877,4
1130,2409,1
1130,2657,2
1130,2640,4
1218,3083,2
1218,427,4
1130,3733,1
1130,1380,1
1130,3194,4
1130,1082,2
1218,2245,4
1218,2194,2
1130,3396,4
1130,3363,1
1130,3201,2
1130,1272,3
1130,1136,2
1218,1380,4
1218,1302,4
1218,517,2
1218,1527,1
3562,2355,2
3562,3617,4
2106,3225,2
1451,253,4
1451,3702,3
487,2704,3
487,3186,1
4258,3774,2
4258,1474,3
4258,762,2
4258,255,4
4258,276,4
4258,3841,4
4258,2504,1
4258,3,2
4258,370,4
4258,2485,3
4258,413,3
4258,1377,1
4258,344,4
4258,3773,3
4258,1425,2
4258,500,1
4258,3247,4
4258,468,4
4258,1485,1
4258,3869,1
4258,339,1
4258,1614,1
4258,3254,1
4258,3263,1
4258,2424,3
4258,141,2
4258,380,3
4258,3578,2
4258,57,2
2638,1253,3
2638,1334,4
2638,2365,1
2638,674,1
2638,3024,3
2638,3032,3
2638,1974,4
2638,1128,2
2638,1388,3
2638,2459,3
2638,1350,3
2638,1345,4
2395,2908,2
2896,593,1
2896,3863,3
2896,2858,4
2896,3535,4
1426,1670,2
2896,3484,4
2896,3555,4
2896,3624,1
2896,3536,2
195,1617,1
4386,3554,4
4126,1292,3
2451,1779,4
1988,3753,2
3509,353,3
2626,908,1
2626,2987,4
2626,2396,2
2626,2762,4
2626,2734,1
2626,2716,2
2626,3516,3
2626,3148,1
149,3896,2
4593,645,4
2020,2575,3
2333,2571,2
2333,50,4
3557,1257,2
3557,3593,2
192,3633,4
3557,1834,2
3557,3007,3
3557,3481,3
3557,3911,3
3557,293,2
192,2443,3
1912,2690,4
2116,381,2
2116,1302,4
2116,1013,1
2116,2764,4
2116,3386,4
2116,1954,4
2116,1953,4
2116,2194,2
2116,3668,1
2116,1012,1
2116,3363,3
1551,36,1
2116,3461,2
2116,2202,4
2116,3405,3
2116,1208,1
2116,1272,3
2116,2804,1
2116,919,3
2116,3359,1
2116,1221,3
2116,858,1
2116,546,1
2116,173,2
2116,442,4
2116,2034,1
2116,1371,3
2116,1373,2
2116,185,3
2116,3638,4
2116,2641,1
2116,2311,2
2116,2529,3
2116,2346,3
2116,1019,2
2116,2640,2
2116,3326,1
2116,3471,2
2116,924,4
2116,610,3
2116,1214,2
2116,1257,1
2047,3753,3
904,3063,4
904,185,2
904,1603,2
904,3835,3
904,3249,3
904,1597,3
904,225,2
904,454,1
904,1483,1
904,482,4
904,2707,4
904,662,2
904,349,3
904,229,2
904,350,4
904,1343,4
904,16,4
904,1754,4
904,3219,1
904,1892,2
904,1805,3
904,832,2
904,3728,4
904,1645,2
904,1092,4
904,373,3
904,2058,2
904,1625,2
904,1089,2
904,2391,1
904,593,3
904,608,2
904,1358,3
904,50,4
904,2263,1
904,3102,2
904,3203,3
904,2419,3
904,3101,3
774,2353,4
774,454,2
774,832,3
774,2841,2
774,2707,3
774,3147,3
774,2600,1
996,482,1
996,2167,2
996,3879,1
1605,2033,4
2627,3556,1
1354,3594,3
2820,927,2
1137,2791,3
1137,3000,1
1137,3270,3
1137,1997,4
1137,3906,3
2446,1288,4
1218,587,2
2446,3752,3
2446,3896,1
1218,1518,1
1218,2470,1
148,3270,3
148,2135,3
148,3507,2
1218,442,1
148,1950,3
148,3730,2
148,3821,4
148,3646,4
148,1997,3
5011,1684,3
5011,3785,4
5011,3452,2
5011,3534,2
5011,3512,1
142,3745,2
2860,3481,4
2757,2427,4
2757,2181,2
2757,2764,1
2757,3788,1
2757,2160,1
2757,1333,4
3410,1111,3
3410,1283,1
3410,2644,2
2757,3514,2
2757,3915,1
2757,3408,3
2757,3535,4
267,3831,3
2757,3852,3
2757,3571,2
2757,3893,1
2757,3578,4
2757,3793,4
2757,3538,2
2757,3882,2
2757,3556,1
2757,3911,3
2757,2769,4
2757,1267,2
2757,1104,3
2757,1235,3
2757,145,4
2757,1248,3
2757,908,2
2757,924,1
2757,2203,3
2757,3741,3
2757,904,4
3518,1554,1
3519,2140,1
1246,1441,4
1246,17,3
1246,1279,4
588,3588,3
588,2697,4
588,1734,4
5620,3578,2
5620,3408,2
5620,3512,2
2638,2024,3
2638,1092,1
2638,1732,1
2638,1805,4
2638,2817,4
2638,2818,3
2638,356,3
2638,852,2
2638,339,4
2638,597,1
2638,587,1
2638,3614,3
2638,1441,3
2638,2340,3
2638,539,4
2638,2671,2
2638,1721,2
2638,357,1
2638,11,4
2638,543,3
2638,1777,1
2638,2108,2
2638,2120,2
2638,253,3
2638,1339,2
2638,1320,3
2638,3264,4
2638,3489,3
2638,2253,4
2638,367,2
2638,517,3
2638,44,1
2638,2616,1
2638,165,2
2638,2881,3
2638,292,2
2638,10,1
2638,380,3
2638,555,4
2638,2448,4
2638,2986,2
2638,1544,1
2638,504,2
2638,435,1
2638,1573,2
2638,2917,1
2638,3203,1
2638,3441,4
2638,3768,2
2638,3727,2
2638,3877,3
2638,2642,3
2638,2950,1
2638,2422,4
2638,2735,1
2638,2471,3
2638,2987,4
1717,3552,3
1717,2716,4
1717,3685,3
1717,1305,3
1717,1958,1
1717,1961,3
1717,3608,2
1717,1211,1
1717,3521,1
1717,1222,3
1717,2745,2
1717,2938,2
1717,2915,4
1717,1259,3
1717,1090,3
1717,1258,1
1717,1960,2
1717,3068,2
1717,1293,2
1717,1189,3
1717,1197,1
1717,1231,4
1717,3679,4
1717,1217,4
1717,2973,2
1717,3067,4
1717,1196,1
1717,3811,3
1717,1300,2
1717,2075,1
1717,3819,3
1717,1394,1
1717,1225,2
1717,1882,3
1717,546,3
1717,173,4
1717,1590,4
1717,849,2
1717,1917,4
1717,1876,1
1717,3697,1
1717,3175,4
4386,1631,3
462,2648,4
462,2644,2
462,1073,3
462,595,3
462,2991,4
462,2903,4
462,635,2
462,2717,3
462,3439,2
462,3438,4
462,3440,2
462,223,2
462,2424,3
462,3608,4
195,2768,4
3693,3510,2
3693,2959,4
3693,1580,3
1733,2664,1
1882,3751,1
1882,3175,2
2258,2057,4
2258,552,4
2258,158,1
2258,1030,1
2258,2006,1
2258,1009,2
2258,2470,4
2258,2723,3
2258,3036,3
2258,3070,3
2258,1031,4
2258,380,3
2258,2046,2
2258,1615,2
2258,1580,3
2258,2429,3
2258,340,2
2258,362,4
2258,3412,3
2258,2135,2
2258,590,1
2258,2641,1
2258,2640,4
2258,480,4
2258,2115,4
1243,3863,4
2258,1806,3
2258,986,2
2258,1291,3
195,2153,2
2258,1196,4
2258,1198,2
2904,1295,1
195,1606,3
195,3113,2
195,861,3
195,368,2
2904,3831,4
890,558,3
890,2092,3
890,1881,4
890,2566,4
890,313,4
890,239,1
890,13,3
890,48,2
890,1405,1
890,2123,2
890,1033,4
890,661,2
890,1566,3
890,1907,2
890,1032,1
890,1688,4
890,783,1
890,2078,1
890,2089,1
890,3034,2
890,610,4
890,709,3
890,1029,4
890,588,4
890,594,2
890,1025,2
890,2687,4
890,595,3
890,2081,4
890,1022,2
890,596,1
890,364,4
890,2087,3
890,888,1
890,837,3
890,1393,4
890,267,2
890,1487,2
890,1409,2
890,2,1
3229,858,3
890,1687,2
890,1588,3
3229,1535,4
890,2315,4
890,587,4
890,741,2
890,1805,4
890,1569,2
890,673,2
890,1485,4
890,1702,2
890,736,1
890,1499,2
890,1586,3
890,1573,4
890,145,2
890,2700,4
890,104,3
890,3287,4
890,2424,1
890,1713,1
890,1835,1
890,839,4
890,1920,3
890,2719,2
890,1704,4
890,1918,2
890,2353,4
890,2860,2
890,2394,3
890,3785,1
890,3717,4
890,3157,4
3401,3682,3
890,3081,4
890,1591,1
4861,924,3
131,2300,4
3401,1599,3
3401,204,4
3401,438,4
3401,20,3
3401,533,2
3401,2535,1
3401,2881,4
3401,423,3
3401,1385,2
3401,2013,4
3401,3624,4
3401,2353,2
3401,3639,1
3401,3635,3
3401,2993,1
3401,173,3
3401,208,3
3401,761,3
3401,112,2
3401,316,3
3401,1254,2
3401,2383,2
3401,2382,3
3401,1602,4
3401,2720,1
3401,3690,4
3401,437,3
3401,2574,4
3401,2325,1
3401,276,3
3401,429,2
3401,719,1
3401,3392,3
3401,485,2
3401,830,4
3401,2408,1
3401,54,1
3401,432,2
3401,520,4
3401,542,2
3401,1461,4
3401,135,3
3401,5,2
3401,818,3
3401,1614,2
3401,3688,2
235,2959,1
3401,344,2
3401,3263,2
3401,2747,3
3401,500,1
3401,552,1
3401,2177,2
235,2983,2
235,1960,3
3401,2151,2
3401,2770,1
3401,3254,2
3401,1135,2
3401,785,1
3401,2723,1
235,1358,4
3401,410,3
3401,1485,3
3401,2124,3
3401,3812,2
3401,3450,3
235,1169,1
235,800,2
3401,934,2
3401,585,3
235,602,2
235,965,3
3401,639,3
3401,514,3
3401,1020,4
235,3872,2
3401,141,2
3401,2889,2
3401,1883,4
3401,2247,4
235,621,2
3401,3809,3
3401,1042,1
3401,357,2
3401,1858,4
3401,2539,3
235,811,3
3401,2700,4
3401,2706,1
3401,1641,2
3401,1937,2
3401,2302,4
3401,3685,3
3401,2108,4
3401,1784,3
3401,1125,1
3401,3088,3
3401,2109,2
235,639,3
235,3181,4
3401,3284,3
3401,3799,1
235,3623,3
235,3854,3
235,3556,2
235,1612,3
235,1190,1
235,1997,3
3401,1707,3
3401,1739,3
3401,2092,4
3401,2566,1
3401,3945,4
3401,1826,4
3401,1495,2
3401,181,4
3401,374,1
3401,355,3
3401,1474,1
3401,1359,1
3401,2828,4
3401,1588,3
3401,2953,4
3401,2400,1
3401,1014,2
3401,3399,4
3401,1005,1
3401,2047,1
3401,2042,1
3401,1713,4
3401,1367,1
3401,13,4
3401,1021,2
3401,2,1
3401,2142,2
3401,1010,2
3401,2095,3
3401,2082,2
3401,3615,1
3401,1015,4
3401,609,2
3401,616,4
3401,3157,1
3401,2090,1
3401,2040,1
3401,661,4
3401,1025,4
3401,801,4
3401,2018,2
3401,1032,4
3401,2085,1
3401,2089,3
3401,1282,2
3401,1029,2
3401,986,1
3401,1017,2
3401,596,1
3401,3034,4
3401,3213,2
3401,594,1
3401,2458,4
3401,2568,2
3401,1562,1
1699,648,1
3401,153,4
3401,3764,4
3401,762,4
3401,434,2
1699,1250,4
1699,2312,3
3401,1377,4
3401,3247,1
1699,2348,3
1699,1997,1
1699,714,4
1699,3507,1
1699,1950,1
1699,3730,2
1699,1348,1
3401,3717,1
3401,2112,3
3401,2268,1
3401,1500,3
1165,3481,1
4647,2605,2
2022,900,1
4774,320,3
4774,260,1
4774,3703,2
4774,2872,1
4774,1201,2
4774,1287,2
4774,2951,3
4774,1222,1
4774,1196,2
4774,589,2
4774,1197,3
4774,1198,3
4774,1304,2
150,265,1
2878,906,2
2878,534,4
1946,3067,4
1946,3267,3
3401,3435,2
1946,50,1
3401,2693,1
2638,1064,1
2638,1265,4
1946,3861,3
1946,648,1
1425,1278,3
1425,2918,4
1425,1394,3
1425,1259,1
2638,318,2
2638,1955,2
1946,1997,3
1946,3793,1
2638,1125,2
2638,1077,1
2638,3363,3
3401,536,2
2638,3362,1
2638,1272,4
2638,1230,4
2638,3421,2
2638,1234,2
2638,3359,3
3401,277,3
2638,1080,2
2638,1193,2
2638,1136,4
3401,193,3
1425,2804,2
2638,3041,1
2638,1389,3
2638,3391,2
3401,3194,2
2638,2816,4
2638,3767,4
2638,2450,2
2638,3690,1
2638,3401,3
2638,1381,1
2638,3766,1
3401,3173,4
2638,2122,3
2638,2755,4
3401,2002,4
2638,2460,3
2638,3577,4
2638,1975,2
3401,2520,4
2638,2468,1
2638,2404,2
2638,2041,2
2638,3840,2
3401,488,3
2638,2088,2
2638,1330,1
2638,1983,4
1425,2721,3
2638,3394,4
2638,2815,1
3401,2524,2
2638,2513,4
3401,371,4
2638,2408,2
2638,2421,2
2638,3385,2
2638,3331,1
2638,2473,1
2638,2375,2
1425,2622,3
1425,2502,3
3401,2409,2
2638,3708,4
2638,2942,2
2638,3791,4
2638,3388,1
2638,2717,4
2638,3206,1
2638,1991,1
3401,3252,1
2638,2405,2
2638,1216,4
2638,2639,3
2638,2146,4
2638,2121,2
2638,2410,2
3401,3308,1
1425,2318,2
2638,2475,1
2638,3444,2
2638,2900,4
3401,2447,2
2638,3846,3
2638,2402,1
3401,3844,2
2638,1088,2
2638,2072,1
3401,62,1
2638,2344,1
3401,354,1
2638,3649,3
2638,3740,1
3401,508,3
3401,1120,4
3401,3029,1
1425,2722,4
2638,3684,3
2638,2245,3
2638,2551,2
2638,1290,1
2638,1375,1
2638,2114,2
2638,3308,3
3401,987,3
3401,3107,1
2638,1587,2
2638,3480,4
2638,3016,1
2638,3102,4
2638,1124,2
2638,3101,3
1425,915,2
1425,916,3
3401,524,4
3401,3298,1
2638,3036,2
2638,1347,3
1425,1013,3
1425,2729,3
1425,3668,2
2638,3479,3
2638,2474,3
2638,3770,2
2638,3701,1
1425,3546,3
2638,2240,2
2638,2022,3
2638,3699,1
2638,1962,2
2638,1186,4
2638,3501,3
1425,3675,2
3401,1693,3
2638,1257,4
2638,2739,1
2638,3505,2
3401,973,4
2638,1674,4
2638,1302,4
2638,2852,1
2638,3104,4
1425,950,4
3401,1955,4
3401,3296,2
2638,1961,2
3401,3167,2
2638,1956,2
3401,1271,4
3401,1747,2
2638,3098,3
3401,1013,1
2638,3342,2
2638,3360,3
2638,1225,2
3401,2712,1
1425,1748,2
3401,2730,1
3401,3255,1
1425,1094,3
3401,3198,4
3401,3418,4
2047,3617,4
3401,1293,4
3401,3733,4
1425,1730,4
3401,3152,1
3401,3271,2
1425,345,4
3401,948,2
3401,2398,1
3401,3135,2
3401,3468,2
3401,954,2
3401,3469,3
1425,3755,2
3401,1673,1
3401,1203,1
4508,2722,1
4508,680,2
3401,3504,4
3401,2858,1
3401,2959,1
3401,923,3
3401,318,3
3401,1221,2
3401,858,3
3505,2766,3
326,1956,1
3401,2253,1
3401,673,4
3401,1702,4
326,3175,1
3401,558,4
3401,653,2
326,3060,2
3401,317,3
3401,60,2
3401,3489,1
3401,2161,4
3401,367,4
326,3461,4
326,949,2
326,924,3
326,1954,2
3401,631,1
3401,2017,4
5333,3457,1
3401,2084,4
3401,2877,3
3401,3604,2
326,3201,4
326,1253,3
326,1949,1
3401,2083,1
3401,783,4
3401,1951,2
3401,2135,3
326,3068,1
3401,2565,1
3401,1028,4
3401,1083,3
3401,3675,4
3401,2857,3
3401,2087,2
326,3546,2
326,955,2
326,1964,3
326,3788,1
3401,2078,4
3401,3061,2
3401,1022,3
3401,364,4
3401,588,4
3401,551,1
3401,2096,3
3401,1035,1
3401,2971,1
3401,595,2
3401,1711,4
326,3551,2
3401,648,4
3401,1092,4
3401,1689,1
326,1935,4
326,1214,2
326,1387,4
3401,2076,4
326,2863,3
326,1293,4
3401,1284,1
3401,913,4
3401,2950,3
326,1303,1
3401,3,4
3401,239,4
326,1206,3
326,3196,4
3401,48,2
3401,1409,4
326,920,1
326,1225,1
326,903,1
326,994,2
3401,3206,1
3401,2369,1
326,3421,1
326,904,1
3401,252,1
3401,7,2
3401,2724,3
3401,3524,1
3401,1088,3
3401,539,4
3401,852,3
3401,380,3
3401,3099,4
3401,471,4
3401,11,1
3401,2025,4
2826,2844,3
3401,440,2
3401,915,2
3401,3244,4
3401,39,3
3401,2080,2
3401,1393,3
3401,914,3
3401,899,4
3401,902,4
3401,1247,4
3401,891,2
3401,2338,4
3401,66,2
3401,1499,1
3401,2523,2
3401,415,4
3401,2315,4
3401,3064,1
3401,798,3
3401,1438,1
3401,1479,2
3401,95,2
3401,1515,1
3401,782,4
3401,1792,3
3401,1205,3
3401,2803,2
3401,1608,3
3401,3249,4
3401,2763,3
3401,786,1
3401,165,1
3401,1422,1
3401,1552,2
3401,3082,1
3401,494,1
3401,292,4
3401,1722,3
3401,733,4
3401,2490,3
3401,454,3
3401,543,3
3401,10,3
3401,3755,2
3401,2278,1
3401,832,2
3401,2764,2
3401,1459,1
3401,3420,2
3401,3256,1
3401,377,4
3401,1625,2
3401,3147,3
3401,111,4
3401,457,4
3401,3551,1
3401,1267,2
3401,2762,2
3401,1252,2
3401,904,1
3401,1617,2
2035,2291,4
3401,1862,4
3401,2643,1
3401,3663,2
3401,3664,4
3401,880,2
3401,737,2
3401,2053,1
3401,2456,2
3401,3156,2
3401,849,4
3401,1779,4
3401,327,4
3401,3802,1
3401,2900,4
3401,2365,1
3401,1591,4
3401,196,3
3401,504,2
3401,332,2
3401,1037,4
3401,185,3
3401,1371,2
3401,3937,3
3401,2034,4
3401,2525,4
3401,435,4
3401,2105,3
3401,3638,3
3401,2554,3
3401,3032,4
3401,329,1
3401,2528,3
3401,1356,3
3401,1527,4
3401,3927,4
3401,2628,4
3401,1019,3
3401,1372,1
3401,1580,3
3401,2009,3
3401,3175,1
3401,2662,4
3401,1653,2
3401,480,3
3401,1127,2
3401,2346,4
3401,2529,4
3401,1077,2
3401,1584,1
3401,1965,3
3401,32,2
3401,2010,3
3401,3471,1
3401,1206,3
3401,2816,1
3401,1445,4
3401,3053,1
3401,688,4
3401,1920,3
3401,3441,2
3401,516,3
3401,1391,2
3401,1616,3
3401,3519,1
3401,3066,3
3401,1676,2
3401,3366,3
3401,780,4
3401,356,3
3401,3753,2
3401,161,1
3401,1090,2
3401,1208,4
3401,3035,4
3401,1250,1
3401,1272,1
4094,3536,4
3401,750,1
3401,1927,3
3401,912,2
3401,527,4
3401,2701,1
3401,1379,3
3401,383,2
3401,1007,1
3401,368,3
3401,3487,1
3401,2922,2
3401,553,2
3401,3494,3
3401,2921,3
3401,2951,2
3401,1266,2
3401,1283,1
3401,1209,3
3401,3037,3
3401,3681,3
3401,3508,2
3401,2548,2
3401,2868,4
3401,1970,1
3401,1388,1
3401,2513,1
3401,3919,1
3401,2793,3
3401,2461,2
3401,2459,1
3401,1327,3
3401,2719,3
3401,1971,2
3401,2713,1
3401,2787,1
3401,1985,3
3401,1991,2
3401,2652,1
3401,842,4
3401,3273,4
3401,3923,1
3401,3017,3
3401,2789,4
3401,1128,1
3401,2279,2
3401,273,1
3401,3024,3
3401,2517,2
3401,2367,4
3401,2668,2
3401,3660,4
3401,512,3
3401,382,3
3401,3694,4
3401,1973,4
3401,366,2
3401,2148,1
3401,1690,4
3401,426,3
3401,1717,2
3401,1130,1
3401,2003,3
3401,724,2
3401,3016,2
3401,1320,3
3401,3695,2
3401,3340,1
3401,2653,2
3401,2454,1
3401,2519,2
3401,3535,4
3401,1339,4
3401,742,4
3401,2097,3
3401,2118,3
3401,2746,2
3401,2634,2
3401,3662,2
3401,253,2
3401,2657,3
3401,1350,1
3401,2646,1
3401,1334,2
3401,3917,4
3401,1345,3
3401,2160,2
3401,2650,4
3401,1645,2
3401,2288,3
3401,2644,4
3401,2647,2
3401,1321,4
3401,2637,1
3401,1333,1
3401,1340,1
3401,3499,3
3401,3476,3
3401,2664,4
3401,3018,3
3401,1997,3
3401,1219,4
63,541,2
63,750,2
1639,2961,1
63,1094,2
1639,586,4
1639,2683,4
1639,2416,2
1639,2699,1
1639,216,3
63,3007,3
63,1225,1
1639,2011,1
1639,2262,2
63,1717,2
63,1407,2
1639,785,2
1639,3263,2
63,166,3
1639,2133,1
1639,1614,4
1639,2770,1
1639,852,3
63,3359,4
1639,3448,4
1639,2111,3
1639,2424,1
1639,3189,1
1639,2407,3
1639,2145,3
1639,180,4
1639,2100,4
1639,2671,1
1639,3301,2
1639,3552,2
1639,2518,4
1639,2867,2
1639,2109,2
1639,2659,1
1639,3696,2
1639,3556,2
1639,2144,2
1639,2915,3
1639,2352,2
1639,3072,1
1639,1270,4
1639,1307,4
1639,3361,3
1639,1304,1
1639,2572,1
4094,3863,1
4094,3325,2
4094,3515,3
4094,3484,1
4094,3535,2
4094,3717,4
4094,3556,3
4094,3893,3
4094,3534,1
4094,3861,3
4094,3827,1
4094,3555,2
4094,3624,3
4094,3623,1
4094,3513,2
4094,3453,4
4094,3753,4
4094,3755,2
4094,3948,1
4094,3512,2
4094,3408,4
4094,3481,4
4094,3751,4
4094,3578,1
4094,3897,3
5948,1526,3
198,2405,3
981,357,4
981,1060,2
981,272,4
981,441,1
981,1968,2
981,2924,3
981,1266,1
1252,3624,4
1252,3618,4
981,2248,3
1252,3457,4
981,953,1
981,3783,1
981,3000,4
981,260,2
981,3114,4
981,1243,4
981,913,2
981,267,2
981,111,4
4795,1617,2
4795,3753,1
4795,3354,3
4795,3755,2
4795,1923,3
4795,3916,2
4795,3623,2
4795,3578,1
2020,3794,2
2105,3752,2
2105,3753,3
5630,3785,1
5630,3821,3
5630,648,4
5630,1997,3
1181,3328,4
1181,3947,3
1181,3300,4
1181,413,3
1181,3129,4
1181,3824,4
1181,3155,1
1181,3618,3
1181,3745,4
1181,3355,3
5630,317,4
5630,1566,3
5630,60,4
5630,1688,4
5630,2687,2
5630,34,3
5630,265,1
5630,17,1
5630,2396,4
5630,3255,2
5630,2539,4
5630,1527,2
5630,663,2
5630,1654,4
5630,2108,1
5630,1476,2
5630,1190,3
5630,262,2
5630,322,4
5630,3261,1
5630,314,1
5630,242,2
5630,3260,4
5630,535,2
5630,2353,1
5630,1092,4
5630,1243,4
5630,3712,1
5630,43,4
5630,2058,4
5630,1343,2
5630,21,4
5630,1396,4
5630,3358,1
5630,588,3
5630,1721,2
5630,3809,2
5630,2611,1
5630,1580,4
5630,2916,2
5630,1500,3
5630,412,3
5630,1777,3
5630,26,3
5630,272,4
5630,3267,2
5630,1921,3
5630,2384,3
5630,3052,3
5630,515,2
5630,474,4
5630,509,4
5630,16,1
5630,1517,1
5630,364,4
5630,538,2
5630,1171,2
5630,2268,4
5630,1641,1
5630,2321,1
5630,3060,3
5630,194,4
5630,125,2
5630,162,2
5630,1095,1
5630,235,3
5630,1233,2
5630,1747,1
5630,223,1
5630,1393,1
5630,150,1
5630,1060,1
5630,531,3
5630,1682,1
5630,2359,1
5630,342,2
5630,1187,1
5630,1175,1
5630,457,3
5630,441,1
5630,529,2
5630,1923,3
5630,800,1
5630,2395,3
5630,41,2
5630,3253,3
5630,3418,1
5630,1245,1
5630,1059,4
5630,778,2
5630,1179,2
5630,110,2
5630,2291,2
5630,589,4
5630,1625,2
5630,2571,3
5630,556,4
5630,1280,1
5630,25,1
5630,1265,2
5630,1188,1
5630,1358,4
5630,36,3
5630,2542,4
5630,246,4
5630,2692,2
5630,1249,4
5630,1213,3
5630,296,1
5630,1617,1
5630,1089,4
5630,608,1
5630,318,1
5630,3861,3
5630,3623,3
5630,3618,3
5630,3827,2
5630,3753,4
5630,3578,4
5630,3948,2
5630,3624,2
5630,3793,4
5630,3481,4
5630,2394,4
5630,1405,4
5630,2294,3
5630,610,2
5630,1907,3
5630,2081,4
5630,3159,2
5630,3000,2
5630,2355,1
5630,595,2
5630,3751,1
5630,1282,1
5630,2700,2
5630,3114,4
5630,745,2
5630,2761,4
5630,1,3
2097,3863,4
2097,3825,3
22,485,4
22,1754,4
22,2616,2
22,434,3
22,1385,3
22,2617,2
22,1429,1
22,165,2
22,112,3
22,10,2
22,3438,3
22,2763,3
22,3020,1
22,3107,3
22,733,2
22,145,3
22,1370,4
22,1408,4
22,555,2
22,457,3
22,2195,2
22,2450,4
22,208,3
22,429,3
22,3160,4
22,1799,2
22,2542,3
131,1625,1
4277,2672,4
4277,3000,4
4277,245,3
2077,1598,4
2077,255,2
2077,160,4
2077,267,1
2077,3709,2
2077,688,3
2077,1359,1
2077,1526,1
2077,186,2
2077,270,2
2077,2036,3
2077,1382,4
2077,355,1
2077,1975,1
2077,3674,4
2077,472,2
2077,2051,3
2077,234,4
2077,88,2
2077,3835,1
2077,765,1
2077,1167,1
2077,2088,3
2077,2953,1
2077,2253,4
2077,3705,3
2077,1604,1
1113,3752,1
2077,415,4
2077,173,3
2077,3669,2
2077,429,1
2077,256,4
2077,20,4
2077,1590,4
2077,540,1
2077,1644,3
2077,1831,4
2077,1126,4
2077,132,1
2077,485,1
2077,1646,2
2077,3802,1
2077,1974,3
2077,2404,1
2077,1665,2
2077,2986,2
2077,3243,1
2077,2421,3
2077,459,4
2077,3773,3
2077,2471,2
2077,208,4
2077,3146,1
2077,1479,2
2077,520,2
2077,204,4
2077,737,3
2077,1474,1
2077,3387,3
2077,1791,2
2077,2431,3
2077,762,1
2077,3054,3
2077,886,2
2077,489,2
2077,460,2
2077,3394,1
2077,2815,1
2077,420,3
2077,433,2
2077,1804,3
2077,2411,4
2077,2269,1
2077,2513,4
2077,275,2
2077,1752,4
2077,833,1
2077,1453,3
2077,1779,1
2077,2829,2
2077,2735,4
2077,3557,2
2077,1591,1
2077,1468,3
2077,1432,2
2077,1515,3
2077,432,1
2077,1003,2
2077,273,2
2077,2266,4
2077,510,2
2077,153,1
2077,3392,2
2077,23,2
2077,1552,1
2077,3502,4
2077,1581,4
2077,1833,2
2077,2778,2
2077,2050,4
2077,1667,4
2077,1550,3
2077,196,1
2077,1605,3
2077,1866,3
2077,1461,3
2077,1640,1
2077,2325,1
2077,2408,3
2077,2327,4
2077,1687,4
2077,798,1
2077,2126,3
2077,673,1
2077,3208,1
2077,455,3
2077,784,3
2077,1917,3
2077,464,3
2077,479,4
2077,2794,1
2077,2793,3
2077,3399,3
2077,719,1
2077,95,1
2077,1884,1
2077,193,1
2077,1894,3
2077,1409,1
2077,135,3
2077,2252,4
2077,338,3
2077,830,4
2077,707,4
2077,1792,4
2077,1006,3
2077,332,1
2077,818,4
2077,1835,4
2077,370,4
2077,165,3
2077,2264,1
2077,2042,3
2077,2478,1
2077,2822,4
2077,2517,1
2077,1037,2
2077,1390,3
2077,1091,3
2077,3489,3
2077,2375,4
2077,743,2
3113,187,2
5333,3743,2
412,3240,4
2077,3388,4
2060,3752,3
2885,3512,4
2885,3753,3
2885,3793,4
2885,3578,2
2885,3751,1
2885,1176,1
2885,875,2
3301,2933,2
520,2243,2
520,2020,2
4785,1097,4
4785,3863,4
4785,3751,1
2195,362,2
2195,2161,2
2195,2987,2
2195,10,4
2195,1017,2
520,1590,3
520,2267,3
520,695,1
520,648,1
520,1909,3
520,1892,2
520,1092,4
2195,590,1
520,3251,2
520,904,2
2195,2053,3
2195,788,2
520,1960,4
2195,3703,4
528,3033,4
528,1290,1
528,2379,1
528,2473,4
528,2717,2
528,2796,4
528,2416,2
528,2407,4
528,2463,1
528,3552,3
528,3072,4
528,2381,2
528,2383,3
528,2382,1
528,2380,2
528,3393,4
528,2478,3
528,3394,4
528,2413,2
528,3388,1
528,2378,1
528,2375,1
528,2735,1
528,2072,2
528,2471,3
528,1091,3
528,2134,3
528,3740,1
528,2133,1
528,2245,4
528,3087,1
528,2001,4
528,2141,4
528,2470,2
528,3868,1
528,2144,4
528,2926,4
528,2716,2
528,3210,2
528,3039,3
528,2000,4
528,1307,1
528,102,4
528,3774,3
528,2265,1
528,747,4
528,3268,4
528,65,1
528,3773,2
528,169,1
528,2296,4
528,2559,1
528,438,3
528,2253,3
528,2153,2
528,502,2
528,2568,1
528,174,3
528,267,4
528,419,2
528,204,1
528,510,1
528,1863,1
528,19,1
528,2188,2
528,88,4
528,44,2
528,193,4
528,485,2
528,227,4
528,1363,2
528,577,4
528,1760,3
528,3248,1
528,637,2
528,455,2
528,360,3
528,305,2
528,656,3
528,1752,4
528,2598,4
528,379,1
528,886,4
528,2429,4
528,23,1
528,2953,2
528,18,3
528,186,1
528,5,2
528,2505,2
528,2714,4
528,1804,4
528,1869,3
528,135,4
528,118,4
528,2683,3
528,453,1
528,2694,3
528,518,3
528,520,3
528,3438,2
528,2772,4
528,489,1
528,433,3
528,343,4
528,122,2
528,779,1
1317,3755,1
528,2616,3
528,3869,4
528,516,2
528,861,1
528,1911,3
528,1588,1
528,95,1
1317,3817,2
528,2042,4
528,1515,4
528,830,1
528,333,2
528,3254,3
528,1005,3
528,1377,1
528,4,4
528,1432,4
528,2486,4
528,2297,1
528,1801,1
528,1473,3
528,2445,2
528,1468,3
528,3270,3
528,2688,1
528,1021,2
528,1513,1
528,424,1
528,231,2
528,1015,3
528,344,1
528,3157,4
528,153,4
528,203,2
528,442,4
528,542,1
528,2881,3
528,2126,2
528,2432,3
1029,266,2
528,585,1
528,3712,3
528,2084,3
528,1792,2
528,786,1
528,1689,2
528,218,2
528,514,2
528,3120,2
1029,1441,3
528,3264,1
528,1552,3
528,1713,1
528,31,4
528,27,4
528,165,1
528,292,2
528,1027,2
528,2605,4
528,3082,4
528,804,4
528,1821,1
528,112,3
528,3450,3
528,2384,3
528,2447,4
528,282,1
528,372,4
528,317,3
528,252,3
528,3809,2
528,69,2
528,412,3
528,1442,3
528,180,1
528,1385,4
528,2718,1
528,1422,2
1029,2078,3
528,708,2
528,3052,2
528,1485,1
528,2567,1
1029,998,4
528,2002,4
528,1747,2
528,1608,4
528,1020,1
1029,3178,3
528,2889,3
1029,592,3
1029,2640,2
1029,3274,1
1029,1261,3
1029,2699,3
528,141,1
528,3259,3
528,1370,4
528,494,1
1029,2115,1
1029,1220,2
1029,480,1
1029,1580,1
528,3247,1
528,2834,4
1029,1374,3
1029,1429,3
528,587,4
528,2294,4
528,2434,4
1029,2365,4
1029,349,3
1029,1291,3
528,2572,1
528,2891,2
528,3107,2
528,1806,1
528,10,4
528,3263,4
528,2273,3
1029,1376,2
1029,3256,4
4861,3827,2
528,280,1
528,1517,3
4861,3354,1
528,569,4
528,2058,3
528,2278,3
1029,589,1
528,733,1
528,2059,2
528,2687,2
528,3253,1
528,553,4
528,21,4
1029,555,2
528,2006,1
528,1641,3
528,246,1
1029,1222,2
1029,1036,4
1029,3702,3
528,3477,1
528,1883,2
528,1610,3
528,1907,1
528,1357,2
1029,2366,2
1029,2194,3
1029,390,4
1029,1954,2
528,1271,2
528,300,2
1029,3000,4
528,3418,4
528,377,4
1029,1197,4
1029,3418,1
528,2336,3
528,2302,4
528,39,3
528,838,3
528,2690,1
528,1784,4
528,2268,4
528,1060,2
528,3079,3
528,531,1
528,34,2
528,150,2
528,73,1
528,1704,4
528,1617,1
528,3825,2
1029,39,3
528,3316,2
1029,3361,2
1029,1060,2
528,3324,4
1029,3911,2
1029,1,4
528,3452,1
528,3623,1
528,3298,1
1029,348,3
1029,1870,2
1029,1080,1
528,3301,2
528,3882,2
1029,3210,3
1029,2918,3
1029,3751,3
528,3408,4
528,3328,4
528,3240,4
1029,2352,3
1029,2791,1
1029,1175,3
1029,1285,3
528,1441,1
1029,1077,1
1029,3363,2
1029,1394,2
1029,1172,4
1029,1392,4
1029,2626,4
1029,1537,4
387,1307,3
1029,1136,3
1029,1259,4
1029,3819,4
1029,1235,2
387,1674,1
330,3821,1
330,3484,2
330,3623,1
330,3745,4
330,3827,1
330,3753,4
330,3896,3
330,3624,4
1029,3429,1
1029,1230,1
330,3793,3
1029,3786,4
3590,449,3
1266,568,1
1266,3861,2
609,457,3
609,2762,1
609,1233,3
609,527,4
609,3527,2
609,2916,4
609,1374,3
609,1240,1
609,260,1
609,541,2
2116,3879,2
1599,3863,3
1599,3821,1
2895,2952,3
2683,2167,2
3512,3470,2
2683,237,1
2683,537,1
2683,2431,2
2683,339,3
2683,2539,4
2683,289,3
2683,708,4
2683,235,1
2683,1409,3
2683,514,1
2683,1485,2
2683,500,2
2683,1777,1
2683,2012,3
2683,3263,1
2683,476,2
2683,3809,3
2683,587,1
2683,3175,3
2683,586,3
2683,1747,1
2683,3108,2
2683,3255,4
2683,2108,2
2683,3614,1
2683,440,1
2683,597,4
2683,1923,4
2683,2321,3
2683,1517,4
2683,3253,3
2683,3466,2
2683,2302,4
2683,3798,4
2683,2841,4
2683,2013,2
2683,1959,3
2683,2688,3
2683,2605,1
2683,2369,2
2683,3751,3
2683,2433,3
2683,223,4
2683,3005,3
2683,2355,1
2683,2706,3
2683,316,4
2683,3082,2
2683,1586,4
2683,434,3
2683,353,2
2683,1876,2
2683,1792,1
2683,368,2
5825,3556,4
5825,3793,1
2195,3510,2
2131,3007,1
2131,3328,3
2131,648,2
2131,3300,3
2131,3512,2
321,3571,2
1252,3328,1
1252,85,2
496,3821,3
496,1997,1
496,3000,4
2077,434,4
2077,423,1
2077,788,2
2077,544,4
2077,424,4
2077,18,2
2077,1379,1
2077,466,2
2077,2120,3
2077,1191,1
2077,1616,4
2077,2297,3
2077,748,3
2077,542,3
2077,2796,3
2077,1377,2
2077,1422,4
2077,1541,4
2077,3672,3
2077,2004,4
2106,3079,3
963,1124,3
963,26,4
963,628,4
963,337,1
963,1357,3
963,1962,4
963,3246,2
963,535,4
963,3071,1
963,412,4
963,3090,4
963,529,4
963,3526,1
963,314,2
963,293,1
963,2243,4
963,2194,4
963,2427,4
963,1466,2
963,3181,1
1252,3556,3
1252,3185,4
1380,3300,4
1380,3479,3
173,3736,3
173,3134,2
173,3114,1
173,1204,3
173,2927,2
173,2804,4
173,923,1
173,945,4
173,2830,2
173,1413,1
173,2360,1
904,1263,4
904,2279,2
2724,3241,2
3842,396,4
195,3438,3
169,3536,3
2077,761,4
2077,882,2
2077,3020,1
2077,9,1
2077,663,1
2077,225,4
2077,3791,1
2077,500,2
2077,442,1
2077,2405,4
2077,3827,4
2077,1518,2
2077,3258,3
2077,157,2
2077,586,3
2077,1586,2
2077,2094,2
2077,1717,4
2077,1621,3
2077,2334,2
2077,3269,1
2077,2315,2
2077,1385,2
2077,259,4
2077,1615,2
2077,282,4
2077,2875,4
2077,376,3
2077,2,1
2077,1597,3
5831,3507,2
2077,3869,4
2077,802,3
2077,1608,4
2077,2616,4
2077,2054,4
2077,1487,3
2077,14,2
2077,1711,2
2077,410,3
2077,362,2
2077,653,4
2077,517,4
2077,1010,4
2077,2403,4
2077,3712,1
2077,381,4
2077,3177,2
2077,10,3
2077,1690,1
2077,3107,2
2077,2059,4
2077,1378,1
2077,3729,2
2077,1049,4
2077,8,3
2077,422,2
2077,3254,4
2077,2044,2
2077,2453,4
2077,60,3
2077,3264,2
2077,252,1
2077,89,1
2077,1620,3
2077,1405,3
2077,2012,1
2077,3355,4
2077,3326,2
2077,2133,3
2077,2990,1
2077,514,1
2077,852,2
2077,2082,1
2077,3591,3
2077,587,4
2077,1391,2
2077,1459,4
2077,999,2
2077,3274,1
2077,2420,3
2077,2889,1
2077,2746,4
2077,3249,4
2077,2371,2
2077,494,4
2077,2011,3
2077,1485,1
2077,2141,2
2077,1688,1
2077,2335,4
2077,2001,3
2077,316,2
2077,409,2
2077,3684,4
2077,329,4
2077,2145,1
2077,875,1
2077,491,1
2077,1047,3
2077,1088,1
2077,585,3
2077,1320,4
2077,407,2
2077,340,2
2077,2301,1
2077,2836,3
2077,1573,4
2077,1042,1
2077,3810,2
2077,253,1
2077,3263,4
2077,1614,4
2077,453,2
2077,317,1
2077,1799,1
2077,2023,4
2077,3301,1
2077,3686,4
2077,2470,4
2077,1722,4
2077,454,1
2077,537,3
2077,3102,1
2077,367,1
2077,2003,2
2077,543,1
2077,3844,3
2077,2423,2
2077,2247,3
2077,2539,4
2077,507,2
2077,198,4
2077,1527,4
2077,1566,4
2077,2407,4
2077,805,1
2077,2058,3
2077,380,1
2077,2273,1
2077,535,3
2077,3614,3
2077,1366,4
2077,78,3
2077,2278,4
2077,708,2
2077,1895,2
2077,2353,4
2077,2282,1
2077,57,2
2077,521,1
2077,627,3
2077,832,3
2077,2245,4
2077,3186,4
2077,508,2
2077,1347,2
2077,3101,4
2077,271,2
2077,1569,1
2077,1810,3
2077,2100,3
2077,3478,2
2077,662,2
2077,597,3
2077,2167,3
2077,231,3
2077,647,3
2077,1954,4
2077,3255,3
2077,2025,4
2077,280,2
2077,2439,1
2077,1732,1
2077,3809,1
2077,3763,3
2077,62,4
2077,1061,1
2077,2567,1
2077,2005,3
2077,2085,3
2077,553,4
2077,377,1
2077,2384,2
2077,1517,3
2077,3256,2
2077,1343,2
2077,1407,3
2077,230,2
2077,2294,2
2077,2671,1
2077,440,3
2077,288,3
2077,2109,1
2077,21,1
2077,477,4
2077,3129,3
2077,2118,1
2077,3397,1
2077,349,2
2077,3699,3
2077,2000,1
2077,2161,3
2077,1268,1
2077,356,3
2077,1271,2
2077,2583,1
2077,1883,3
2077,431,1
2077,1672,2
2077,1777,4
2077,2115,2
2077,2144,1
2077,441,3
2077,1721,2
2077,2406,1
2077,2985,4
2077,45,4
2077,1645,3
2077,3418,2
2077,2174,2
2077,778,4
2077,3386,3
2077,799,2
2077,1923,1
2077,180,1
2077,2096,4
2077,2194,4
2077,590,3
2077,2018,3
2077,806,1
2077,2087,2
2077,52,2
2077,1032,1
2077,3148,2
2077,1179,1
2077,2195,4
2077,1641,3
2077,592,3
2077,569,1
2077,1396,2
2077,838,1
2077,555,4
2077,2302,1
2077,3358,2
2077,1291,1
2077,1500,3
2077,628,4
2077,1094,1
2077,866,2
2077,32,2
2077,3499,2
2077,2321,4
2077,2797,4
2077,3671,4
2077,1907,1
2077,3246,4
2077,800,1
2077,1120,1
2077,3363,2
2077,2890,2
2077,125,1
2077,322,1
2077,1302,4
2077,3505,2
2077,1968,1
2077,474,1
2077,2268,1
2077,596,4
2077,457,4
2077,101,3
2077,1610,2
2077,2080,1
2077,1682,1
2077,3360,4
2077,3052,1
2077,2028,4
2077,2571,1
2077,1222,4
2077,1753,1
2077,3260,3
2077,1203,3
2077,1784,2
2077,1079,3
2077,3105,3
2077,1200,3
2077,1022,4
2077,1694,4
2077,1265,4
2077,1393,4
2077,3178,2
2077,3361,1
2077,39,2
2077,2391,1
2077,1064,4
2077,150,2
2077,3421,1
2077,17,2
2077,2918,1
2077,1266,2
2077,1240,1
2077,69,2
2077,1270,3
2077,1639,2
2077,449,4
2077,1136,4
2077,1961,2
2077,1912,1
2077,1704,4
2077,1198,3
2077,1258,3
2077,1358,4
2077,2730,2
2077,1036,2
2077,34,3
2077,3006,3
2077,953,1
2077,1617,4
2077,1206,3
2077,593,1
2077,903,2
2077,1228,2
2077,1,4
2077,2324,3
2077,608,4
2077,1213,3
2077,750,4
2077,1520,4
2077,1089,3
2077,50,1
2077,318,4
2077,1219,1
2077,1252,4
2077,527,3
2077,296,3
2077,3327,1
2077,3646,2
2077,1976,1
2077,564,1
2077,3797,3
2077,3821,4
2077,3820,4
2077,3785,3
2077,3744,4
2077,648,3
2077,1129,1
2077,490,2
2077,1466,2
2077,47,1
2077,3745,1
2077,2720,4
2077,3717,3
2077,3113,1
2077,2555,2
2077,3534,1
2077,3624,1
2077,3510,3
2077,3481,1
2077,3718,3
2077,3173,1
2683,315,1
2683,3697,3
2683,95,1
2683,153,1
2683,1676,4
2683,1690,3
2683,379,3
2683,1377,3
2683,786,1
2683,507,3
2683,3764,4
2683,1320,4
2683,736,4
2683,1918,1
2683,292,1
2683,2002,3
2683,3257,4
2683,1917,3
2683,494,2
2683,329,3
2683,1608,2
2683,1552,4
2683,10,4
2683,2490,4
2683,780,1
2683,165,1
2683,3256,3
2683,2145,2
2122,337,3
2683,2919,3
2683,2470,2
2122,2717,1
2122,2716,3
2683,3448,3
2122,2921,3
2683,3072,4
2122,3508,4
2683,2352,3
2683,3591,2
1005,266,4
2122,3068,1
2683,1663,4
2122,3481,1
2683,3210,4
1005,1466,3
2683,2791,1
1005,2348,2
1005,2312,2
2683,1968,3
1005,1250,4
2683,2915,2
2683,1302,1
2683,1293,4
2683,1961,3
2683,1231,1
2683,3068,1
2683,1611,1
2683,3247,3
2683,22,1
1005,3916,1
2683,1729,4
2683,1396,4
2683,2268,4
2683,36,1
2683,62,1
2683,1266,4
2683,3114,3
2683,3246,4
2683,3006,3
2683,1219,2
2683,3169,2
2683,1179,2
2683,541,4
2683,1278,4
2683,1333,3
2683,1090,2
2683,110,1
2683,802,1
2683,1247,4
2683,356,3
2683,1307,2
2683,1721,3
2683,1947,1
2683,3426,1
2683,1393,2
2683,1265,2
2683,2396,3
2683,257,3
2683,350,2
2683,3386,3
2683,1343,4
2683,1892,4
2683,3476,1
2683,47,2
2683,161,4
2683,2346,1
2683,1358,1
2683,111,3
2683,1200,4
2683,1674,1
2683,2917,3
2683,1267,1
2683,1617,2
2683,3505,1
2683,2762,3
2683,1036,4
2683,2005,2
2683,317,3
2683,2797,1
2683,2100,4
2683,3699,4
2683,590,2
2683,1374,3
2683,3526,3
2683,3552,4
2683,2262,3
2683,1042,4
2683,2716,2
2683,1220,4
2683,1641,3
2683,3361,1
2683,3060,2
2683,357,3
2683,2918,3
2683,2795,4
2683,1784,4
2683,1230,2
2683,1304,1
2683,1234,4
2683,2289,2
2683,3421,4
2683,1079,4
2683,1288,2
2683,1,3
2683,1270,3
2683,3362,3
2683,2324,3
2683,3504,4
2683,296,1
2683,919,2
2683,1213,4
2683,1704,2
2683,608,4
2683,1225,2
2683,1193,3
2683,923,1
2683,318,4
2683,593,1
2683,2023,3
2683,1385,4
2683,1372,2
2683,198,3
2683,648,2
2683,380,1
2683,2763,2
2683,2353,4
2683,2528,4
2683,349,3
3430,471,2
2683,3755,3
2683,3107,4
2683,1580,1
2683,1370,4
2683,2115,1
2683,2058,3
2683,2640,3
2683,592,2
2683,1573,2
2683,3578,1
2683,3753,3
2683,480,2
2683,2916,2
2683,2406,3
2683,3527,3
2683,3763,2
2683,474,3
2683,1376,4
2683,377,1
2683,1210,3
2683,6,4
2683,2194,3
2683,1610,3
2683,3418,1
2683,21,1
2683,2000,4
2683,2571,4
2683,589,4
2683,1240,2
2683,457,3
2683,1242,1
2683,1214,1
2683,1197,1
2683,2028,4
2683,1387,2
2683,1221,4
2683,858,4
2683,1196,4
2683,260,3
2683,1198,1
746,3556,2
746,1136,4
746,3752,2
746,3825,1
1063,2498,4
1063,671,1
1063,444,4
1063,1253,4
1063,1252,3
1063,2877,3
1063,1380,4
1063,1381,2
1063,1220,3
1063,1288,2
1063,3142,3
1063,1446,3
1063,1280,3
1063,563,4
1063,257,3
1063,598,1
1063,1734,1
2903,1453,3
2903,1380,1
2903,2174,2
2903,1197,1
624,2371,3
2878,942,3
963,1682,3
963,1961,2
963,3360,4
963,1968,2
963,58,4
963,3105,1
963,2959,3
963,3260,4
963,3147,1
963,3169,4
963,2303,1
963,1095,3
963,308,3
963,2728,4
963,1131,3
963,1186,4
963,1719,4
963,3006,1
963,1953,1
963,1673,3
963,154,4
963,150,4
963,307,4
963,1295,2
963,1246,2
963,953,1
963,2501,2
963,1293,1
963,1949,3
963,1704,4
963,3359,2
963,1354,4
963,1132,4
963,3298,3
963,3408,3
963,3510,4
963,3317,2
963,3328,2
1912,356,2
1912,590,3
1912,1944,1
1912,1935,3
195,2421,1
195,2420,4
195,3877,2
195,2115,2
3430,2690,2
3430,348,2
1912,1348,4
1912,2366,4
1912,3932,1
1912,905,4
1912,2710,3
329,3396,4
329,3098,2
329,1302,3
329,2174,4
329,1041,4
329,2915,1
329,2020,4
329,3548,3
329,3072,1
329,1090,2
329,3360,2
329,1307,2
329,1961,3
329,1957,1
329,3250,1
329,3361,1
329,3347,3
329,2329,2
329,581,1
329,1968,1
329,2918,3
329,1300,3
329,2138,2
329,1242,4
329,488,1
329,1258,3
329,3068,4
329,3296,3
329,3703,1
329,36,3
329,903,4
329,950,2
329,3342,3
329,3424,2
329,1247,1
329,3095,2
329,2248,4
329,1394,3
329,1187,4
329,1079,2
329,473,3
329,3812,2
329,2788,2
329,1238,4
329,1969,4
329,1347,1
329,3104,2
329,3112,2
329,1673,3
329,2262,3
1899,3734,2
1899,3110,4
1899,1066,4
1899,1301,4
1899,866,4
1899,1095,3
1899,1673,2
1899,3849,1
1899,2970,3
1899,928,3
1899,1203,3
1899,1253,2
1899,3334,3
1899,2920,1
1899,247,4
1899,942,1
1899,3599,3
1899,3095,2
588,2130,4
146,25,2
146,1345,3
146,3244,3
146,2640,1
146,3194,3
146,1954,4
146,1078,2
146,2871,1
146,1082,4
146,2788,4
146,3371,3
146,3551,3
146,3471,1
146,3814,2
146,1214,4
146,2866,1
146,1272,4
146,3362,1
146,1080,1
146,3735,2
146,1234,4
146,3421,3
146,3135,1
146,2819,2
146,3671,3
146,1278,3
146,111,4
146,2303,4
146,3363,3
146,1292,3
146,1294,2
146,1136,3
146,3359,2
146,1206,2
146,1193,4
146,1077,2
146,1303,4
146,1235,4
146,3504,4
146,2378,4
146,1373,3
146,2942,3
146,2413,4
146,2468,3
146,3791,3
146,3707,3
146,2403,3
146,2370,1
146,2290,1
146,1375,4
146,2405,1
146,3740,1
146,3251,3
146,2110,3
146,2420,4
146,3501,4
146,1135,2
146,3550,1
146,2301,4
146,3524,2
146,2145,3
146,2469,2
3971,1194,1
146,2262,1
146,2369,2
146,2115,2
146,2641,3
146,3700,4
146,2738,2
146,2245,1
146,3448,4
146,2470,4
146,2639,1
146,3763,2
146,3834,2
146,3102,4
146,1374,4
146,2734,1
146,1321,4
146,2118,3
146,3480,4
146,1663,3
146,2144,2
146,1124,2
146,592,1
146,1246,3
146,2915,3
146,2467,3
146,1968,4
146,1275,4
146,1302,4
4593,3081,1
146,2739,4
146,1957,3
146,2352,3
146,2918,2
146,2917,3
146,1258,4
146,3111,1
146,2070,1
146,1198,1
146,1079,2
146,1259,1
146,3361,3
146,1231,3
146,3072,1
146,1299,4
146,1199,4
146,3342,4
146,3683,2
146,1225,2
146,908,1
146,2181,4
146,608,2
146,2949,2
175,2725,3
175,1282,2
175,2361,2
5173,3286,2
5173,3755,3
5173,3515,3
5173,3785,4
5173,1717,2
5173,3593,2
1449,800,3
5923,3286,3
3453,2275,1
3453,3158,3
3453,2293,2
4327,3827,2
3792,1996,4
3792,2338,1
3792,880,4
4327,3185,2
3792,2713,1
3792,2026,4
3792,1995,3
3792,2121,4
3792,132,4
3792,1515,1
3792,2719,1
3792,2722,2
3792,1644,4
3792,1686,2
3792,2389,3
3792,92,3
3792,185,2
3792,782,2
3792,707,4
3792,861,3
3792,1779,3
3792,1603,1
3792,170,4
3792,3063,4
4327,3316,1
3792,2605,4
3792,1798,2
4327,3409,1
3792,2803,4
3792,1518,3
4327,3510,3
4327,3535,1
4327,3863,4
3792,1615,2
3792,217,3
3792,2764,1
3792,3686,3
3792,350,3
3792,454,1
3792,163,2
3792,2346,4
4327,2890,1
3792,628,3
3792,1092,4
3792,1748,1
3792,2553,3
4327,2501,3
3792,1445,3
4327,2912,4
3792,1398,4
3792,3066,3
3792,1183,1
3792,3519,2
3792,1619,2
3792,2941,2
3792,2662,3
4327,3538,3
3792,3494,4
3792,2401,4
4327,3481,1
3792,3826,2
3792,3717,2
3792,3744,2
3792,3078,3
787,3755,2
787,3624,4
787,3408,1
787,3556,2
3792,2580,1
2106,2844,1
2106,3175,4
1246,1263,2
1879,2921,2
1879,3551,2
1879,1291,1
1879,1200,3
1879,1222,1
3079,1199,1
3079,2919,3
1597,29,3
1483,3617,2
1483,3785,2
1483,3861,1
1483,3755,4
1483,3744,3
1483,1997,3
1483,480,1
1483,780,3
1483,3489,4
1483,466,1
1483,2054,3
1483,170,4
1483,6,4
1483,2947,1
1483,2716,1
1483,2005,4
1483,3578,4
1483,1247,4
1483,10,3
1483,1049,2
1483,3175,2
1483,3269,4
1483,18,2
1483,457,2
1483,2872,1
1483,3020,3
1483,1527,1
1483,1302,2
1483,168,3
1483,3435,1
1483,2949,1
1483,2021,1
1483,2616,2
1483,2291,3
1483,1370,3
1483,1036,3
1483,750,4
1483,1097,1
1483,442,2
1483,1748,1
1483,353,3
1483,590,3
1483,2140,3
1483,36,1
1483,1639,1
1483,1587,4
1483,923,3
1483,1584,4
1483,1206,2
1483,2167,4
1483,1220,4
1483,423,1
1483,110,3
1483,1377,4
1483,154,3
1483,1270,2
1483,2797,1
1483,3107,1
1483,2826,3
1483,1279,3
1483,3245,4
1483,3521,3
439,3,2
439,1835,2
439,1183,4
439,802,3
439,1409,1
439,736,1
439,7,1
439,252,4
439,339,1
439,3259,4
439,3269,2
439,2424,3
439,2291,2
439,1721,2
439,597,1
439,539,3
439,1265,2
439,1393,1
439,3095,4
1274,2440,1
3051,2568,3
3051,196,2
3051,2539,2
1715,3301,4
3051,3429,1
1715,3717,4
1715,3744,1
1715,3793,4
1715,3578,2
1715,3753,4
1715,3316,3
1715,3896,3
1715,3555,3
1715,3623,3
1715,3863,2
1715,3755,2
3051,2625,1
1715,3239,1
1715,3646,2
1715,3324,1
1715,3821,3
1715,3865,2
1715,3785,2
1715,3177,2
1715,3326,3
1715,3534,4
1715,3752,3
1715,3893,3
1715,3536,2
1715,3566,1
1715,3556,4
1715,3911,1
1715,648,4
5333,3554,1
3641,71,1
3641,3709,4
3641,3555,4
3641,3646,4
3641,3300,4
3641,3510,3
3641,648,1
3641,3861,4
3641,3793,3
3641,3751,4
271,333,1
271,3752,3
271,3784,4
271,2717,4
271,1895,3
271,1020,3
271,2052,3
271,2082,4
271,2805,3
271,2431,2
271,2012,4
271,2683,2
271,3525,3
271,516,1
271,3033,2
271,1777,1
271,410,2
271,1614,4
271,231,1
271,708,2
271,500,4
271,3398,2
271,3809,4
271,2011,1
271,440,2
271,104,4
271,2124,4
271,3157,3
271,3087,2
271,2302,4
271,3608,4
271,2321,1
271,1517,3
271,1784,2
271,2747,1
271,1278,1
271,2918,1
271,1234,4
271,546,4
271,393,2
271,502,4
271,2411,3
271,2421,3
271,170,2
271,1831,2
271,44,4
271,1604,2
271,2094,4
271,1391,3
271,165,2
271,494,3
271,2826,2
271,3274,1
271,2273,4
271,1527,3
271,1722,1
271,3744,3
271,3740,3
271,2640,1
271,2948,3
4647,3162,4
4647,3752,2
271,3210,4
271,168,2
271,2470,3
271,2723,2
271,1017,2
271,1031,1
271,10,2
271,2006,1
271,3175,4
271,590,2
271,2162,1
271,2043,2
271,2100,3
271,788,3
271,529,2
271,899,2
271,1704,1
271,1247,4
271,1254,1
271,1235,2
2638,3753,3
2638,3578,1
2638,3512,4
2638,3327,3
2820,1449,1
2638,2959,1
2820,950,2
2820,2287,1
2820,589,2
2820,2206,4
2820,842,3
2820,1104,3
2820,2186,1
2820,2840,4
2820,198,4
2820,2346,2
2820,2100,3
2820,1834,3
2820,2728,2
2820,196,3
2820,3274,4
2820,1061,1
2820,3210,3
2820,3445,4
2820,1754,4
2820,1256,3
2820,1466,1
2820,3362,4
2820,3543,4
2820,441,4
2820,1366,4
2820,1589,4
2820,681,3
2820,16,4
2820,971,4
2820,3167,3
2820,2243,1
2820,1199,3
2820,2908,3
2820,2710,3
2820,2967,1
2820,3171,3
2820,1076,2
5840,266,2
5840,1997,4
2303,3005,1
2303,3744,1
2303,541,4
2303,2763,1
355,2879,1
355,2908,4
4445,1977,2
4445,3593,3
4445,3709,3
4445,3864,2
4445,1976,4
4445,3821,1
4445,3646,3
4445,3616,2
4445,3484,1
4445,2792,2
4445,3826,3
4445,1612,4
4445,2241,3
4445,3863,3
4445,3794,3
4445,1441,3
4445,490,4
4445,266,2
4445,3744,2
4445,3556,3
4445,3753,2
4445,714,1
4445,522,3
4445,3512,3
4445,1466,2
4445,1282,4
4445,2312,2
4445,2791,1
4445,47,2
4445,2348,4
4445,3159,2
4445,3581,1
4445,2966,2
4445,2858,3
4445,1248,2
4445,3730,3
4445,3000,1
4445,3429,2
5087,3948,2
5087,3555,4
5087,3538,4
5087,3916,3
5087,3793,4
331,1661,2
331,540,2
331,880,3
331,436,3
331,3257,4
331,1717,1
331,1833,2
331,1552,3
331,1769,3
331,100,3
331,92,4
331,225,4
331,463,2
331,423,4
331,2617,2
331,1355,1
331,2505,2
331,3557,3
331,1422,2
331,165,3
331,1616,4
331,2707,1
331,2881,3
331,2699,2
331,1687,1
331,3082,4
331,1608,2
331,1092,2
331,257,2
331,1518,3
331,494,3
331,2058,1
331,733,4
331,2334,4
331,1459,1
331,1909,4
331,350,2
331,1615,3
331,2273,1
331,3249,1
2127,2574,2
331,1407,1
331,1573,1
331,490,3
331,2841,1
331,349,3
331,1892,4
331,1625,4
331,3176,3
331,3686,3
331,2490,3
331,3267,3
331,3256,4
331,2353,2
331,1343,3
331,1631,2
331,373,1
331,457,4
331,678,4
331,589,4
331,2916,2
331,2000,1
331,2001,3
2127,104,3
331,1598,1
331,1791,2
331,1918,1
331,2605,3
331,2027,2
331,2126,2
331,2002,4
2127,3671,4
2127,2858,2
331,1645,3
331,1732,1
331,1711,2
331,47,4
146,277,3
146,3483,4
146,1190,4
146,3420,2
146,2312,1
4543,368,1
2127,2485,2
146,3507,4
146,3730,2
2127,2572,1
4543,3571,3
4543,3514,4
5927,3618,3
5927,3952,3
5927,3578,1
3288,50,3
3288,1225,2
3288,3788,2
3288,2858,1
3288,923,2
3288,3435,3
3288,2804,3
3288,593,1
375,3098,1
375,1186,4
375,1961,4
3288,850,1
375,3578,4
3288,1198,3
3288,318,1
375,2028,2
375,1954,1
375,3733,4
375,3498,4
375,1095,2
3288,858,3
3288,260,4
375,866,2
375,3386,4
375,293,3
375,1060,3
3288,1136,4
3288,3030,1
3288,1252,3
3288,1299,4
3288,3498,2
3288,290,4
375,778,4
375,1673,1
375,1704,4
375,529,4
375,2908,4
3288,1196,4
3288,3160,1
3288,516,3
3288,288,4
375,2329,2
375,924,4
375,1885,3
375,2959,2
375,1635,3
375,1293,2
375,1231,1
375,3683,2
375,1784,3
375,1228,1
375,3068,2
375,593,3
375,1263,2
375,685,4
375,1196,4
375,1952,3
375,3167,2
375,1213,1
375,527,2
375,1299,2
375,1225,3
375,2858,1
375,3217,2
375,3556,1
375,2804,4
375,608,3
1509,71,1
1509,277,3
1509,490,4
1509,1282,3
1509,3820,4
1509,3797,1
1509,3646,3
1509,3799,2
1509,3785,2
1509,3744,2
1509,3618,2
1509,3617,3
1509,3861,3
1509,3510,1
1509,3755,3
4624,3861,1
1879,434,4
1879,1339,2
1879,2797,3
1879,2174,1
1879,1097,1
1395,533,2
1879,1302,2
1879,3793,2
1879,555,3
1879,1411,3
1879,1025,3
1879,3034,3
1879,1073,1
1879,2080,3
1879,1625,1
1879,1234,4
1879,1294,4
1879,1275,4
1879,2975,1
1879,1136,2
1879,1961,3
1879,1147,4
1879,1258,4
1879,1240,2
1879,1224,2
1879,529,2
1879,1266,3
1879,1304,2
1879,3421,2
1879,1036,4
1879,1673,1
1879,3629,1
1879,1206,1
1879,47,2
1879,593,4
1879,260,3
1879,3114,3
1879,1219,4
1879,541,4
1879,1284,4
1879,1198,1
1879,913,3
1879,1465,1
195,457,2
195,2263,2
2258,3671,2
2258,1060,2
2258,1394,4
2258,1,2
2258,1304,4
2258,3114,4
2258,2804,1
2258,223,1
2258,910,1
2258,2788,3
2258,3629,2
2258,2858,1
2258,3739,3
5281,2492,2
2258,593,2
2258,2329,4
2258,2693,2
2258,2064,1
2258,1208,2
2258,2025,1
195,3181,2
5571,1654,1
5571,801,2
5571,2355,4
5571,551,4
5571,2384,3
5571,2294,3
5571,661,3
1448,2888,4
1448,3155,2
1448,3578,3
2359,2987,3
678,3948,3
5689,2890,2
1266,3902,1
5689,2599,3
5689,3790,4
5689,3900,4
639,3478,3
639,2018,3
639,2011,3
639,346,2
639,1270,4
639,2017,2
639,1784,2
639,616,3
639,964,2
639,1688,4
639,2142,4
639,2141,3
639,11,2
639,2123,1
639,1064,1
639,2791,3
639,2133,4
639,344,1
639,1367,3
639,2085,1
1836,3617,3
4823,1357,3
1836,3755,3
2438,3948,2
2438,527,1
2438,1272,1
710,2625,4
2116,14,3
4277,2979,3
4277,3896,4
4277,41,2
4277,2697,3
4277,2310,2
4277,3790,1
4277,1870,1
4277,3783,3
4277,2433,1
4277,3863,2
4277,3677,1
770,3798,3
770,674,4
770,2018,3
770,1030,1
770,2718,1
770,12,2
770,3275,1
2820,3081,1
2820,2571,3
770,3180,1
770,3726,3
1982,2167,3
770,1962,4
1982,998,2
1982,1912,2
1982,480,3
1982,457,4
1982,110,2
1982,1881,3
1982,1126,1
1982,1920,3
1982,673,3
1982,2628,2
1982,653,1
1982,367,3
1982,924,1
1982,2021,3
1982,2571,2
1982,1584,2
1982,2028,1
2188,1821,3
195,1831,2
195,2746,3
195,160,1
195,2011,4
195,2012,4
195,748,1
2071,3538,2
195,1027,3
2071,3863,2
2071,3556,4
195,2231,4
195,1672,3
195,448,4
195,16,2
587,3751,2
10,275,1
10,3593,2
10,1831,1
10,2498,4
195,1643,1
10,2717,2
10,2087,4
10,1022,2
10,1292,3
10,527,1
10,3347,2
10,1233,4
10,1035,2
10,1023,4
10,1240,1
624,3181,3
10,1252,4
10,750,4
10,2096,4
10,1961,3
10,904,4
10,2398,4
10,2077,2
10,720,4
195,2393,1
10,318,3
10,1203,1
10,1617,2
10,1225,4
10,3309,3
10,116,2
195,1373,4
5367,1095,3
1164,155,2
1164,2624,1
1164,2599,2
1164,1089,2
1164,1411,4
1164,2028,1
1164,1617,3
1164,2682,2
1164,150,1
1164,1117,2
1164,1038,1
774,2139,2
774,69,4
774,3148,2
774,3897,1
774,1748,4
299,290,2
299,3068,2
299,3420,1
299,2966,3
2451,2875,3
2451,3300,2
306,1228,1
3571,374,4
3571,364,4
3571,3745,1
3571,1625,1
3571,313,1
3571,3000,1
3571,580,4
3274,2450,1
3274,2471,2
3274,3877,3
3274,2748,3
3571,1197,3
3274,2368,2
3274,2050,3
3274,2373,4
3274,1587,3
3274,2041,4
3274,2405,2
3274,2088,1
3571,3355,2
3571,2060,4
3571,1358,4
3571,3175,2
3571,1339,3
3571,12,3
3274,2406,1
3274,2470,3
3274,2054,4
3274,2115,1
3274,592,2
3571,1517,3
3274,2987,4
3274,1291,4
3274,1127,1
3274,1198,2
3274,1259,3
3274,1275,4
3274,595,2
3274,2089,4
3274,661,4
3274,2761,1
3274,2189,2
3274,2355,1
3571,2628,4
3571,3594,4
3571,3783,2
3571,3483,1
3571,3578,2
3571,3879,4
3571,3300,3
3571,3751,2
1218,3408,2
3274,2526,4
3274,2530,4
3274,2034,2
3274,2091,1
3274,2533,3
3274,2531,4
3274,2532,3
3274,2009,3
3274,2346,1
3274,2527,3
3274,1371,1
3274,2640,1
3274,3638,2
3274,1077,1
3274,2116,4
3274,3702,4
3274,1214,3
3274,2528,2
3274,260,2
3274,2657,3
3274,2642,4
3274,2643,2
3274,3687,3
3274,3698,3
3274,1373,3
3274,1205,1
3274,1375,1
3274,3701,3
3274,2011,3
3274,610,3
3274,2117,1
3274,3033,3
3274,2407,1
3274,2288,3
3274,2641,1
3274,1129,2
3274,2311,3
3274,3527,2
3274,3704,3
3274,1376,3
3274,3070,1
3274,2364,3
3274,2455,3
3274,3699,3
3274,3700,2
3274,1210,4
3274,1374,1
3274,1200,2
3274,1199,4
3274,1270,1
3274,541,2
3274,1240,1
3274,1274,4
3274,3703,3
3274,1196,2
3274,546,4
1218,2858,1
3274,1690,2
3274,1396,4
3274,2143,2
3274,2161,1
3274,2100,4
3274,2193,4
3274,2021,3
3274,3479,3
3274,1967,4
3274,2797,4
3274,2872,3
3274,2968,2
3274,1097,2
3274,2105,4
3274,2140,2
3274,2174,2
3274,3439,2
3274,3440,4
3274,2162,4
3274,3438,2
3274,367,4
3274,2622,1
3274,653,2
3274,2559,4
3274,673,4
3274,1064,2
3274,48,3
3274,2092,4
3274,1688,1
3274,3159,3
3274,1566,3
3274,1907,1
3274,783,2
3274,2394,4
3274,364,3
3274,588,1
3274,2687,2
3274,2294,2
329,505,2
329,1490,3
3274,1,1
329,1474,4
3274,1148,2
3274,720,1
3274,3114,4
3274,1223,2
3274,3000,1
3274,3429,3
3274,745,4
3274,3213,3
329,485,1
3274,3889,2
329,2574,3
5458,3755,1
5458,3793,1
329,837,2
329,5,2
329,413,3
329,3046,2
329,420,2
3274,405,2
3274,172,4
3274,1882,4
3274,2701,1
329,2002,2
329,1614,3
3274,2986,3
3274,173,1
3274,1591,2
329,368,4
3274,379,1
3274,1831,3
329,2889,2
3274,2232,2
3274,1917,1
3274,3697,4
3274,1320,3
3274,1391,3
3274,2012,1
3274,3802,2
3274,442,2
3274,2094,2
3274,780,2
3274,2393,4
3274,3156,2
3274,1372,3
3274,329,3
3274,1909,1
3274,316,2
3274,1676,2
329,3255,3
329,2706,2
329,2282,3
329,345,3
5458,3769,2
329,352,2
5458,861,4
329,3451,3
737,1245,1
3274,1580,1
3274,3175,2
3274,1573,3
3274,2916,1
3274,1356,2
3274,2628,4
3274,1748,1
3274,589,2
3274,2571,1
3274,32,2
3274,741,2
3274,480,1
5367,3593,3
3410,272,2
5333,1758,2
3113,1845,1
3113,1874,1
5831,2764,1
1019,1254,3
1019,720,1
1019,3306,4
1019,1191,2
1019,556,1
1019,1050,2
1019,162,2
1019,1649,4
1019,1189,3
1019,2859,3
1019,246,1
1019,2912,4
1019,1748,2
264,1722,2
1356,2580,2
1120,969,3
5367,2490,2
5367,2959,4
5367,2720,2
306,2959,2
5367,3051,1
5367,2908,4
1733,3826,3
306,358,2
306,336,2
3313,3107,3
3313,1378,2
3313,1858,3
3313,464,3
3313,112,4
3313,2006,3
3313,2278,4
3313,1101,2
3313,1429,4
3313,380,4
3313,3266,1
3313,1610,3
3313,211,4
3313,3030,4
3313,3534,1
3313,3481,3
753,3623,1
753,3617,4
1243,2851,3
1243,2522,2
1243,2877,1
1243,2524,4
1243,2367,1
1243,2535,1
1243,3506,3
1243,2533,4
1243,1982,3
1243,3813,4
1243,2532,2
1243,3812,1
1243,3702,3
1243,1345,3
1243,2921,1
1243,3769,3
1243,1954,1
1243,3471,2
1243,2991,3
1243,1955,1
1243,1387,2
1243,1263,3
1243,2788,1
1243,3198,3
1243,3671,4
1243,1078,4
1243,1294,1
1243,1080,1
1243,3733,1
1243,1077,2
1243,3194,2
1243,1234,3
1243,1206,1
1243,3363,1
1243,1244,1
1243,1953,4
1243,3814,3
1243,1208,3
1243,1235,1
1243,3201,1
1243,1193,2
1243,1278,4
1243,2819,4
1243,3504,3
1243,3730,2
1243,3362,1
1243,1136,1
1243,1230,2
1243,1252,1
1426,3510,1
1086,3355,4
1086,3535,1
1086,3317,3
1086,3623,4
1086,3328,3
1086,3536,3
1086,3717,1
1086,1544,4
1086,277,1
1086,1171,4
1086,2791,3
1086,3863,3
1086,648,4
1086,3751,2
1086,3820,2
1086,778,1
1086,788,3
1086,3821,1
1086,3275,2
1086,3481,2
5333,1554,1
3095,3484,3
3095,3948,4
3224,362,2
3224,3639,4
3224,1995,2
3224,99,4
123,1352,3
123,3051,2
123,2600,3
123,1661,2
123,2343,1
3224,3281,1
123,2995,4
123,3238,4
123,3052,4
1101,2011,1
1101,1573,2
1101,2916,2
1101,3618,4
1101,207,2
1101,648,2
1101,3155,4
293,1416,2
293,802,1
293,46,2
293,1476,2
293,851,3
293,767,4
293,82,2
293,475,4
293,454,3
1101,3324,4
293,1271,2
1101,3744,2
1101,3863,2
293,848,2
293,1682,4
293,1672,2
293,3129,2
293,1834,1
293,1177,2
293,1721,1
1101,3911,2
293,412,4
1101,3408,1
293,3252,1
1101,3897,4
293,2268,3
293,1725,1
293,3148,4
293,3271,1
293,3186,4
293,590,3
293,1784,4
293,1357,3
293,534,4
293,263,2
293,1730,3
293,3418,1
293,2333,1
293,2686,2
293,17,2
293,3105,1
293,835,2
2859,3512,4
1451,3836,1
1451,2826,3
1451,1974,1
2395,1198,1
2395,441,3
2395,3578,3
3519,1449,2
5996,3744,3
5996,3863,4
1449,3390,4
1449,2912,2
1137,3646,4
1137,3797,4
1137,3824,2
1137,3826,1
1137,3618,2
1137,3616,1
1137,3785,4
1137,3821,3
1137,3744,1
1137,3556,4
1137,3567,4
1137,3617,4
1137,3861,1
1137,3794,2
1137,3896,1
1137,3900,2
1137,3553,4
2820,3732,2
1274,2824,1
1274,2883,3
1274,29,2
356,2505,3
356,3461,2
356,1779,2
356,3175,3
356,2676,2
356,2357,2
5359,318,2
1246,3275,1
1246,1267,3
1246,778,3
1246,3328,4
1778,3484,2
1778,3646,2
1778,3863,1
1778,3753,1
1778,3578,1
1778,3006,1
671,3618,2
671,1262,4
671,1221,2
671,2973,3
1982,3173,2
1982,1704,1
1982,3793,3
1982,3617,2
1982,2606,1
1982,3717,1
1982,2719,4
1982,3408,2
1982,1911,3
1982,2770,1
1982,2710,2
1982,2572,3
1982,2826,3
1982,2858,1
1982,1127,1
1733,671,4
1733,1209,2
169,1431,1
1733,2387,2
1733,1201,1
1733,145,3
3840,3210,4
3840,3481,4
5636,3578,3
5636,3753,1
5636,3512,1
5636,3751,3
5636,3793,4
5653,3827,1
3113,1552,4
518,1200,4
518,1217,3
518,2972,2
355,1030,4
355,2540,3
355,2490,4
355,2334,4
355,2167,4
355,3178,2
355,21,4
355,2105,3
355,3566,4
2820,2841,4
2820,3249,1
2820,3103,2
2820,117,4
2820,708,3
2820,3129,4
2820,1923,4
2820,3712,1
2820,3809,4
2820,1060,3
2820,2291,3
678,1923,4
5874,3426,4
5874,2329,3
5874,471,4
5874,3263,2
5874,2231,4
3834,3160,2
306,216,4
306,2797,3
306,3826,1
306,3513,3
306,3717,3
306,3879,3
306,3755,3
306,3624,3
306,3793,1
306,3744,4
306,3510,3
148,2170,1
148,2828,4
148,1556,2
148,3268,2
148,1731,1
148,2152,2
148,1707,4
148,169,2
148,2153,3
148,3434,2
148,419,3
148,1474,3
148,455,1
148,870,4
148,2162,4
148,3248,2
148,374,1
148,2953,1
148,3436,2
148,460,1
148,1588,1
148,520,1
148,432,3
148,1551,4
148,577,3
148,239,2
148,2713,3
148,673,3
148,2335,3
148,798,3
148,23,2
148,332,4
148,784,1
148,2142,2
148,370,3
148,2805,1
148,1911,2
148,830,2
148,2558,2
148,1479,4
148,707,3
148,153,3
148,2497,3
148,2042,2
148,1833,3
148,575,2
148,786,3
148,208,4
148,1100,3
148,1703,2
148,1687,4
148,3082,1
148,2,1
148,1894,4
715,595,3
715,2081,2
715,364,2
715,588,4
148,3247,2
148,158,4
715,1282,3
715,2300,3
148,257,2
148,801,4
715,899,4
715,919,1
148,383,2
148,1688,3
148,585,4
148,2433,1
148,2724,2
148,1689,3
715,2054,1
715,788,3
715,2628,1
715,2005,2
715,367,1
148,231,3
148,60,2
715,2174,3
715,260,1
715,1073,2
715,247,4
5948,2961,4
148,408,1
148,861,2
148,2496,1
148,500,4
148,3081,1
148,3107,4
148,1485,4
148,587,4
148,1049,3
148,539,2
148,1020,4
148,783,1
148,468,2
148,454,3
148,2394,4
148,361,4
148,107,4
148,808,4
148,364,3
148,733,4
148,1042,1
148,2494,3
148,590,4
148,1517,2
148,1735,2
148,3358,2
148,2125,2
148,2762,2
148,50,4
148,3354,1
148,3510,4
148,3408,3
148,3751,2
148,3433,3
148,3768,4
148,1381,4
148,3877,4
148,2122,3
148,2748,2
148,2147,3
148,3403,1
148,2942,3
148,3385,4
148,2123,4
148,1373,1
148,2471,3
148,2041,1
148,2399,3
148,2048,2
148,2752,1
148,3708,3
148,2613,2
148,2717,1
148,3389,3
148,2072,3
148,3394,4
148,3791,1
148,3142,3
148,2301,2
148,2792,1
148,2033,4
148,2021,1
148,2749,4
148,3524,2
148,2615,2
148,3070,1
148,2110,4
148,2005,1
148,1135,4
148,2093,1
148,2097,1
148,3214,3
148,2469,1
148,3109,4
148,2054,1
148,2344,3
148,3033,2
148,2240,2
148,1375,4
148,2134,1
148,2416,4
148,3846,3
148,2111,2
148,3770,1
148,3660,2
148,2193,1
148,2371,4
148,2115,4
148,2470,2
148,1286,4
148,1088,4
148,2985,4
148,3397,3
148,1129,2
148,2117,4
148,1321,1
148,1124,4
148,2929,4
148,2150,4
148,2139,4
148,3591,3
148,1374,2
148,2453,3
148,2407,3
148,3412,4
148,3101,2
148,2081,3
148,2987,1
148,2065,3
148,2174,3
148,1962,4
148,2467,4
148,3347,2
148,1957,4
148,1246,2
148,1960,1
148,1090,3
148,1302,3
148,592,3
148,3360,3
148,2968,3
148,1259,2
148,1299,4
148,1293,2
148,1961,3
148,541,2
148,3111,1
148,1231,2
148,1097,1
148,2086,4
148,1225,4
148,944,4
148,2648,2
148,940,3
148,594,3
148,965,2
148,950,2
148,1927,1
148,954,3
148,1924,4
148,2939,1
148,2665,1
148,2669,2
148,1016,3
148,1008,3
148,2874,3
148,2967,4
148,2670,2
148,932,2
148,3930,3
148,934,4
148,1019,1
148,952,3
148,3675,1
148,1226,1
148,3585,4
148,1301,4
148,2087,3
148,2565,3
148,1032,1
148,2096,2
148,1283,3
148,3871,4
148,1287,4
148,2664,2
148,1253,2
148,903,3
148,971,4
148,3088,1
148,908,4
148,1203,1
148,3405,4
148,2019,3
148,1250,1
148,3196,2
2380,3744,3
2380,3753,4
1978,1777,2
1978,1485,1
1978,3253,2
1329,2194,1
1978,356,4
1978,1,3
329,3784,1
329,3298,2
134,3879,1
588,899,1
588,247,3
4802,3249,1
4802,3145,4
1639,2287,1
1639,1343,4
1639,349,1
1639,3527,2
1639,2916,2
1639,2917,1
1639,2160,4
1639,3203,2
1502,3825,1
2270,750,2
2270,541,4
2270,3000,1
1733,3717,1
1733,3510,3
4600,247,4
2878,805,4
1001,3824,2
1001,3861,2
2878,2609,1
2878,3052,3
4933,1617,4
1556,3896,2
4600,1034,2
201,3534,3
4169,884,4
4169,827,3
4169,712,2
4169,1501,2
4169,160,3
4169,2953,4
4169,611,3
4169,2253,3
4169,1890,2
4169,1021,4
4169,1581,2
4169,3697,2
4169,499,1
4169,1801,3
4169,874,3
4169,3208,4
4169,1671,4
4169,23,2
4169,1342,2
4169,149,1
4169,1655,1
4169,2723,3
4169,2236,4
4169,175,4
929,2402,2
929,2816,3
929,466,3
929,3441,3
929,2818,4
929,2815,2
929,2817,4
929,157,1
929,2404,4
929,3766,1
929,2890,3
929,780,4
929,151,2
929,1094,3
4169,1529,3
5594,3753,3
5594,3783,2
5594,3578,3
4169,1458,4
4169,1071,2
4169,2465,2
4169,2790,3
4169,3331,4
1063,912,3
1063,1208,4
4593,224,4
1063,1266,4
1063,590,2
1063,213,4
4169,1255,3
1063,593,1
1063,318,2
1063,2858,1
4169,2534,1
4169,3339,4
4169,2091,4
1063,608,1
4656,2840,2
1063,2353,3
4169,3935,2
4169,3215,4
4169,2783,3
4169,2785,3
4169,2933,1
4169,3416,3
4169,2848,1
4169,755,4
4169,2814,4
4169,1153,3
4169,2207,1
3113,380,2
3113,2248,4
1983,3793,2
1983,1252,4
1983,1390,3
1343,3753,3
1343,3624,1
1242,3241,1
1219,1867,3
1219,1382,3
1219,1495,1
1219,1499,2
1219,849,3
1219,1431,3
1219,181,2
1219,1004,2
1219,44,4
1219,2986,4
1219,2322,1
1219,3697,2
1219,485,3
1219,1379,1
1219,20,3
1219,204,3
1219,1772,4
1219,3764,4
1219,1591,2
1219,1391,2
1219,502,2
1219,1586,2
1219,748,4
1219,479,1
1219,3438,1
1219,996,2
1219,434,1
1219,327,2
1219,2808,1
1219,3257,4
1219,1438,1
1219,1049,3
1219,2393,2
1219,329,3
1219,736,1
1219,1100,4
1219,1488,1
1219,168,2
1219,653,4
1219,2881,4
1219,442,1
1219,2126,3
1219,2723,2
1219,1801,1
1219,2307,2
1219,517,4
1219,1876,3
1219,368,2
1219,2628,4
1219,316,3
1219,648,1
1219,1573,3
1219,552,3
1219,2916,1
1219,780,3
1219,1356,4
1219,1722,1
1219,163,4
1219,3107,3
63,671,2
63,1950,1
63,6,1
1219,1527,3
1219,349,4
1219,1580,2
1219,2002,2
1219,1480,1
63,70,1
1219,165,2
1219,145,2
1219,1610,3
1219,1370,1
1219,3418,3
1219,474,4
1219,1408,1
63,1682,3
1219,589,2
1219,480,1
1219,110,1
1219,3623,3
1219,3744,4
1219,3578,2
962,3896,3
2025,2840,1
2025,2858,3
2025,2826,1
2025,1127,2
2025,3755,1
3158,3510,2
3158,3753,3
3158,3159,2
3158,2858,1
4842,3181,3
4593,3623,3
4593,1441,1
4593,1247,3
4593,3362,2
4593,337,1
5265,3556,2
85,3826,1
85,3785,1
85,3821,4
85,648,4
85,277,2
85,1282,3
85,3793,1
85,1997,2
85,47,3
85,2858,3
979,3864,4
979,168,3
979,2094,4
979,1608,2
979,2170,2
979,1792,4
979,1101,3
979,552,4
979,2273,3
979,3638,3
979,780,3
979,3082,1
979,377,1
979,10,4
979,145,4
979,474,3
979,457,2
979,1242,4
979,1196,1
979,1198,1
979,1287,1
4656,2841,4
979,653,4
979,2993,3
979,1954,1
979,2571,2
979,1722,4
979,1304,2
979,1580,3
979,1610,3
979,2006,3
979,260,1
979,2692,2
195,1623,1
195,879,1
195,177,1
195,382,4
195,366,3
195,1342,3
195,2120,2
195,2976,2
2478,14,3
4823,3556,2
2106,1193,1
2106,2115,3
639,1030,4
639,2051,3
639,1011,3
639,1371,2
639,1031,4
639,3672,1
639,2057,1
639,1019,1
639,952,1
639,1287,1
639,3153,1
639,2043,1
639,2941,3
639,899,3
639,915,4
639,969,2
639,2080,1
639,1944,3
639,1381,4
639,2469,4
639,2405,4
639,1286,1
639,3479,4
639,2406,1
639,1088,4
639,3699,4
639,1210,2
639,1307,3
3454,3155,2
696,3173,1
727,3185,4
727,3408,1
727,2485,2
727,2702,4
727,2888,1
3359,3852,4
169,3617,1
1015,1884,4
1015,386,3
1015,2829,2
1015,2843,1
1015,472,2
1015,2961,4
1015,612,1
1015,1853,2
1015,2806,4
1015,2894,3
1015,3425,3
1015,518,1
1015,1880,1
1015,1409,2
1015,719,2
3285,3783,3
3285,3785,1
1015,186,2
3285,3794,2
3285,1997,1
1015,2504,2
1015,605,4
1015,1665,4
1015,436,3
3285,3863,2
1015,2724,3
1015,207,3
1015,282,4
1015,1605,4
1015,603,4
1015,18,4
1015,410,2
1015,1351,3
1015,2052,4
3285,1259,2
1015,2316,1
1015,2283,3
1015,2803,3
3285,2502,1
1015,3243,4
1015,2385,2
3285,2542,3
1015,2060,2
1015,1038,3
1015,784,3
1015,2558,1
3285,3148,4
1015,1888,2
1015,2505,3
1015,2978,1
1015,305,1
1015,218,3
1015,1904,3
1015,2888,2
1015,1027,1
1015,481,2
1015,3045,4
1015,3500,4
1015,351,3
1015,779,1
1015,224,4
1015,2297,4
1015,369,4
1015,225,1
1015,2683,3
1015,830,4
1015,1701,2
1015,1190,4
1015,3258,4
1015,3528,4
1015,490,1
1015,469,4
1015,1541,4
1015,2340,4
1015,802,1
1015,1814,4
1015,585,2
1015,2702,1
1015,1668,1
1015,1629,3
1015,3686,2
1015,1836,4
1015,3620,3
1015,1801,3
1015,46,2
1015,2694,3
1015,1919,4
1015,987,2
1015,105,2
1015,1693,2
1015,3249,2
1015,163,4
1015,1650,1
1015,1846,4
1015,1614,3
1015,500,2
1015,3219,2
1015,1660,4
1015,804,3
1015,1588,1
1015,2447,3
1015,178,1
1015,708,3
1015,85,4
1015,171,4
1015,2124,3
1015,2770,1
1015,233,4
749,3624,4
1015,35,2
1015,2567,3
1015,268,2
1015,2432,3
1015,2337,4
1015,1596,4
1015,3263,1
1015,2267,1
1015,1441,2
1015,1399,1
1015,175,3
1015,2250,1
1015,1658,2
1015,491,2
1015,986,2
1015,3712,3
1015,1241,4
1015,2424,4
1015,1728,3
1015,1563,2
1015,3426,3
1015,523,1
1015,230,4
1015,482,4
1015,2836,1
1015,331,1
1015,3125,2
1015,361,2
1015,2272,4
1015,1508,1
1015,100,2
1015,94,2
1015,764,4
1015,1020,2
1015,3723,1
1015,803,3
1015,806,2
1015,1059,2
1015,506,1
1015,371,3
1015,539,4
1015,510,2
1015,2841,4
1015,2539,4
1015,1672,1
1015,3118,2
1015,2435,1
1015,1120,2
1015,2725,2
1015,215,4
1015,2302,1
1015,805,2
1015,2155,3
1015,1485,3
1015,2671,1
1015,766,3
1015,3055,3
1015,1554,2
1015,509,1
1015,1649,1
1015,381,4
1015,1777,4
1015,1177,3
1015,3728,1
1015,3163,1
1015,1493,2
1015,347,2
1015,147,2
1015,261,2
1015,2581,1
1015,454,2
1015,997,3
1015,16,1
1015,1543,3
1015,1369,2
1015,2278,4
1015,535,3
1015,2706,4
1015,1051,4
1015,1633,4
1015,190,2
1015,587,2
1015,538,1
1015,125,1
1015,1735,2
1015,2570,3
1015,3259,2
1015,194,1
1015,1733,2
1015,345,1
1015,3271,4
1015,1268,3
1015,281,1
1015,3270,3
1015,249,2
1015,851,4
1015,1678,4
1015,3809,1
1015,3175,3
1015,1271,1
1015,205,2
1015,1343,1
1015,11,1
1015,448,4
1015,892,2
1015,2943,3
1015,1611,1
1015,342,3
1015,3181,2
1015,26,1
1015,597,2
1015,2443,3
1015,299,4
1015,1683,4
1015,2437,4
1015,1245,3
1015,3145,4
1015,272,2
1015,3246,4
1015,302,4
1015,475,2
1015,2439,1
1015,508,2
1015,2611,3
1015,3250,3
1015,483,1
1015,334,4
1015,1721,2
1015,2839,4
1015,58,2
1015,319,2
1015,1682,3
1015,477,3
1015,2502,4
1015,314,1
1015,3108,3
1015,3105,1
1015,235,3
1015,62,4
1015,1641,1
1015,2237,4
1015,25,2
1015,1694,2
1015,428,3
1015,300,1
1015,446,3
1015,2442,1
1015,628,2
1015,529,2
1015,1719,3
1015,1455,4
1015,3252,4
1015,1594,3
1015,1673,4
1015,1358,1
1015,3374,1
1015,3148,2
1015,1357,4
1015,534,4
1015,3100,2
1015,1060,4
1015,1635,2
1015,1365,3
1015,3006,1
1015,3147,3
1015,17,3
1015,262,2
1015,1639,2
1015,994,2
1015,265,2
1015,3260,1
1015,2542,1
1015,308,3
1015,501,3
1015,1393,1
1015,1176,3
1015,150,4
1015,2329,2
1015,1704,4
1015,3355,3
1015,3798,1
1015,3784,3
1015,3749,2
1015,3795,4
1015,3821,4
1015,3300,1
4517,3408,1
1306,2506,4
2895,3616,2
5333,83,1
1306,2318,4
1306,2978,3
195,3916,3
1952,3422,1
1952,1264,2
1952,3684,4
1952,1101,2
1952,1193,2
355,1527,3
1952,232,4
1952,1500,2
1952,496,3
1952,1734,1
2775,3584,1
2775,306,1
2775,1922,1
2775,1221,4
2775,3329,4
2775,858,2
2775,896,4
2775,3181,3
2775,1906,1
2775,2936,4
2775,745,2
2775,72,1
2775,1148,3
2775,2109,1
2775,2700,3
639,2802,4
2775,2964,3
2775,1245,2
2775,1836,4
5333,917,4
2775,417,3
639,990,2
2775,1966,4
2775,1094,4
2775,3623,1
2775,648,3
639,2724,3
639,968,2
5333,3397,3
639,2881,4
639,3751,4
639,3155,2
3940,2806,1
3940,3555,3
692,2154,4
692,2297,2
692,276,1
692,3528,2
692,1409,3
692,1441,3
692,852,4
692,3524,3
692,2145,3
692,1569,2
692,339,2
692,1339,1
692,539,2
692,1286,3
692,708,4
692,1380,1
692,3614,1
692,471,4
692,2006,1
692,2108,1
692,440,2
692,3358,4
692,357,4
692,39,1
692,2065,3
692,2502,2
692,2919,4
692,3108,2
692,1247,4
692,3802,2
692,674,2
692,2091,3
692,3704,3
692,435,4
692,2011,3
692,2232,1
692,671,2
692,1372,2
692,1077,4
692,2434,2
2895,2359,4
2895,3826,1
927,3528,4
927,3436,2
927,2297,1
927,3257,3
927,1801,3
927,2875,3
927,1597,3
927,222,3
927,2340,4
927,1463,4
927,353,1
927,1767,1
927,2006,2
927,1408,2
927,3259,3
927,357,3
927,265,1
927,266,2
927,2125,3
927,1821,2
927,182,1
927,3261,2
927,377,3
927,1680,3
927,1912,4
927,17,3
927,25,2
927,293,2
927,2692,4
927,249,1
927,3536,2
195,1527,4
927,3593,1
927,3793,2
927,3618,2
927,648,3
927,3483,1
927,3617,3
927,3753,2
927,520,1
927,2683,4
927,804,4
927,785,3
927,2581,3
927,1064,4
927,2431,3
927,236,1
927,1513,2
927,2889,3
927,2331,2
927,3263,3
927,69,2
927,3175,1
927,141,1
927,2860,3
927,852,1
927,3247,1
927,468,1
927,2424,2
927,2597,2
927,543,1
927,2539,1
927,344,3
927,1517,1
927,3450,4
927,378,4
927,1732,4
927,3614,2
927,539,2
927,3358,2
927,2706,3
1362,1949,3
1362,3467,3
1362,3000,3
927,21,2
927,587,4
927,380,1
1362,1136,1
1362,3090,2
1362,1262,1
1362,3730,4
1362,1212,4
927,3052,1
927,104,4
927,3255,3
927,838,2
927,2321,1
927,440,4
1362,608,2
927,1060,4
1362,922,2
1362,527,3
1362,1252,1
1362,904,2
1362,2812,2
1362,912,4
1362,1233,3
1362,923,3
1362,2324,4
1362,1204,2
927,356,4
927,1449,2
927,2858,4
1362,2019,4
1362,593,4
1362,3338,3
1362,1221,4
1362,2708,3
1362,3335,2
1362,3872,2
1362,3765,1
259,1997,3
259,1136,4
259,3735,4
259,541,3
259,3152,2
259,1090,3
259,1242,1
259,1193,3
259,1263,3
259,1225,2
259,858,4
743,3790,2
743,3831,4
259,2065,2
259,230,3
259,1407,1
259,1214,2
259,111,3
259,1252,4
259,3355,3
259,3624,4
259,3578,1
259,3481,1
19,3325,3
19,2502,4
19,3623,3
19,2568,1
19,3752,3
19,3174,1
19,785,1
19,2719,1
19,3510,2
19,2959,1
19,1911,3
19,2770,3
19,2707,1
19,2683,1
3410,3203,1
3410,3708,4
3410,2121,2
3410,3016,1
19,2762,2
3410,2517,3
899,3325,3
3410,1321,4
3410,3101,1
899,3534,4
3410,3360,4
3410,2859,3
899,3408,2
899,3185,1
899,3594,3
899,3831,3
899,3578,4
1969,3723,3
1969,3744,1
2063,3764,4
5193,1210,1
5193,2529,3
5193,924,4
5193,3471,3
5193,3503,2
5193,125,3
5193,1966,4
5193,1617,2
198,3617,4
198,1639,2
198,3717,2
198,1573,4
2903,2643,3
2903,2694,4
387,1197,1
387,2020,3
743,471,1
743,1285,2
743,3129,4
743,2302,1
743,1500,1
743,3178,3
743,1542,4
1195,805,4
743,1641,1
743,3507,1
743,1747,3
743,441,4
743,1077,1
743,1875,1
743,2155,3
743,1883,1
743,3526,2
743,2918,3
743,1270,1
743,2352,1
1195,3483,2
1195,3863,1
743,187,2
1195,648,3
743,2750,2
743,3543,1
743,39,1
1195,3510,3
1195,3578,3
1195,3751,1
1195,3793,2
743,34,4
743,3096,4
743,3569,1
743,3521,3
743,908,4
1113,548,4
2225,2987,3
2225,3081,1
2225,2395,1
2225,2709,3
2225,785,4
2225,3175,2
2225,2770,3
2225,2683,1
2225,2278,1
2225,2212,4
2225,3505,3
2225,2917,4
2225,1674,4
2225,2871,4
2225,1249,2
2225,3551,2
2225,608,3
2225,593,4
2225,1267,3
2225,1358,2
2225,1219,1
2225,50,1
2225,432,1
2225,2701,4
2225,2016,4
2225,458,1
2225,383,4
2225,368,1
2225,2012,4
2225,553,2
2225,2401,1
2225,599,4
2225,3508,2
2225,590,4
2225,1266,1
2225,3681,2
2225,3871,2
2225,3365,4
2225,3519,1
2225,3836,4
2225,1208,4
2225,1262,3
2225,3262,1
2225,160,4
2225,1597,1
2225,2475,1
2225,1459,1
2225,1464,2
2225,1732,3
2225,648,4
2225,1711,2
2225,3706,4
2225,1892,3
2225,1092,3
2225,931,1
2225,2206,1
2225,1625,2
2225,2467,3
2225,3386,2
2225,904,2
2225,903,2
2225,913,1
2225,3751,4
2225,3088,2
2225,3421,4
2225,1269,3
2225,1223,3
2225,2073,1
2225,3793,2
2225,3510,4
2063,2656,1
2063,1547,1
2063,2015,2
2063,2420,1
2063,1334,3
2063,2136,2
2063,1551,2
2063,2771,3
2063,1484,1
2063,2764,4
2063,3461,1
2063,2096,1
2063,671,4
2063,3157,4
2063,2018,4
2063,497,4
2063,1029,1
2063,1376,1
2063,2527,3
2063,2085,1
2063,1012,2
2063,1962,1
2063,1028,1
2063,2363,1
2063,2071,4
2063,596,2
2063,2951,2
2063,2102,3
2063,3873,3
2063,2078,4
2063,2087,1
2063,1022,3
2063,1125,1
2063,3508,3
2063,1032,3
2063,594,2
2063,2080,3
2063,1099,2
2063,971,1
2063,2944,3
2063,3681,2
2063,1188,2
2063,1201,2
2063,920,1
2063,1104,2
2063,247,3
2063,1219,3
2063,1276,3
2063,1640,3
2063,129,2
2063,3879,3
696,610,1
696,1135,3
696,2110,2
696,2111,2
696,2420,1
696,2746,2
696,1663,2
696,2469,4
696,3524,2
696,1395,2
696,1959,1
696,2150,1
696,2290,3
696,2349,1
696,2247,4
696,3308,3
696,2795,4
696,2463,2
696,1297,4
696,2750,2
696,3868,2
696,3552,2
696,3039,3
696,1246,2
696,3505,1
696,3098,3
696,2312,3
696,1285,4
696,1307,3
696,2065,1
696,2915,4
696,1674,1
696,3526,4
696,2020,1
696,3927,4
696,1333,4
696,2797,3
696,2100,3
696,2161,4
696,1282,2
696,6,3
696,1370,1
696,3256,3
696,2058,3
696,3702,2
696,390,1
696,1610,1
696,2949,4
696,377,2
696,1912,2
696,2019,4
696,1209,4
696,1304,2
696,2921,3
123,3274,3
696,1748,3
123,544,1
123,708,3
123,687,4
123,387,3
123,2616,4
123,3929,3
2724,497,1
2724,1224,3
2724,3719,1
3509,3053,2
166,2186,1
166,903,4
355,1681,1
4039,3617,2
4039,3785,3
4039,3790,3
4039,3624,1
4039,3159,3
131,1248,2
4579,648,2
4579,3594,4
4579,3578,1
3113,2445,1
4117,3328,3
3113,648,2
4117,3317,4
4117,3481,1
4117,3897,1
4117,1645,1
4482,3408,3
4482,3185,1
4482,3618,1
4116,3752,4
4785,2558,4
1974,2938,3
4861,1244,2
4861,2677,4
4861,3067,1
4861,213,3
2181,1101,3
2181,2145,2
2181,3614,2
2181,803,4
2181,539,4
2181,2884,1
2181,708,1
2181,2671,3
2181,353,1
2181,378,3
2181,2469,4
2181,3524,3
2181,3261,3
2181,7,3
2181,3885,4
2181,1722,4
2181,597,3
2181,356,4
2181,2496,1
2181,163,4
2181,2006,2
2181,11,3
2181,377,2
2181,932,1
2181,1542,4
2181,222,1
2181,2834,3
2181,2020,1
2181,58,2
2181,1574,2
3430,154,2
3430,2969,2
3430,1267,4
3430,2941,3
3430,1947,3
3430,914,3
3430,952,1
3430,1099,4
3430,3536,1
3430,2312,2
3430,2336,3
3430,1304,3
3430,3198,3
5205,1974,3
5205,1347,2
5205,1130,2
5205,1261,2
5205,2459,3
5205,611,2
5205,2787,4
5205,2867,4
5205,1128,4
5205,3917,1
5205,2525,1
5205,2003,1
5205,1982,2
5205,1345,4
5205,1327,1
5205,1333,2
5205,3018,2
5205,2716,1
5205,2097,4
5205,1278,2
5205,1350,3
5205,1321,3
3430,2996,2
5205,1258,4
5205,1997,2
5205,3535,2
5205,1092,3
3430,907,3
5205,1892,3
5205,3101,4
5205,1479,2
5205,350,1
5205,3763,4
5205,22,1
5205,3505,3
5205,1805,3
5205,1615,3
5205,454,3
5205,2160,1
5205,2118,3
5205,3770,3
5205,16,3
5205,832,3
5205,1834,3
5205,319,2
5205,1994,1
5205,353,2
5205,1343,4
5205,2391,4
5205,3219,4
5205,161,4
5205,1344,3
5205,2871,2
5205,924,2
5205,229,1
5205,3551,1
5205,1214,3
5205,1219,3
5205,1252,3
5205,1200,4
5205,2550,1
5205,1036,3
5205,1487,1
5205,1416,3
5205,1088,1
5205,938,2
5205,2746,1
5205,1031,4
5205,1032,3
5205,1220,3
5205,2083,1
3430,3753,1
5205,1951,1
5205,1282,1
5205,551,1
5205,1947,2
5205,2081,4
5205,364,4
5205,588,4
5205,919,1
5205,1028,1
5205,47,2
5205,1213,2
5205,1089,4
5205,2461,4
5205,2462,4
5205,3355,4
5205,3946,2
5205,3785,1
5205,3409,2
5205,3798,2
5205,3821,2
5205,3273,4
5205,3827,4
5205,3851,2
5205,3744,4
5205,3615,2
5205,3555,4
5205,3863,3
5205,3623,2
5205,3755,1
5205,3624,4
5205,3793,3
5205,3578,4
5205,3753,2
5205,2701,4
5205,2907,1
5205,3157,4
5205,2841,4
5205,2840,4
5205,1513,3
5205,2395,1
5205,2013,1
5205,2394,3
5205,3174,3
5205,2761,3
5205,2713,4
5205,2676,3
5205,2690,3
5205,2719,3
5205,2605,4
5205,2336,3
5205,1911,2
5205,3016,2
5205,2433,3
5205,3203,4
5205,2770,1
5205,2572,4
5205,2683,2
5205,2706,1
2810,1685,1
2810,3753,2
3505,2010,2
3505,750,2
3505,924,3
3505,1094,2
3505,2424,3
3505,1777,1
3505,141,1
3505,1711,1
3505,838,4
3505,2696,4
3505,52,4
3505,1517,1
3505,1391,1
3505,2302,3
3505,3129,4
3505,2539,4
3505,1732,4
3505,2282,2
3505,1449,1
3505,1883,3
3505,1580,4
3505,21,2
3505,588,1
195,1704,4
3505,3108,1
3505,223,3
3505,39,4
3505,2774,4
3505,2997,3
3505,176,2
195,2264,3
195,765,1
195,168,2
195,2006,2
195,272,2
1317,1428,3
142,1198,2
142,3421,4
3224,1649,4
142,919,1
142,1196,1
142,593,1
142,111,3
142,260,2
3224,2722,1
3079,3536,1
588,1223,2
588,3258,3
1449,3483,3
588,1207,1
588,272,3
588,2366,3
588,3108,1
588,3359,1
588,36,1
588,265,3
588,728,4
588,2788,3
588,551,3
588,2749,2
1978,2399,3
1978,673,2
1978,3489,3
1978,1544,3
588,205,3
1978,2628,3
588,1266,1
1978,2054,1
1978,1015,3
1978,648,4
1978,1356,3
1978,3755,1
1978,1017,2
1978,1580,4
519,838,1
588,3475,1
1978,1073,1
1978,941,1
519,342,2
519,1,4
519,3114,3
1978,1196,3
1978,1291,3
1978,1204,1
1978,1198,2
1978,1262,1
1978,260,3
588,3868,2
519,1073,1
519,2080,4
519,1968,1
1978,765,1
519,34,3
519,3421,2
588,3426,2
588,2054,4
1978,3698,1
1978,3744,2
588,901,1
588,515,2
754,377,2
588,3448,3
754,1358,3
754,3147,1
754,2006,2
754,2871,2
754,1127,1
754,919,2
588,11,3
754,2944,4
588,344,3
754,1240,2
754,1036,4
588,2263,4
588,1543,4
754,1304,1
754,1252,4
754,1198,3
588,3247,1
588,2433,3
754,2804,4
588,1231,1
588,539,1
754,2987,3
754,2961,4
754,2841,4
754,2763,2
588,1909,4
754,2724,2
754,2840,1
754,3185,1
754,2013,4
754,2598,1
754,2394,2
588,3263,4
588,86,4
754,3219,3
754,1959,4
754,2490,1
754,2581,2
588,594,4
588,3425,3
754,2805,4
754,2622,4
754,2734,3
754,3053,2
754,2310,4
588,1220,1
754,2392,1
754,2629,4
754,2882,1
588,425,3
754,2676,3
754,2719,1
754,2856,2
754,2333,1
588,750,2
588,1206,2
754,2688,4
754,3175,3
754,2881,2
754,1911,2
754,2433,3
754,3203,1
754,2722,1
754,2355,1
754,3004,2
754,2827,3
754,2826,2
588,1057,3
588,435,2
588,2474,4
588,2272,3
588,216,3
588,230,1
588,104,4
588,246,3
1218,261,3
588,1284,1
588,1171,4
588,3147,2
588,2212,2
588,2819,3
588,2202,4
588,3551,4
588,2204,4
1317,129,3
4750,3253,1
4750,486,4
4750,313,4
4750,2092,3
4750,2294,3
4750,3114,3
4750,3948,1
123,3157,2
123,3809,1
123,14,4
123,381,2
123,3846,4
123,2779,3
123,3426,1
123,3287,1
123,2109,3
123,2736,4
123,1693,3
123,1663,4
123,3724,4
123,364,2
123,982,1
123,1672,3
123,3255,1
123,2529,1
123,3509,2
123,2463,2
123,3552,3
123,1994,1
123,1641,2
123,2144,1
123,3175,4
123,599,1
123,948,2
123,1466,3
123,1408,3
123,1035,3
123,3386,4
123,955,4
123,906,2
123,2987,4
123,1060,4
123,3296,2
123,1955,3
123,1333,3
123,2183,4
123,3071,2
123,1287,4
123,3526,1
123,1281,2
123,915,4
123,1012,3
123,2871,1
123,2176,2
123,440,4
123,2268,4
123,2947,2
123,3363,1
123,1934,3
123,1997,3
123,3751,1
123,1704,3
123,1784,4
123,1393,3
123,926,3
123,1079,4
123,2501,1
123,1103,4
123,954,2
123,3200,2
123,3361,3
2063,3177,4
123,3341,2
2063,3821,2
123,3421,3
123,3088,4
123,1265,3
123,1694,4
123,3551,4
2063,3896,1
123,3471,3
123,150,4
123,1278,2
123,1203,1
123,897,1
2383,1100,3
2383,3719,4
2383,3512,4
2383,1307,4
2383,2088,4
2383,107,1
2383,1035,2
2383,2565,4
2383,938,3
2383,3549,2
2383,1947,4
2383,2078,3
1317,947,4
329,1028,4
329,938,3
329,942,4
329,3683,1
1449,3623,2
1449,3646,4
1449,3755,2
1449,3624,4
264,1148,4
264,1385,3
264,2376,3
264,3039,3
264,1375,2
264,2099,4
264,2378,1
264,2571,1
264,1960,4
264,173,4
264,1291,2
2247,3176,1
2247,3185,3
2247,2437,2
2247,3179,2
2247,3578,4
2247,3755,1
264,1610,1
264,2779,2
264,1265,1
264,2716,2
264,3169,1
264,3243,2
264,2353,1
264,1088,4
264,2067,2
264,2118,4
264,3044,4
264,2040,4
264,3552,4
264,1968,3
264,2035,2
264,592,4
264,1270,2
264,3105,3
264,1608,2
264,2140,4
3717,3755,1
3717,3578,3
264,3505,4
1834,799,4
1274,2312,4
1274,3507,2
1274,1171,3
1274,3556,3
1274,3000,3
749,528,3
1186,3032,1
1186,2528,2
1186,2531,3
1186,2530,3
1186,2346,1
1186,2781,3
1186,3931,4
1186,3930,1
1186,1334,4
1186,2656,2
1186,1924,1
1186,2552,3
1186,2144,3
1186,3039,4
1186,3552,4
1186,3608,4
1186,3868,2
1186,2064,3
1186,1220,3
1186,2804,1
1186,1197,3
1186,2918,3
1186,1259,4
1186,1380,4
1186,2095,1
1186,2657,2
1186,3760,1
1186,2109,2
1186,1125,1
1186,1194,4
1186,2788,3
1186,3421,4
1186,1278,2
1186,1080,1
1186,3836,3
1186,3922,2
1186,3921,1
1186,3520,4
1186,3600,1
1186,3924,1
1186,2035,4
1186,2946,4
1186,2863,4
1186,3061,3
1827,2804,2
1827,231,3
1827,1029,1
1827,1923,2
1827,3298,2
1827,3755,3
1827,3893,1
1827,3556,4
2247,2987,1
2247,3451,1
2247,2791,2
2247,2915,2
2247,3074,2
2247,581,1
2247,1278,2
2247,3418,4
2247,931,4
2247,3148,1
2247,1673,1
1827,3911,2
2247,1964,3
2247,1086,2
2247,3680,4
2247,1185,1
2247,1028,2
2247,2243,4
2247,2565,3
2247,2065,1
2247,1953,1
2247,2160,2
2247,2918,2
2247,1961,1
1827,260,1
2247,1203,3
2247,3296,1
2247,2648,1
2247,1946,4
2247,2947,4
2247,2096,3
2247,955,4
2247,1962,3
2247,3194,2
2247,3498,2
2247,1090,3
1827,2997,3
2247,2997,2
2247,3100,1
2247,2359,1
2247,940,2
2247,3334,3
2247,1674,3
2247,1282,1
1827,296,1
1827,608,2
2247,3035,2
2247,3870,2
2247,2087,2
2247,1307,1
2247,2183,2
2247,2081,3
2247,3011,1
2247,457,4
2247,3169,2
2247,2398,4
2247,2664,4
2247,1957,4
2247,3467,2
2247,1242,4
2247,1997,4
2247,1929,2
2247,314,2
2247,2020,1
2247,900,4
2247,951,2
2247,1084,3
2247,1265,1
2247,1940,4
2247,3668,3
2247,50,3
2247,1258,1
2247,1036,1
2247,150,2
2247,3801,1
2247,1950,3
2247,1945,2
2247,953,3
2247,1292,3
2247,1358,1
2247,2186,2
2247,1949,3
2247,17,3
2247,994,2
2247,3090,4
2247,1172,4
2247,945,3
2247,924,2
2247,1250,1
2247,1035,4
2247,920,1
2247,3504,3
2247,902,1
2247,2935,4
2247,3548,3
2247,969,3
2247,930,1
2247,1235,4
2247,1262,3
2247,1193,2
2247,1136,1
2247,1283,4
2247,1208,4
2247,594,4
2247,2396,4
2247,3201,1
2247,3072,1
2247,1219,2
2247,926,3
2247,1228,1
2247,910,2
2247,1303,2
2247,1104,1
2247,3730,1
2247,1204,2
2247,928,2
2247,903,3
2247,1213,1
2247,904,4
2247,922,4
2247,1178,1
2247,1247,2
2247,750,3
2247,3469,3
2247,923,3
2247,1952,4
2247,2940,4
2247,2203,4
2247,1230,2
2247,1221,3
2247,858,3
2247,3466,3
234,1401,3
234,253,2
234,1672,2
234,805,2
234,1293,4
234,1252,2
5650,1584,1
5650,356,4
5650,314,3
2478,2865,1
5650,3159,2
5650,2858,2
5650,3623,3
5650,3793,1
5650,3745,2
5650,3717,4
1113,1084,1
355,44,3
1242,3598,4
1242,3002,3
2359,2791,4
2359,3157,2
2359,2670,3
2359,2598,3
2359,2013,4
2359,1959,4
2359,2734,3
2359,1911,4
2359,3203,3
2359,2147,1
2359,2433,3
2359,2355,3
2359,2572,1
2359,2706,2
500,546,3
500,126,4
500,2162,2
500,1654,1
500,2046,4
500,2052,1
500,2709,3
500,531,3
500,34,2
500,262,2
1317,2502,4
500,3795,2
500,3408,2
1317,1248,3
2419,3556,1
2419,3007,1
173,431,3
173,47,2
173,659,4
173,2278,3
173,592,2
173,3860,1
173,1061,4
173,2511,3
173,1805,3
173,1466,3
173,1729,1
173,555,2
173,1227,4
173,2769,2
173,2764,1
173,1910,1
173,293,4
173,6,4
173,2917,2
173,2912,4
173,2194,1
173,3019,2
173,2580,3
173,866,4
173,2391,4
173,3266,3
173,3104,3
173,1179,1
173,2159,2
173,2692,3
173,1089,3
173,1034,4
173,2130,2
173,3735,3
173,1248,4
173,2726,3
173,1953,2
173,910,4
173,296,2
173,50,3
173,3741,1
173,1260,4
173,608,3
173,3435,2
173,3265,1
173,1213,1
173,3509,3
173,3914,2
173,3571,4
173,3185,3
173,3512,3
173,3298,2
173,3822,4
173,3566,1
173,3823,2
173,3753,1
173,3510,4
173,3317,1
173,3951,4
173,3408,3
173,3328,4
173,3952,1
173,3747,2
173,3514,2
173,3598,2
173,3897,3
173,3456,3
173,3783,4
173,3554,3
173,1827,1
173,2689,4
173,1050,4
173,99,2
173,1649,3
173,3002,4
173,1147,3
173,246,4
173,2323,2
173,3007,2
173,162,4
173,1310,1
173,1361,3
173,2824,4
173,1189,3
173,2659,3
173,2064,4
173,1289,1
173,3680,4
173,3142,3
4058,3481,3
3626,3793,2
3626,3798,4
3626,3114,4
3626,2762,2
3626,2841,3
3626,2702,2
3626,2840,3
3626,3081,3
3626,2907,3
3626,2395,4
3626,3219,2
3626,2581,1
3626,2719,4
3626,2688,3
3626,3409,2
3626,3159,1
3626,3238,1
3626,2772,1
3626,2541,3
3626,2433,4
3626,3203,2
3626,3005,2
3626,2707,3
3626,2188,3
2035,2202,1
2035,2903,3
5821,3617,4
5821,3751,4
5821,3623,4
5821,3793,3
306,223,1
306,1359,1
306,1894,2
306,434,2
306,673,1
306,2723,1
306,3269,4
306,112,4
306,1552,1
306,2628,4
306,1917,4
306,547,3
588,916,2
5367,3916,3
5333,764,1
1317,3747,4
412,2942,1
1266,1441,2
1266,1977,1
1266,3799,1
1266,564,3
1266,891,3
1266,1976,2
1266,648,1
1266,1348,1
454,3617,2
1395,2528,1
1395,2692,2
1395,2054,3
1395,2924,3
1395,3698,1
1395,541,4
1395,1020,2
1395,2381,2
1395,1760,3
1395,2382,3
1395,2380,3
1395,2379,2
1395,2383,4
1395,2502,2
1395,2378,4
1395,2019,3
1395,2681,2
1395,902,1
1395,2859,2
1395,2772,4
1399,2797,3
1399,1073,3
2409,3616,3
2409,3861,2
2409,3594,4
2409,3755,1
264,3510,2
195,2950,2
195,2076,1
195,307,2
1988,3629,4
1988,2804,3
1988,3079,1
1988,1610,3
2986,3362,3
2986,3466,3
2986,2352,1
2986,2694,2
2986,1288,3
2986,541,2
2986,1834,3
1701,3949,1
2986,1767,1
2986,736,3
2986,2759,2
2986,2539,1
2986,303,1
2986,2432,4
2986,22,4
2986,2770,2
2986,476,2
2986,3712,2
2986,145,3
2986,2725,1
2986,1733,3
2986,2706,4
2986,6,2
2986,1179,3
2986,2276,1
2986,2336,2
2986,1266,4
2986,2318,4
2986,2357,3
2986,1280,1
2986,3000,2
1716,3175,3
2986,3325,3
2986,3798,3
2986,3409,2
2986,3893,4
2986,3951,1
2986,3911,3
2986,3536,2
2986,3897,1
2986,3744,2
2986,3512,3
3312,3671,4
3312,3185,3
3312,3624,2
3312,3000,4
2103,3821,3
2103,3785,2
2103,648,1
1546,1377,1
2103,3618,1
1546,2126,1
1546,434,3
2103,1282,1
1546,2112,3
2103,3751,4
2103,1997,3
2103,1250,2
2103,3429,1
1546,1466,2
1546,2268,3
2103,3000,2
1546,3260,4
774,3783,2
623,1247,1
1088,2671,4
1088,2995,2
623,1219,2
623,1333,4
1088,468,4
1088,2835,3
1088,357,1
1088,1569,3
1088,342,2
623,3181,4
1088,1513,2
1088,1739,3
1088,2722,4
1088,920,1
623,2064,3
623,3949,4
623,3527,1
623,2502,3
623,1267,1
1088,1407,4
1088,3798,3
623,2871,1
1088,3052,4
1088,1639,1
306,2354,4
306,2735,3
306,2796,1
306,2054,3
306,2416,4
306,2794,3
306,2003,4
306,3740,2
306,2470,3
306,2011,2
306,3033,4
306,1091,2
306,1663,2
306,2174,3
306,1297,1
306,2001,3
306,3448,3
306,3210,1
306,2000,2
306,3039,2
306,2134,2
306,3608,2
306,3868,3
306,2716,2
306,3552,3
306,2081,3
306,3526,2
306,1270,2
306,1259,2
306,1968,1
306,25,1
306,2268,1
306,3006,2
306,3499,1
242,2302,3
2627,1171,1
2627,2348,1
306,1283,1
195,1922,2
2018,1441,3
2998,3512,3
2998,2394,1
2998,24,1
2998,1959,1
2998,2581,1
2998,3354,2
2998,3623,3
2998,2709,2
2998,2805,3
2998,785,1
2998,2716,4
2998,3175,2
2998,2861,2
2998,2881,4
2998,2369,4
2998,3751,3
2998,2355,4
2041,491,4
2041,1396,2
2041,628,2
2041,261,3
2041,3723,2
2041,477,4
2041,1271,1
2041,587,2
2041,508,3
2041,3186,1
2041,161,2
2041,1177,3
2041,2433,3
2041,2583,3
2041,1682,2
2041,1748,1
2041,3176,1
2041,538,2
2041,1343,1
2041,1747,2
2041,3252,1
2041,2125,2
2041,2268,4
2041,986,2
2041,2959,1
2041,1625,2
2041,2357,4
2041,3148,4
2041,2611,4
2041,47,4
2041,300,1
2041,2355,1
2041,509,4
2041,348,3
2041,3147,3
2041,262,4
2041,1873,3
2041,62,2
2041,2310,1
2041,529,1
2041,337,2
2041,2329,2
2041,1653,4
2041,595,2
2041,314,4
2041,1678,4
2041,41,3
2041,2336,2
2041,36,2
2041,2501,4
2041,364,1
2041,116,2
2041,1735,3
2041,994,4
2041,296,1
2041,2908,3
2041,3260,1
2041,3006,3
2041,608,3
2041,1704,2
2041,50,4
2041,2762,3
2041,593,2
2041,318,4
2041,527,3
2041,3466,1
5493,2761,2
1701,2152,3
1701,3483,2
1701,3270,3
1701,207,3
1701,2135,1
1701,3618,2
1701,648,4
1701,1441,2
1701,3555,2
1701,3675,2
1701,1286,2
1701,3159,3
1701,3745,4
1701,3755,1
1701,3831,1
1701,3751,4
1701,1466,3
1701,1282,3
1701,266,4
1701,3429,3
1701,2966,2
1701,1950,2
1701,3507,3
1701,3578,4
1701,1250,1
1701,1997,2
1701,3354,1
1701,3513,2
1701,3512,3
1701,3510,1
1701,3897,4
1701,3952,2
2878,2572,2
195,2003,1
215,356,4
215,1,2
195,1184,2
5367,3730,2
5367,3000,4
4933,3912,3
4933,3317,4
5063,3448,3
3158,2348,1
3158,47,2
3158,2291,2
3158,1517,4
3158,319,2
3158,2747,4
3158,1288,2
3158,2997,1
3158,3897,2
3158,1080,1
3158,1225,1
3158,2788,2
3158,1208,1
3158,296,3
306,1721,1
306,39,1
306,1639,4
306,593,3
306,165,2
306,457,4
306,648,1
306,288,3
306,2490,2
306,2167,4
306,353,3
306,21,2
306,1597,1
306,780,1
306,89,3
306,1573,4
306,2812,2
306,2916,4
306,998,3
306,1370,4
306,3256,2
306,380,1
306,145,1
306,349,1
306,1912,2
306,377,1
306,6,1
306,474,1
306,1625,1
306,1213,2
306,47,3
306,1089,2
306,1617,4
306,2572,1
306,1060,2
306,2883,2
306,3255,1
2116,3783,4
10,1304,1
10,2599,3
10,1256,1
10,2946,1
10,745,3
10,1259,4
10,2795,4
10,1784,3
10,1223,1
10,1276,3
10,916,2
10,1136,4
10,1394,1
10,3438,3
10,1654,2
10,2105,4
10,2140,2
10,2021,1
10,3489,4
10,2193,2
10,1073,2
10,1009,1
10,3466,4
10,2,1
10,367,2
10,2797,3
10,2009,2
10,2640,3
10,1129,1
10,2407,2
10,924,1
10,1200,2
10,32,4
10,1374,3
10,2968,4
10,1376,2
10,3175,1
10,1196,1
10,1127,1
10,2571,3
10,1584,3
10,1097,1
10,260,4
10,1339,4
10,3108,4
10,1059,4
10,932,4
10,339,1
10,902,2
10,1286,2
10,357,4
10,2108,4
10,969,4
10,2006,2
10,1721,4
10,1639,2
10,2125,1
10,3668,1
10,1247,3
10,899,1
10,1265,2
10,2396,2
10,1197,2
10,898,4
10,2067,2
1748,3670,4
1422,2146,2
1422,1298,2
1422,2734,4
1422,1660,4
1422,1962,3
1422,2312,1
1422,1246,1
1422,3668,2
1422,1957,4
1422,2919,3
1422,1302,2
1422,161,1
1422,1960,3
1422,3105,1
1422,3198,2
1422,2745,1
1422,953,3
1422,2728,2
1422,3098,4
1422,1961,3
1422,3359,1
1422,2020,1
1422,73,3
1422,1263,1
1422,1231,1
1422,2501,2
1422,1090,1
1422,1208,3
1422,1250,4
1422,1952,4
1422,1193,3
1422,3095,2
1422,923,3
1422,1225,3
1422,3755,3
3159,1441,1
3159,480,1
3159,2791,1
3159,1282,2
3159,2312,1
3833,2582,2
3833,3729,4
3833,533,3
3833,47,2
3833,3087,4
3833,1717,1
3833,317,4
3833,1479,2
3833,2273,4
3833,3452,2
3833,1059,4
3833,2406,3
3833,520,4
3833,3034,2
3833,1027,1
3833,151,3
3833,1125,4
3833,1961,4
3833,50,1
3833,3301,2
3833,52,4
531,3439,2
531,3440,1
531,2162,2
531,1702,4
531,3438,3
531,2,4
531,3489,1
531,60,2
531,317,1
531,2628,3
531,2143,2
531,3877,4
531,2005,4
531,2193,1
531,2453,2
531,1097,3
531,1967,2
531,2161,4
5874,3751,3
5874,3894,4
5367,965,1
531,1556,4
531,2339,3
531,2497,3
531,3705,2
531,1479,2
531,3269,2
531,1835,1
531,1100,1
531,1854,4
531,295,1
531,74,4
531,2978,4
531,1593,1
531,2581,1
531,2491,1
531,289,2
531,1441,1
531,2340,1
531,3081,1
531,802,3
531,550,4
531,2424,4
531,1339,4
531,2006,1
531,1457,4
531,1777,4
531,377,1
531,1408,1
531,1680,3
531,266,3
531,2942,3
531,2950,3
531,3394,2
531,1290,1
531,2146,2
531,3684,4
531,1101,2
531,2020,3
531,1210,4
531,350,1
531,919,4
531,916,3
531,902,1
531,955,2
531,1023,3
531,1025,1
531,2085,3
531,2090,2
531,3034,4
531,616,4
531,2123,1
531,2987,3
531,2033,4
531,2139,1
531,2048,1
531,709,2
531,1033,1
531,2559,1
531,2354,4
531,2142,1
531,48,2
531,558,2
531,2089,1
531,2294,3
531,2687,1
531,1907,1
531,3316,2
531,3623,3
531,1282,1
531,1029,1
531,1380,2
531,2657,1
531,1031,4
531,2941,3
531,901,2
531,3549,3
531,1022,2
531,2087,2
531,2080,3
531,1032,2
531,2096,4
531,2078,4
531,1035,2
531,914,4
531,1028,4
5734,1269,1
5734,1284,4
5734,953,2
5734,1088,4
5734,3081,3
5734,1777,4
5734,2243,1
5734,838,3
5734,1393,4
5734,2006,2
5734,2291,4
5734,1357,3
5734,1912,3
5734,1537,1
5734,1066,1
5734,3948,1
588,1285,3
588,830,3
588,597,2
588,2245,4
588,3201,3
588,3044,1
2188,2863,4
2188,3067,3
2188,2892,2
2106,3270,4
424,3088,3
424,1956,4
424,2819,4
424,1249,3
424,3424,2
424,1694,3
424,3006,1
424,940,4
424,2726,2
424,3634,4
424,3152,1
424,1938,3
424,3462,3
424,608,4
424,2645,3
2106,3556,2
424,3201,1
424,858,1
5450,2437,4
5450,308,1
5450,1104,3
5450,1676,2
5450,1407,1
5450,1954,2
5450,3916,1
5450,1921,1
5450,2747,2
5450,3920,3
5450,2054,1
5450,551,3
5450,3408,2
5450,2959,1
5450,838,4
5450,1366,1
5450,908,1
5450,541,1
5450,592,3
5450,1127,1
5450,1200,1
5450,590,2
5450,3006,1
5450,1885,4
5450,1357,2
5450,491,2
5450,307,3
5450,800,4
5450,515,2
5450,117,4
5450,1081,1
5450,2686,3
5450,3910,1
5450,3929,4
5450,2804,2
2860,3865,4
5450,924,2
4386,3744,2
3970,141,3
3970,3536,3
3970,3481,1
3970,3785,4
3970,3510,4
635,3507,4
635,1079,4
635,1243,4
635,1948,1
635,933,4
635,348,2
635,1188,4
635,2791,3
635,3088,1
635,232,4
635,3072,4
635,1234,3
635,916,2
635,1238,2
635,2396,3
635,3613,4
635,1,2
635,2997,2
635,1294,1
635,2208,1
635,1244,2
635,905,3
635,2973,4
635,3504,1
635,909,2
635,898,3
635,947,3
635,1230,2
635,1235,3
635,910,3
635,2088,1
635,3600,2
635,1083,3
635,3199,4
635,1088,3
4058,3173,4
635,1081,2
635,3599,2
635,2099,1
635,2080,2
635,2941,1
635,3604,3
635,3061,1
635,1380,2
635,2565,2
635,3549,1
635,2657,4
635,938,1
4058,3178,3
4058,3863,2
635,1951,2
635,3675,4
635,199,1
635,364,1
635,1035,3
635,918,4
635,900,2
635,242,4
635,914,4
635,1947,3
635,919,2
635,2971,2
635,899,1
1010,3617,1
635,2875,1
635,1732,4
635,1711,4
1010,3831,2
635,648,4
635,3386,1
635,492,1
635,3176,2
635,2583,1
635,350,1
635,2987,2
635,164,4
635,3364,3
1010,2966,3
635,930,3
635,1252,2
635,913,3
635,1267,2
635,1617,4
1010,2329,1
195,558,3
1448,3115,4
3454,603,3
3113,697,4
3113,781,1
3113,2858,2
1863,858,2
1863,3462,3
1863,3948,4
149,3408,4
149,3826,4
1457,1234,4
1457,1276,2
4823,2248,4
242,135,1
1241,3507,2
1546,1396,3
1546,1515,1
1546,79,2
1546,338,3
1546,1422,4
1546,1438,3
1546,3249,2
1546,1686,3
1546,2707,3
1546,2273,1
1546,225,2
1546,454,1
1546,832,4
1546,100,1
1546,2391,4
1546,1343,3
1546,2058,3
1546,22,4
1546,474,4
1546,47,3
1546,2762,2
1546,628,1
1546,3504,2
5333,807,2
701,3301,2
701,3948,2
701,428,2
4834,2628,2
4834,2,2
4834,1848,3
4834,60,2
4834,1654,3
701,1892,4
4834,2100,4
4834,1097,2
4834,1073,4
701,47,2
701,733,1
701,3249,1
4834,2863,2
701,3785,2
4834,2918,1
4834,1276,2
701,648,3
701,3623,2
4834,1172,2
4834,3037,4
4834,1294,1
4834,1307,3
701,1258,4
4834,1,2
701,2959,1
4834,3421,2
701,1732,2
4834,2804,3
701,1222,2
701,1298,2
701,2890,4
701,3146,3
701,1061,2
701,1923,1
701,216,2
701,104,4
701,125,1
701,1753,3
701,1580,1
701,539,4
701,1641,4
701,223,4
701,1513,2
701,2502,2
701,588,3
701,372,1
701,2324,3
701,11,1
701,1500,4
701,440,3
701,1784,2
701,3253,2
701,3114,4
701,1,3
701,500,3
701,2321,3
701,356,1
701,1060,4
701,357,1
701,2599,3
701,2997,3
701,1265,2
701,2318,4
701,1748,1
701,2987,1
701,1617,3
701,450,1
701,511,3
701,3707,1
701,541,4
701,1466,1
701,2804,1
701,3270,2
192,3578,1
2060,3826,3
2060,3863,3
1941,1339,4
1941,2644,3
368,16,2
368,450,3
368,2106,2
368,147,4
368,2324,1
368,608,3
368,2322,3
368,3841,4
368,1544,4
368,70,2
368,1676,2
368,2720,2
368,288,2
368,168,3
368,736,3
368,316,4
368,780,3
368,3107,4
368,165,2
368,3256,3
368,349,3
2753,326,2
195,1099,3
195,241,4
306,1961,4
306,1036,4
306,2804,3
306,2423,2
195,262,1
2270,3157,3
2270,3751,3
3018,1892,3
3018,2571,1
4823,1477,1
528,3785,1
528,3717,2
528,3513,4
528,3594,1
4823,529,1
3079,318,4
3079,1217,2
3079,608,3
3079,912,1
3079,1225,4
3079,111,1
3079,1247,3
3079,296,3
4823,1183,1
3079,2743,1
3079,1221,1
487,3948,1
3079,474,1
3079,1954,1
3079,1210,2
3079,1036,2
487,3147,2
3079,2912,4
3079,1387,1
3079,1222,2
3079,2571,4
3079,2028,1
3079,457,4
3079,1197,3
3079,1242,2
3079,1240,2
487,2858,3
3079,260,2
3079,1214,2
3079,858,1
3079,2692,2
3079,2625,2
5450,3129,3
5450,3556,4
5450,3753,1
3079,3578,4
3079,1997,4
5450,3911,1
5450,3007,4
4823,3683,4
4823,66,1
4823,2942,1
4823,3793,2
4823,2890,4
4823,1060,1
4823,2700,2
4823,1188,3
4823,47,3
4823,3100,3
4823,1394,3
4823,1198,1
4823,1272,4
4823,1347,2
4823,44,2
4823,1854,1
4823,2115,2
4823,2003,1
4823,2005,3
4823,1641,2
4823,3791,2
4823,608,2
4823,3477,2
4823,2291,3
4823,590,2
4823,1584,3
4823,223,2
4823,3275,2
4823,110,1
4823,141,1
4823,1517,1
4823,216,1
4823,2416,4
4823,592,2
4823,2706,1
4823,1274,2
3113,2136,2
3113,612,3
3079,3863,3
3079,3755,2
3079,3785,3
3079,3787,3
3079,3618,2
3079,3751,3
3079,2611,2
3079,2575,3
3079,1635,2
5948,549,2
3093,3793,4
267,1348,1
267,1997,2
267,3555,3
267,2447,2
4834,1080,3
267,3316,2
4834,2857,2
4834,3821,2
4834,3831,1
267,3863,2
4834,2919,1
4834,3717,1
5387,3189,3
5387,3858,4
5387,3185,1
4834,3160,3
5387,3852,3
5387,3911,4
5387,3129,4
507,1243,2
507,2351,2
507,877,2
507,296,2
507,1276,4
507,1188,2
507,923,2
507,1225,3
507,265,2
507,1277,3
507,1148,1
507,1136,2
507,1207,3
507,1734,3
507,1203,1
507,1299,4
507,1394,1
507,1235,4
507,3067,3
507,123,1
507,1893,1
507,111,1
507,3435,2
507,2708,1
507,1193,4
507,29,1
507,2858,4
507,1212,3
507,3134,1
507,896,2
507,1248,4
507,318,3
507,1216,2
3829,3949,2
3829,1171,2
3829,1997,1
3829,2348,1
3829,3786,1
3829,3484,1
3829,3863,1
3829,3300,2
3829,3594,1
3829,3567,2
3829,3512,3
3829,3510,2
3829,3751,2
3829,3794,4
3829,3578,1
195,3515,3
4126,3061,2
4126,367,3
2376,3538,1
1983,2435,2
5493,3728,3
5493,155,4
3301,3320,3
3301,3897,3
3301,3192,3
3301,3911,3
3301,3556,4
3301,3357,2
3301,3512,1
3301,3863,1
3301,3618,2
3301,2132,2
3301,1952,2
3301,1233,2
3301,2068,3
3301,924,1
3301,608,2
3301,3949,1
3301,923,3
3301,1147,1
3301,1212,2
3301,1267,4
3301,2624,1
3301,3910,4
3301,1237,4
1290,648,3
1290,1997,2
1290,70,4
1290,2135,1
1290,1129,3
1290,1441,1
1290,266,3
710,2542,4
1290,551,1
1290,3507,3
1290,2948,3
1290,480,1
1290,2791,3
1290,3730,3
1290,2312,4
774,3863,3
4802,2390,2
195,2959,4
3143,3826,4
3194,480,4
3194,3555,2
3194,648,1
3194,3793,4
3194,3176,3
3194,2763,2
3194,2762,4
3194,2394,1
3194,2598,4
3194,2013,4
3194,968,4
3194,3753,2
3194,2709,1
3194,3354,1
3194,2734,2
3194,3623,1
3194,913,3
3194,2580,1
3194,3175,2
3194,2333,4
3194,3113,4
3194,2336,2
3194,1911,2
3194,3016,1
3194,2694,4
4496,3755,4
4496,1535,4
4496,1794,2
2020,3006,4
1243,2450,4
1243,1831,3
1243,1917,1
1243,1373,3
1243,2531,1
1243,3354,2
1243,327,3
1243,1590,2
1243,379,1
1243,2530,1
1243,2986,2
1243,1876,2
1243,1371,1
1243,2408,4
1243,1320,2
1243,780,3
1243,329,2
1243,316,4
1243,2012,3
1243,2613,1
1243,2628,4
1243,1544,4
1243,2346,1
1243,2094,4
1243,3638,3
1243,198,4
1243,1375,1
1243,610,4
1243,2657,3
1243,1924,3
1243,2985,1
1243,2009,2
1243,1372,1
1243,3770,2
1243,2034,2
1243,2311,2
1243,2528,1
1243,1374,1
1243,1356,2
1243,480,1
1243,1396,1
1243,2529,3
1243,1376,3
1243,3699,2
1243,2640,1
1243,2407,3
1243,2527,2
1243,3700,2
1243,2455,1
1243,1909,1
1243,2662,1
1243,3527,4
1243,1584,1
1243,1210,4
1243,2232,3
1243,1270,2
1243,32,4
1243,1097,1
1243,1240,3
1243,1214,3
1243,1175,2
1243,2968,1
1243,750,1
1243,1199,3
1243,1196,3
1243,260,4
1243,924,1
1946,2501,2
1243,2600,1
1243,3798,1
1243,3114,2
1243,3176,4
1243,2672,4
1243,2700,3
1243,3081,4
1243,2841,3
1243,3384,3
1243,2762,2
1243,2692,1
1243,2396,1
1243,2686,4
1243,1513,1
1243,43,1
1243,2013,2
1243,1959,1
1243,2723,2
1243,2734,3
1243,3174,1
1243,785,4
1243,3510,4
1243,2716,4
1243,3159,4
1243,2712,3
1243,2599,2
1243,3113,3
1243,2605,4
162,3861,1
162,648,2
162,3863,2
162,3755,2
1243,2369,4
162,1997,2
162,3624,4
1243,3786,3
1243,2710,1
1243,2997,1
1243,2683,2
1243,2492,2
1243,1127,3
1243,3754,1
162,19,3
162,344,3
162,3301,2
162,2987,4
162,3793,1
162,3798,3
162,3114,1
162,2840,2
162,2961,4
162,3081,3
162,2762,1
162,2485,3
162,2394,3
162,2443,4
162,3325,2
162,3753,2
162,3623,3
162,2719,2
162,2690,1
162,3578,3
162,2861,4
162,2959,2
162,2541,4
162,2908,1
162,2770,3
162,2710,4
162,2694,4
162,2699,1
162,1127,2
162,2706,3
162,2000,1
162,2001,3
162,2002,2
162,165,4
162,1036,1
162,39,1
162,356,1
162,497,3
162,1265,4
162,293,2
306,318,4
2832,1938,1
2832,1694,3
2832,3418,2
2832,1094,3
2832,1296,4
2832,1953,1
2832,1299,1
2832,1244,2
2832,2020,4
2832,1272,1
2832,1222,4
2832,2303,4
2832,1185,2
2832,527,1
2832,1247,4
2832,1952,4
2832,1208,3
2832,1228,2
2832,912,2
2832,111,4
2832,1238,3
2832,1197,4
2832,1191,4
2832,1797,1
2832,3653,1
2832,1743,4
2832,2677,2
2832,1111,1
2832,1123,2
1455,3471,2
1455,1214,2
1455,260,4
1455,1097,4
1455,541,1
1455,1196,2
4757,3127,1
588,1094,2
1317,3784,1
1317,3301,1
1317,3623,2
1317,3566,4
588,2611,3
1317,3675,4
588,1095,3
1317,648,3
1317,266,4
1317,1129,2
588,2340,1
33,2124,3
33,230,2
33,2746,3
1317,2792,3
588,678,2
1317,551,3
1317,3785,3
1317,3429,3
33,3398,4
33,1339,4
33,1095,3
33,3397,1
33,2303,3
33,3016,1
33,1729,1
588,2203,1
588,1089,3
33,1295,2
33,1615,1
33,2554,3
33,2993,4
33,1682,4
33,2272,2
33,1464,1
33,2932,4
33,1183,3
33,2109,3
28,2132,2
28,1,2
28,912,4
28,527,1
28,916,3
33,3507,4
33,2640,2
33,1958,4
33,2278,2
33,1380,3
33,1834,1
33,36,3
2047,340,2
588,1035,4
588,3536,2
588,334,2
3518,49,1
588,3814,4
5371,2529,3
588,1188,4
5371,3039,1
5371,592,1
5371,2427,1
5371,1883,3
588,1235,1
5371,52,3
5371,1466,1
5371,2159,4
588,529,3
588,3160,1
5371,25,3
5371,3763,2
5371,2916,1
5371,848,1
5371,2282,1
5371,3676,1
5371,1120,2
588,1225,4
588,249,4
5371,1285,2
5371,2115,4
5371,1721,4
5371,2021,2
5371,3920,4
5371,2394,3
5371,2194,2
5371,1904,3
5371,2312,1
588,2312,2
5371,364,4
5371,2108,3
5371,1610,1
5371,1357,2
588,1900,3
5371,3019,4
5371,589,4
5371,1777,4
5371,2750,4
5371,1211,3
2962,165,2
2962,3705,1
2962,3764,1
2962,786,2
2962,185,1
2962,2722,4
2962,1687,1
5371,2137,2
2962,1792,1
2962,554,2
2962,1597,3
2962,76,3
2962,2763,2
2962,521,2
2962,2672,3
5371,1125,2
5371,2959,3
2047,73,3
2962,1732,1
2962,1544,3
2962,2803,4
2962,3810,2
2962,3249,2
2962,1616,1
2962,257,2
2962,1483,4
5371,2268,1
5371,1194,1
2962,70,1
2962,376,1
2962,3082,2
2962,1620,1
2962,482,4
5371,1082,1
2962,464,3
2962,426,1
2962,2617,2
2962,543,4
2962,1608,1
2962,695,1
2962,2267,3
2962,1422,4
2962,292,1
2962,2273,2
2962,2334,2
2962,1552,1
2962,225,1
3518,3786,3
2962,1459,2
2962,100,3
2962,3686,4
2962,89,3
5371,1031,4
5371,265,1
2962,861,2
2962,3219,1
2962,280,4
2962,481,2
2962,587,2
2962,288,2
2962,1645,2
2962,1722,1
3519,3786,1
5371,474,2
2962,733,4
2962,22,2
2962,10,4
2962,230,4
2962,2490,4
2962,2320,3
2962,350,3
2962,3005,4
2962,353,1
2962,1047,2
2962,349,1
2962,832,3
2962,163,3
2962,2353,2
2962,1370,1
2962,1770,4
2962,1892,4
5371,3255,1
5371,551,4
5371,1249,2
2962,1343,3
2962,1407,3
2962,2278,2
2962,2841,3
2962,1092,3
2962,183,2
5371,1288,3
5371,1199,3
5371,3481,2
33,586,1
5371,1291,2
5371,1295,4
33,2467,4
33,3587,1
33,3105,4
33,223,4
5371,3536,2
5371,953,1
5371,356,1
5371,3578,2
5371,2110,4
33,474,2
5371,1245,2
33,3685,3
33,1635,2
33,1017,1
33,3935,3
33,2384,3
5371,2492,3
5371,778,4
33,3494,4
5371,1222,3
33,3204,2
33,565,3
33,1152,3
33,1061,1
33,1084,2
5371,2908,3
5371,3386,2
33,3363,2
5371,1080,1
5371,1517,1
5371,994,1
33,2983,4
33,3836,3
5371,1673,2
5371,1266,2
5371,3271,3
33,538,2
33,3505,4
33,3733,3
33,2921,1
33,3019,3
5371,3174,4
5371,3911,1
33,3608,2
33,3693,3
5371,1246,4
33,569,4
33,931,4
33,1287,1
5371,3753,2
5371,247,4
5371,1968,4
33,1272,2
33,1663,1
5371,1196,1
5371,2352,1
5371,1682,4
5371,714,2
33,3476,3
33,590,4
33,2000,4
33,1301,4
33,1104,3
33,319,4
33,2739,4
5371,3100,2
33,1253,3
5371,1625,3
5371,3868,1
5371,2248,3
33,1350,3
33,595,3
5371,2918,3
5371,2357,2
33,926,1
33,581,1
33,2288,2
33,3364,4
33,1230,4
5371,1185,4
5371,1197,1
33,3526,1
33,1235,2
33,1358,1
5371,36,3
33,2612,3
33,3095,3
33,2674,2
33,110,1
33,3359,4
33,3676,1
33,949,1
33,1234,3
33,3018,1
33,1207,1
33,1201,2
33,1227,4
33,916,3
33,3683,3
33,3681,1
33,3504,2
33,1247,4
33,1097,2
33,1189,2
28,2033,1
28,648,1
28,266,3
28,144,2
28,480,1
28,2657,1
28,3793,1
28,47,1
28,1249,1
28,551,4
33,3110,2
28,2858,1
2962,490,2
2962,1805,3
2962,3176,1
2962,16,1
2962,628,1
2962,454,2
2962,2542,4
2962,2058,2
2962,47,3
2962,662,1
2962,3476,1
2962,1151,3
2962,1683,3
2962,6,1
2962,293,4
2962,373,4
2962,319,2
2962,3256,3
5371,1387,1
5371,1358,3
5371,899,1
2962,3044,2
2962,866,3
2962,494,4
2962,161,3
2962,3267,4
2962,1625,1
2962,3147,2
2962,2391,4
2962,474,1
2962,3728,2
5371,1200,4
5371,2997,2
5371,1265,4
2962,1610,2
2962,1249,2
2962,457,1
2962,608,2
2962,377,4
2962,2762,4
2962,1089,2
5371,1748,4
5371,73,4
5371,2501,2
5371,1172,1
2962,2903,1
2962,2121,3
2962,2902,3
2962,3403,3
2962,3758,1
2962,2122,1
2962,3708,4
2962,1995,3
2962,1996,2
2962,1332,3
2962,2475,4
2962,2419,2
2962,3937,2
2962,2468,1
2962,2753,1
2962,2741,2
2962,3584,2
2962,2802,4
2962,2263,4
2962,3731,4
2962,3102,3
2962,2110,4
2962,1227,3
2962,2118,4
2962,3101,1
2962,2551,2
2962,2344,4
2962,2956,4
2962,1674,2
2962,3763,4
2962,3203,2
2962,1994,1
2962,2917,1
2962,3505,1
2962,3230,3
2962,3445,4
2962,2523,4
2962,3015,2
2962,2819,3
2962,2177,1
2962,3420,1
2962,111,1
2962,3204,3
2962,2871,4
2962,2178,1
2962,3726,1
2962,1953,3
2962,2764,3
2962,911,1
2962,2181,1
2962,2179,1
2962,3850,1
2962,2180,2
2962,2550,2
2962,3461,1
2962,2488,2
2962,3627,1
2962,2160,4
2962,1219,2
2962,3546,4
2962,2983,4
2962,3936,4
2962,906,2
2962,3849,4
2962,1269,4
2962,2204,4
2962,2202,3
2962,931,3
2962,929,2
2962,928,3
2962,2206,4
2962,2176,1
2962,2210,3
2962,965,2
2962,2209,1
2962,2211,1
2962,2227,1
2962,904,2
2962,2187,3
2962,2939,2
2962,2967,1
2962,933,4
2962,2184,1
2962,2185,2
2962,903,2
2962,1086,3
2962,3341,3
2962,2675,4
2962,3379,3
2962,2382,2
2962,3921,3
2962,2736,3
2962,2937,2
2962,1974,3
2962,1980,3
2962,2014,4
2962,1978,2
2962,1976,2
2962,1979,3
2962,1975,3
2962,1977,1
2962,955,1
2962,3879,4
2962,3300,3
2878,1095,1
5371,3814,3
5371,549,2
5371,3169,2
5371,3152,4
5371,2571,2
5371,1299,3
5371,678,1
5371,1293,4
5371,1,2
5371,3507,2
5371,2333,4
5371,3160,1
5371,1997,3
5371,1223,1
5371,1212,3
5371,1964,1
5371,1244,3
5371,2324,1
5371,306,4
5371,1198,3
5371,1235,3
5371,1304,4
5371,3897,2
5371,1228,3
5371,745,1
5371,3683,1
5371,527,2
5371,2973,2
5371,2303,2
5371,1225,1
5371,1213,4
5371,3468,3
5371,1221,1
5371,858,2
264,3623,1
2454,3623,4
1546,3753,3
1546,3301,2
403,3824,3
531,1595,2
531,193,1
531,191,4
531,1417,1
531,2188,2
531,169,2
531,79,4
531,2906,1
531,779,3
531,3436,2
531,182,3
531,273,4
531,168,1
531,455,4
531,1816,1
531,2269,4
531,27,2
531,2165,3
531,92,3
531,1727,2
531,1701,3
531,46,4
531,516,4
531,282,4
531,3257,1
531,3020,1
531,2445,1
531,1488,3
531,2297,2
531,61,3
531,381,1
531,2688,2
531,1043,1
531,3051,4
531,140,4
531,724,1
531,382,3
531,277,1
531,2432,2
531,1624,1
531,2316,4
531,207,1
531,1876,2
531,1600,1
531,991,3
531,3155,3
531,1059,3
531,1620,1
531,1801,1
3693,3793,1
1448,117,3
1448,3887,3
531,31,3
531,57,4
531,1027,4
1448,1651,2
531,3173,3
531,1648,3
531,2541,1
531,100,1
531,605,2
531,2231,3
531,2002,2
531,2801,4
531,270,3
531,292,3
531,361,2
531,1366,1
531,253,4
531,781,2
531,2712,4
531,2975,4
531,2059,2
531,1693,2
531,1897,4
531,2771,1
531,1683,3
531,2443,4
531,1758,3
531,1735,3
531,848,4
531,2433,3
531,3186,2
531,3176,3
531,1895,2
531,1498,2
531,832,1
531,1365,3
531,215,3
531,280,4
531,454,2
531,647,1
531,222,3
531,3259,3
531,1396,1
531,3723,1
531,1183,3
531,1643,2
531,508,3
531,1672,2
531,1120,4
531,2166,1
531,805,2
531,230,4
531,524,1
531,25,2
531,281,2
531,151,4
531,1271,4
531,249,3
2544,1082,4
2544,3163,1
2544,2268,3
2544,1921,1
2544,778,1
2544,2924,4
2544,1641,2
2544,596,4
2544,1295,2
2544,3734,3
2544,678,3
2544,2194,4
531,3418,1
2544,2968,1
2544,2355,3
2544,58,1
531,261,4
531,3100,4
531,62,3
531,16,3
531,3270,2
531,1584,4
531,806,2
2544,3668,2
2544,2716,3
531,2272,4
2544,3733,3
2544,3671,4
2544,3613,4
2544,3507,4
2544,936,2
2544,3135,1
2544,769,3
2544,1281,4
2544,3700,3
2544,2398,3
2544,907,1
2544,2087,3
2544,314,2
5841,3173,4
2544,2761,1
531,1660,3
531,3160,3
531,94,4
2544,2096,3
2544,3217,3
2544,1132,1
2544,3068,2
2544,938,1
2544,2080,2
2544,3334,2
2544,2323,1
2544,2693,2
2544,2359,3
2544,3100,3
2544,3006,4
2544,34,4
2544,2857,3
2544,1147,4
2544,3049,1
2544,824,4
2544,3819,2
2544,3632,3
2544,3350,3
531,726,1
531,1061,4
531,1721,1
531,1650,1
531,2125,1
531,590,4
531,477,3
531,3105,3
531,1635,2
531,3148,1
531,1094,4
531,2336,1
531,161,2
531,1834,1
531,778,1
531,2333,1
531,150,1
531,529,2
2544,3725,2
2544,2744,2
531,265,3
531,17,3
531,2291,3
531,1682,2
531,2890,3
2544,3096,1
531,36,2
531,1673,3
531,1704,1
531,3147,3
531,2959,3
531,2268,2
531,1639,2
531,110,2
531,3079,1
531,866,3
531,293,1
531,608,2
531,2028,3
531,3006,2
531,1393,3
531,2501,2
531,593,3
531,527,4
531,1873,1
531,1411,2
531,296,3
531,318,1
5841,3510,1
5996,543,1
4386,180,4
4386,2609,1
5386,2600,2
5386,2701,2
5386,2693,4
5386,2724,2
5386,2485,1
5386,2490,2
5386,3753,2
5386,3053,2
5386,3174,2
5386,2761,1
5386,2720,1
5386,3175,3
5386,1911,3
5386,2369,2
5386,2694,1
5386,2826,3
2781,3505,2
2781,1653,2
2781,349,2
2781,2871,4
2781,474,3
2781,1625,1
2781,1343,4
2781,928,3
2781,3147,1
2781,1089,1
2781,2186,4
2781,1240,4
2781,247,2
2781,3551,2
2781,2571,1
2781,47,3
2781,1036,1
2781,1358,3
2781,1617,4
2781,903,4
2781,1413,3
4126,553,2
2634,3626,2
2634,3623,4
4802,3096,1
4802,2247,4
4802,2779,3
4802,2407,1
4802,2870,4
4802,1414,3
4802,2110,2
4802,2518,3
4802,3253,2
4802,1923,1
4802,2015,3
4802,2384,2
4802,2463,1
4802,1663,3
4802,2100,1
4802,2109,2
4802,3552,3
4802,2736,1
4802,2797,3
4802,3061,1
4802,2174,4
4802,1747,1
4802,3868,2
4802,2946,2
4802,3873,4
4802,1965,4
4802,915,3
4802,952,1
4802,3451,1
4802,2321,4
4802,3088,1
4802,1948,3
4802,1078,3
4802,2750,2
4802,1963,3
4802,3608,1
4802,3836,2
4802,2352,2
4802,1270,2
4802,2243,4
4802,1238,2
4802,3685,2
4802,3035,2
4802,1243,2
4802,3200,4
4802,3526,4
4802,934,4
4802,3072,4
4802,3421,3
4802,3361,2
4802,1294,3
4802,3424,4
4802,3548,4
4802,916,1
4802,1230,1
846,3863,3
846,2889,1
1246,3863,2
4277,1841,3
4802,2586,4
1324,2019,3
624,750,2
1556,2976,1
1556,1304,2
1556,3554,2
1556,2997,1
3411,3556,3
3691,3790,3
4600,2718,1
1113,3556,4
195,2167,2
195,1551,4
1639,1859,1
1639,21,2
1639,1747,1
1639,1119,3
1639,1794,1
1639,428,2
1639,2025,1
1639,3083,1
4791,1267,4
195,986,4
2272,3826,4
2272,3824,2
5840,3176,4
5840,3510,1
5840,3753,3
201,2395,3
412,2395,3
997,3578,2
1285,3300,3
1285,3718,4
1285,3539,2
3109,3948,2
3109,3949,1
11,3182,4
11,2076,2
3410,616,3
3410,435,2
3410,610,1
3410,2553,1
3410,3148,2
3410,2720,2
3410,3274,1
3410,1527,3
3410,1580,1
3410,480,4
11,3146,2
11,2907,1
11,2306,3
11,2335,1
11,2507,1
11,1461,4
11,435,3
11,88,1
11,2431,1
11,2806,1
11,2325,4
11,784,4
11,216,1
11,586,3
11,333,2
11,1665,3
11,2598,2
11,2683,1
11,231,2
11,2539,3
11,788,1
11,1753,2
11,663,3
11,1732,1
11,1777,4
11,104,2
11,2746,4
11,2136,3
11,3809,2
11,3129,1
11,2795,4
11,3174,2
11,2109,1
2766,648,3
2766,3753,4
11,357,3
11,2359,2
11,3608,4
11,3448,1
2766,3286,1
2766,3751,2
11,1197,2
11,1278,2
11,2174,1
11,3552,2
11,2766,2
11,356,1
11,2883,1
11,2791,2
3200,3301,3
3200,1252,1
3200,1956,3
11,2918,2
11,1288,2
11,3396,4
11,2321,4
11,1307,1
11,1080,1
11,1259,1
11,1244,3
11,1394,1
11,1136,1
11,2804,2
11,708,2
11,1682,3
11,2396,1
11,47,4
11,2106,2
11,2282,4
11,531,4
11,1546,2
11,3499,3
11,2639,3
11,272,3
11,246,1
11,1213,1
11,3101,4
11,36,1
11,2355,1
11,1673,1
11,1441,3
11,110,1
11,590,1
11,85,1
11,2997,1
11,2706,1
11,1887,4
3620,3824,1
3620,3861,3
3428,902,2
4816,3554,4
1421,3159,2
3512,3863,3
3512,3578,3
737,2424,1
737,50,3
737,1376,4
737,1096,3
737,3468,1
737,1276,3
838,2774,2
331,2762,3
331,2278,3
331,50,3
331,6,3
331,2391,1
331,2952,3
331,1947,3
331,1220,1
331,1035,1
169,2924,2
331,3448,2
331,2474,1
331,1246,3
331,3098,1
331,1968,4
331,1962,2
331,3526,2
331,3424,3
331,1299,3
331,3510,3
331,3831,1
331,3863,3
331,3555,4
331,3719,3
331,3755,2
331,648,1
149,1123,4
1252,3125,3
1252,3481,2
1252,3860,3
149,2952,3
331,3512,4
331,3513,4
331,3317,1
331,3185,1
331,3360,3
331,2872,3
331,2248,1
331,1293,4
331,1956,1
331,1124,1
331,1296,1
331,1222,4
2478,978,4
331,1957,1
331,3094,3
331,2688,1
331,86,3
331,1888,1
331,2297,1
331,282,2
331,1488,4
331,1619,3
331,2269,4
331,46,3
331,207,2
331,292,2
331,1726,2
331,2271,1
331,1651,4
331,273,4
331,987,3
331,2024,3
331,1003,3
331,1620,3
331,802,3
331,381,1
331,991,4
331,2433,1
331,1404,2
331,1805,3
331,1727,3
331,1093,2
331,2620,2
331,832,4
331,1051,2
331,1799,2
331,22,4
331,491,2
331,94,2
331,1693,1
331,2112,1
331,249,1
331,1672,3
331,508,1
331,1682,2
331,2231,4
331,1841,3
331,454,4
331,2712,3
331,1354,2
331,2272,3
331,3179,4
331,1589,1
331,647,2
331,524,4
331,1061,4
331,1357,3
331,1729,3
331,805,2
331,2268,1
331,428,1
331,161,4
331,3147,2
331,2686,2
331,1633,1
331,1653,4
331,2439,3
331,32,1
331,1584,1
195,1844,4
331,628,1
331,534,2
331,1535,2
331,3386,3
331,41,2
331,3260,2
331,1095,2
331,1466,2
331,1673,2
331,281,1
331,3160,4
331,535,4
331,150,3
331,1719,3
331,3252,1
331,515,2
331,1694,3
331,25,4
331,2310,2
331,2908,4
331,3006,2
331,1704,3
331,58,2
195,8,3
2114,1752,1
2114,44,2
2114,1681,3
4802,3160,1
1599,3536,3
692,2542,2
5322,3745,3
5322,3831,4
4602,2155,3
5333,3616,1
5812,2154,4
5812,2241,3
5812,3730,1
19,2976,2
4802,2108,4
4802,3844,1
169,3948,4
3430,3246,1
3430,3179,2
242,1262,2
1958,3510,3
4602,194,1
4602,2329,3
5966,497,1
5966,1747,1
5966,778,1
5966,1266,4
5966,1089,1
5966,2762,4
5966,318,4
5966,1704,2
5966,800,4
5966,2396,1
5966,1213,1
5966,593,2
1551,3793,1
5966,246,1
5966,1041,3
5966,50,4
4602,471,4
4602,3272,4
4602,2231,4
4602,1500,1
4602,377,4
4602,708,3
4602,3723,2
4602,515,4
4602,357,2
4602,2759,2
4602,32,4
4602,21,3
4602,2439,2
4602,838,1
4602,1060,1
4602,562,3
4602,1171,4
4602,3253,4
4602,3386,4
4602,150,1
4602,1057,2
4602,800,2
4602,2391,3
4602,1357,2
4602,1,4
4602,1966,4
4602,778,2
4602,296,4
4602,2330,3
4602,1179,4
4602,2908,4
4602,3250,3
1380,3396,1
4602,1041,3
4602,1594,3
1380,1197,3
1380,2352,1
1380,3408,3
1380,1240,2
1860,692,2
1380,3864,3
1380,3114,2
1860,173,2
1860,2701,4
1860,3572,1
1524,2094,4
1380,3827,3
2636,3535,4
1860,1882,3
2636,3298,4
1860,1590,3
2636,3948,4
1860,2642,2
2636,3897,3
1860,2549,2
1860,160,2
1860,1779,2
1860,1373,4
1860,1371,4
1860,2393,1
1860,748,3
1860,2054,3
1860,2012,2
1860,3698,1
1860,3070,3
1860,2530,4
1860,2533,4
1860,2722,1
1860,3033,2
1860,2105,2
1860,316,2
1860,2021,3
1860,1372,4
1860,3638,2
1860,2641,4
1860,1876,2
996,1912,2
1860,3704,2
1860,1320,4
1860,1334,3
1860,2532,4
1860,2094,3
1860,2011,1
1860,1375,3
1860,2985,4
1860,3927,4
1860,2407,2
1860,2140,4
1860,2527,1
1860,3702,4
1860,1376,2
1860,1653,3
1860,1573,4
996,3793,2
1860,1253,4
1860,3527,4
1860,1077,1
1860,3703,2
1860,1748,4
1860,2664,1
1860,3537,2
1860,1544,4
1860,70,1
1860,2135,3
1860,1282,1
1860,3507,4
1860,2160,4
1860,2312,2
1860,1249,1
1860,3513,4
1860,3510,1
1860,648,4
1860,1997,1
2688,3408,2
2688,1747,2
2688,356,4
2688,2890,1
2688,17,1
1860,3567,3
1860,3316,2
2688,1784,3
2688,1407,2
2688,3147,4
2688,1231,3
2688,1962,4
2688,1222,2
2688,1282,4
2688,1097,4
2688,1259,3
2688,2064,3
2688,480,1
2688,2918,2
2688,1,2
2688,1394,4
2688,1968,3
2688,1247,2
2688,1196,1
2688,1263,4
2688,1200,3
2688,1208,3
2688,2028,1
2688,1704,3
2688,608,1
2688,527,1
2688,1198,3
1088,3553,1
1088,3483,3
1088,3646,4
1088,3863,1
1088,3159,1
2688,1381,4
2688,3692,1
2688,239,2
2688,2392,2
2688,765,1
2688,1588,4
2688,2266,3
2688,2574,2
2688,2431,2
2688,3301,1
2688,1894,3
2688,153,4
2688,157,3
2688,2335,3
2688,2622,1
2688,1020,1
2688,367,4
2688,1377,4
2688,1566,3
2688,500,1
2688,2150,1
2688,2111,3
2688,216,2
2688,2195,3
2688,852,4
2688,597,4
2688,357,2
2688,1663,1
2688,3175,3
2688,1288,3
2688,3591,1
2688,1476,2
2688,2324,2
2688,2302,2
2688,231,4
2688,1485,4
2688,1265,1
2688,588,1
2688,3552,1
2688,1777,4
2688,3087,4
2688,104,2
2688,3448,4
2688,1517,2
2688,2000,1
2688,2321,4
2688,3114,1
2688,1148,3
2688,2671,2
2688,2770,3
987,612,2
5948,1727,4
5948,1734,1
1317,1017,2
1317,2080,3
3681,3793,1
3681,2387,4
1865,111,2
3430,1500,3
1865,2918,4
1865,912,2
1865,260,3
1865,1247,3
1865,50,4
1865,3330,1
1865,1131,1
1865,954,2
3430,3047,3
3430,1927,2
3430,1034,3
3430,1204,2
1284,3409,4
1284,3509,2
1284,3510,2
1284,3578,3
1284,2389,1
1284,2568,1
1284,2963,2
1284,70,3
1284,42,4
1284,762,4
1284,1647,1
1284,2986,4
1284,2561,1
1284,434,3
1284,532,2
1284,1377,3
1284,1804,3
1284,153,1
1284,2616,2
1284,1918,1
1284,2002,1
1284,3272,1
1284,3247,4
1284,1589,2
1284,521,1
1284,999,1
1284,2231,2
1284,555,1
1284,1711,4
1284,2023,2
1284,2280,3
1284,431,2
1284,1404,2
1284,1671,3
1284,1500,2
1284,2112,3
1284,1627,2
1284,1061,1
1284,1396,2
1284,493,1
1284,1785,3
2176,1235,3
2303,3088,1
2303,3507,3
2303,1080,2
2303,34,1
2303,2918,3
2303,3451,4
2303,2997,1
2303,1394,2
2303,952,2
2303,1265,3
2303,1234,3
2303,1292,3
2303,2973,1
2303,1230,3
2303,3826,1
2303,3618,3
1,48,3
1,1566,4
1,1907,1
1,2355,1
1,783,1
1,2294,3
1,2687,3
1,1,3
1,588,1
1,595,4
1,745,3
1,527,1
1,1545,3
2544,1161,3
2544,1968,4
2544,1500,4
2544,1948,1
2544,900,2
2544,3499,1
2544,551,4
2544,1845,2
2544,2463,4
2544,32,4
2544,3426,4
2544,2912,1
2544,39,2
2544,3599,2
2544,1227,1
2544,2313,2
149,1910,2
149,2893,3
2544,123,3
2544,1302,4
2544,2946,3
2544,3751,3
2544,441,1
2544,3481,2
2544,2890,3
2544,3451,3
2544,700,2
2544,2571,3
2544,1682,2
2544,1086,3
2544,3062,3
2544,2278,3
2544,2227,3
2544,3098,2
2544,1028,2
2544,914,4
2544,68,2
2544,2916,2
2544,2070,1
2544,1408,2
2544,1365,2
2544,1291,2
2544,2732,3
2544,1584,4
2544,3342,2
2544,1941,2
2544,1935,1
2544,1253,4
2544,3246,1
2544,1747,1
2544,235,4
2544,2321,4
2544,2333,2
2544,3093,1
2544,1144,4
2544,497,1
2544,2944,4
2544,2000,1
2544,1964,4
2544,3408,1
2544,1885,1
2544,1258,3
2544,3521,1
2544,3386,3
2544,17,3
2544,953,4
2544,1095,3
2544,2174,2
2544,911,1
2544,2384,2
2544,1201,1
2544,290,1
2544,1411,2
2544,2352,1
2911,3189,3
2911,3534,1
2544,1947,3
2544,1938,1
2544,2336,2
2544,3365,1
2544,2467,2
2544,1449,3
2544,2064,3
2544,3547,2
2544,1272,4
2544,3424,2
2544,3361,4
2544,3260,4
2544,728,2
2544,2871,2
2544,918,4
2544,3681,3
2544,2936,4
149,2280,2
2911,2336,2
2544,501,4
2911,1911,1
2911,2369,2
2911,1093,1
2544,1957,1
2544,2932,3
2544,3072,3
2544,2565,1
2911,3751,1
2544,1029,4
2544,1172,2
2544,1394,4
2544,945,3
2544,2542,3
2544,994,3
2544,1036,1
2544,2202,4
2911,2710,2
2544,2728,4
149,1639,4
2544,1224,1
2544,246,1
2544,955,2
2911,2683,4
2544,3421,4
2544,3801,3
2544,1694,1
2544,2987,3
2544,1131,2
2911,2706,4
2544,1263,3
2544,929,4
2544,3359,4
2544,1299,2
2544,1202,2
2544,3037,2
2544,337,4
2544,3201,1
2544,2010,1
2544,1348,3
2544,3471,3
2544,971,4
2544,2648,1
2544,1242,1
2544,903,1
2544,1208,1
2544,1585,1
2544,1148,4
2544,3176,1
1449,3741,3
5470,3150,2
5470,3903,1
2904,1092,2
2904,540,3
2904,436,4
2904,3755,3
2904,3158,1
2904,3173,2
4107,2014,1
4107,2116,1
82,47,4
82,474,2
82,3662,4
4107,2138,4
4107,3471,3
82,628,2
82,50,3
4107,1208,1
4107,1278,2
4107,1294,3
4107,1193,3
4107,111,1
4107,1206,2
4107,858,3
4107,2146,4
4107,1033,3
4107,3791,3
4107,2413,2
4107,2072,1
4107,2420,2
4107,2469,4
4107,3036,2
4107,3917,3
4107,1173,3
4107,1994,1
4107,3087,1
4107,2076,3
2561,1304,4
4107,3699,1
4107,2463,4
2561,3362,3
4107,1674,3
4107,1957,4
4107,1961,2
4107,2348,3
4107,1289,2
4107,1258,2
4107,1274,2
4107,2020,3
4107,1225,1
4107,1228,2
4107,1199,2
4107,2989,1
4107,3698,2
4107,2414,3
4107,2115,1
4107,3527,2
4107,1222,2
4107,2375,2
4107,2752,4
4107,2457,4
4107,2145,1
4107,1135,3
4107,3070,2
4107,2369,3
4107,2110,2
4107,1097,1
4107,2140,3
4107,1967,4
4107,3706,4
86,1088,1
86,260,1
86,2454,4
49,2311,2
86,2396,4
86,3118,4
86,1760,3
49,296,1
49,2858,4
49,1193,4
49,1204,4
49,3735,3
49,3362,3
86,1582,4
49,1952,4
86,2701,2
49,1252,2
49,3741,2
86,1907,3
86,364,2
49,1554,1
86,3489,1
86,2762,3
86,1721,4
86,2485,4
3821,3565,1
2276,592,4
2276,2586,3
2276,999,3
2276,22,2
2276,2985,1
2276,2764,3
2276,1729,1
2276,2231,2
2276,164,1
2276,1645,4
2276,1466,1
2276,555,4
2276,2194,4
2276,3104,3
2276,6,3
2276,1500,1
2276,1227,4
2276,431,1
2276,2000,2
2276,3763,2
2276,2278,1
2276,1089,4
2276,1084,3
2276,3741,2
2276,1912,3
2276,2917,1
2276,2130,4
2276,2391,4
2276,3735,2
2276,3362,4
2276,1953,3
2276,1234,1
2276,608,4
2276,2692,1
2276,1617,4
2276,50,1
150,1594,1
329,2456,3
329,737,3
329,1882,4
329,196,4
329,2012,2
329,3704,4
329,2407,4
329,2665,4
329,3927,2
329,2527,3
329,2011,3
329,3702,4
329,2140,3
329,3326,2
329,3821,1
329,3615,1
127,3822,1
127,3821,1
127,3863,2
127,3556,4
127,3513,4
127,3300,2
127,3357,2
127,3555,2
127,1997,2
4757,3114,3
4757,1258,3
4757,2908,4
4757,1189,4
4757,1956,1
4757,2692,2
4757,1136,3
4757,1249,2
4757,1090,2
4757,1394,2
4757,1704,3
4757,1034,4
4757,2028,2
4757,1952,3
4757,3083,3
4757,1,4
4757,919,4
4757,1235,1
4757,3006,2
4757,2324,4
4757,593,3
4757,527,2
4757,3751,1
4757,1831,3
4757,2998,4
4757,2959,1
4757,3578,4
987,1187,2
242,1197,3
192,1399,4
192,2966,4
3410,2736,1
3410,1590,2
3410,1616,1
3410,1320,1
3410,786,1
3410,1544,4
3410,1047,2
3410,3476,3
3410,678,4
3410,3159,3
4107,3063,2
4107,18,4
4107,3686,3
4107,1092,1
4107,1407,1
4107,1343,3
4107,16,2
4107,47,3
4107,2762,4
4107,3268,2
4107,2153,3
4107,1831,4
4107,208,3
4107,3257,4
4107,1769,2
4107,1377,1
4107,2167,3
4107,2337,2
4107,920,1
4107,2968,3
4107,2562,2
1628,2716,3
1628,2268,1
1628,3071,1
1628,3868,2
1628,3267,4
1628,1345,2
1628,3104,2
1628,1845,4
1628,1641,4
1628,2155,4
1628,1073,1
1628,1302,2
1628,2750,4
1628,3702,3
1628,2076,1
1628,322,3
1628,1189,4
1628,3108,1
1628,1333,1
1628,800,3
1628,2915,1
1628,1186,2
1628,1285,4
1628,1288,4
1628,1257,4
1628,1962,4
1628,1246,3
1628,1674,4
1628,3098,4
1628,1103,3
1628,3360,2
1628,3210,4
1628,293,1
1628,1968,3
1628,955,1
1628,2243,4
1628,1307,1
1628,3363,3
1628,3035,3
1628,2138,4
1628,3424,1
1628,2987,4
1628,3347,3
1628,340,4
1628,2064,4
1628,150,2
1628,2248,4
1628,1960,2
1628,1269,1
1628,1234,2
1628,3526,4
1628,3361,1
1628,3260,4
1628,2918,1
1628,1079,1
1628,1231,4
1628,265,1
1628,2300,1
1628,3214,2
1628,2762,3
1628,3359,3
1628,482,1
1628,1289,2
1628,1218,3
1628,2186,1
1628,1136,1
1628,1208,4
1628,1080,4
1628,3543,2
1628,1090,1
1628,3362,2
1628,1228,4
1628,2973,1
1628,1952,2
1628,1244,2
1628,3000,3
1628,1221,4
1628,1394,3
1628,1207,1
1628,3468,2
1628,3655,1
1628,160,1
1628,1339,3
1628,3182,4
3454,2497,4
1988,3114,2
1988,3145,3
1988,3298,2
1988,3155,1
3411,3745,2
3411,3879,2
3411,1231,2
3411,2395,1
3411,628,2
3411,1307,3
3411,3499,4
3411,3608,1
3411,3421,4
3411,1682,2
3411,1266,3
3411,1258,3
3411,1387,4
3411,919,2
3411,246,2
3411,720,4
3411,1212,1
3411,1263,3
3411,1394,2
3411,1518,4
3411,292,4
3411,3826,1
3411,1544,4
3411,3555,2
3411,648,3
3411,3578,2
3411,2791,3
3411,3000,4
4508,2617,2
4508,3000,2
1500,2502,4
1048,3481,1
4802,314,4
5367,911,2
1063,1372,2
1063,21,3
1063,2571,4
623,290,3
623,720,4
623,161,4
623,151,4
623,527,4
623,2890,4
623,1279,2
623,574,3
3846,3868,2
3846,2144,2
3846,1958,3
3846,3448,1
3846,2407,1
3846,3087,1
623,3052,1
623,785,1
623,1914,4
3846,2918,1
3846,2791,2
3846,3039,4
3846,2463,1
3846,1307,2
623,2302,4
623,322,2
623,562,2
623,1883,2
3846,1968,2
3846,3526,4
623,2155,2
623,2690,4
3846,3424,2
3846,2804,3
3846,1965,1
623,1449,2
623,2697,2
623,1223,4
623,1517,4
623,2359,2
623,176,4
623,2384,2
623,2395,2
623,2396,4
623,34,3
623,2599,3
716,1126,1
716,2399,3
716,2253,2
623,3753,1
716,3489,3
2803,2571,3
2803,2959,2
716,788,3
1500,1513,4
1500,2770,2
716,1590,3
716,839,3
716,2389,3
716,1591,1
1500,1199,3
1500,231,1
716,798,2
716,172,1
716,1831,3
1500,785,3
1500,648,3
716,1004,3
716,2322,2
716,3113,2
716,185,3
716,2126,3
716,1783,3
716,786,4
716,1917,4
716,849,2
716,1544,4
1500,2542,1
1500,50,4
716,338,3
75,2761,3
75,2392,1
2803,3783,1
716,1603,4
716,23,1
716,1769,2
1500,235,3
716,1687,2
355,1207,3
716,1620,3
75,3408,1
355,1225,2
716,3249,4
716,748,2
716,225,2
75,1911,2
716,1717,3
75,2694,1
75,2683,4
75,2555,2
716,1792,3
355,3616,4
716,1647,1
716,464,2
716,482,2
716,481,2
716,832,3
75,216,1
716,543,4
716,1805,2
716,3256,3
716,377,2
716,3176,2
716,1732,3
716,16,2
716,1645,3
716,454,4
716,1625,1
716,2391,2
716,2762,3
716,608,2
716,1249,1
75,2152,3
75,2036,4
75,455,2
75,1495,3
75,1460,3
75,745,4
75,2394,3
75,1223,1
75,1148,3
75,1544,2
75,1831,4
75,788,1
75,1391,1
75,1037,3
75,2012,4
75,480,4
75,780,3
75,671,4
75,2571,1
1958,3785,4
1266,1342,4
1266,382,2
1266,422,1
1266,344,4
1266,1596,3
1266,3249,4
1266,158,2
1266,333,3
1266,577,1
1266,2305,2
1266,1015,3
1266,317,2
1266,3257,3
1266,466,3
1266,2191,4
1266,1836,1
1266,803,2
1266,3489,4
1266,2875,1
1266,1003,4
1266,2605,3
1266,3869,1
1266,117,3
1266,585,1
1266,1377,1
1266,2803,2
1266,835,4
1266,2,2
1266,3264,3
1266,224,1
1266,22,3
1266,3270,4
1266,231,1
1266,2231,3
1266,3219,3
1266,2320,4
1266,1513,4
1266,3500,2
1266,2699,3
1266,2881,3
1266,2541,1
1266,587,4
1266,2062,4
1266,2616,3
1266,1027,1
1266,500,1
1266,2171,1
1266,70,1
1266,372,2
1266,3502,4
1266,1620,2
1266,89,1
1266,586,4
1266,1916,4
1266,2094,2
1266,366,1
1266,2341,1
1266,1057,4
1266,2012,1
1266,367,4
1266,1728,4
1266,2581,4
1266,339,2
1266,1566,3
1266,2046,2
1266,380,4
1266,2628,4
1266,785,4
1266,1542,3
1266,2996,4
1266,282,3
1266,1059,4
1266,361,2
1266,1895,4
1266,1351,3
1266,2891,2
1266,2436,1
1266,2267,3
1266,371,3
1266,1649,3
1266,2083,4
1266,1399,1
1266,2424,4
1266,2617,2
1266,77,1
1266,7,2
1266,2295,3
1266,1454,3
1266,3259,3
1266,147,1
1266,2593,3
1266,30,3
1266,1860,4
1266,454,3
1266,1507,2
1266,1339,3
1266,1693,3
1266,728,4
1266,801,2
1266,3145,1
1266,3081,2
1266,1589,4
1266,1805,2
1266,1648,1
1266,2058,2
1266,1643,4
1266,1580,2
1266,524,1
1266,3052,2
1266,1672,2
1266,1476,1
1266,1569,3
4126,1088,1
1266,1923,4
1266,2885,2
1266,1573,3
1266,2089,2
1266,2394,1
1266,2059,1
1266,3176,1
1266,1343,1
1266,104,2
1266,2155,2
1266,1480,4
1266,1407,3
1266,373,1
1266,1449,2
1266,1900,2
1266,2759,1
1266,1914,4
1266,388,4
1266,82,2
1266,848,1
1266,2766,3
1266,1845,2
1266,1042,1
1266,1829,1
1266,1922,2
1266,3100,4
1266,1633,2
1266,448,2
1266,1921,4
1266,2708,4
1266,1635,1
1266,457,3
1266,589,3
1266,3147,2
1266,25,3
1266,2686,2
1266,1784,4
1266,150,4
1266,2028,4
1266,1265,3
1266,1893,1
1266,581,3
1266,1041,4
1266,2959,4
1266,1797,2
1266,1,4
1266,2396,1
1266,1358,2
1266,2493,2
1266,608,3
1266,3114,3
1266,1089,1
1266,2609,1
1266,2357,1
1266,246,1
1266,1411,1
4861,32,2
4861,296,3
4861,3785,2
3505,648,4
4861,3287,1
4861,3949,1
4418,2912,3
4418,902,1
4418,1213,3
4418,1294,1
4418,2612,1
4418,3196,4
4418,1238,1
4418,1244,4
4418,1248,3
4418,3629,4
4418,3599,3
4418,2997,4
4418,28,1
4418,1945,4
4418,50,3
4418,1185,3
4418,1235,2
4418,3816,3
4418,1183,1
4418,1028,2
4418,936,4
4418,907,1
4418,918,3
4418,951,3
4418,954,3
4418,3217,4
4418,1349,3
4418,899,4
4418,1303,1
4418,2940,3
4418,1617,4
4418,3746,2
4418,1084,1
4418,949,2
4418,2917,3
4418,1256,1
4418,905,4
4418,3134,1
4418,2925,3
4418,1262,1
4418,1267,4
4418,1041,2
4418,608,3
4418,1231,1
4418,922,4
4418,2732,2
4418,3310,1
4418,3359,4
4418,1300,4
4418,2858,1
4418,1176,3
4418,1251,1
4418,3462,3
4418,942,2
4418,599,1
4418,903,4
4418,910,1
4418,919,1
4418,955,1
4418,2731,2
4418,1230,2
4418,1207,4
4418,1217,4
4418,2019,4
4418,2300,1
4418,3083,1
4418,2937,2
4418,3929,3
4418,908,3
4418,978,3
4418,3683,2
4418,824,4
4418,1221,4
4418,1252,1
4418,1952,2
4418,1219,2
4418,3097,3
4418,912,1
4418,2935,1
4418,2203,2
4418,750,1
4418,3307,2
4418,2920,3
4418,1212,4
4418,670,4
4418,668,4
4418,3022,1
4418,923,3
4418,3435,4
4418,1284,1
4418,3739,1
4418,3741,3
4418,2726,3
4418,3133,2
4418,1260,2
4418,858,3
4418,3730,2
4418,3819,1
368,3179,3
368,3751,1
368,3793,1
368,1727,3
355,3301,4
3971,195,4
3971,3254,3
3971,3477,3
3971,587,4
3971,2447,3
3971,2145,3
3971,2416,4
3971,3526,4
3971,2915,4
3971,2918,2
3971,3361,1
355,3316,3
442,2265,3
442,88,2
442,2253,1
442,3,4
442,2060,3
442,1665,4
442,747,2
442,1760,3
442,370,3
442,255,1
442,2082,3
442,1359,2
442,153,2
442,3031,3
442,3869,3
442,420,4
442,216,3
442,3254,2
442,5,2
442,784,3
442,3247,1
442,372,4
442,537,3
442,435,2
442,333,2
442,597,4
442,2683,1
442,231,1
442,1057,1
442,585,4
442,344,4
442,3614,4
442,708,1
442,3261,3
442,852,1
442,356,1
442,367,2
442,417,3
442,1895,2
442,586,2
442,1377,1
442,3450,1
442,574,3
442,539,2
442,663,1
442,1732,2
442,471,1
442,1875,2
442,180,3
442,440,2
442,2706,3
442,2007,4
442,2155,4
442,1580,4
442,2502,4
442,223,2
442,2382,4
442,2383,1
442,2379,3
442,2380,3
442,2381,3
442,2408,4
442,2794,3
442,2478,3
442,2378,1
442,2717,2
442,2471,3
442,3394,2
442,2405,4
442,1091,2
442,2374,1
442,2735,3
442,2468,1
442,2088,3
442,3048,2
442,2151,3
442,3033,1
442,2375,1
442,2141,2
442,2003,3
442,2133,3
442,2245,4
442,2796,3
442,3448,3
442,1255,4
442,2470,3
442,2134,3
442,2746,1
442,2407,1
442,2001,3
442,2406,3
442,1297,1
442,3552,4
442,2000,2
442,2918,1
442,101,2
442,3108,4
442,2150,2
442,1028,1
442,2795,3
442,3865,1
442,1784,1
442,1220,4
442,1663,4
442,3868,3
442,2915,3
442,3451,2
442,3037,1
442,902,1
442,2194,4
442,1246,4
442,1263,4
442,25,3
442,2078,1
442,1674,1
442,39,1
442,441,3
442,1947,4
442,1201,1
442,953,1
442,2762,1
442,2087,4
442,594,1
2303,3179,2
2303,3717,4
2303,3409,3
412,2865,4
2303,3178,3
442,1252,4
412,3556,4
531,1407,1
531,1717,2
531,3273,4
531,1088,3
531,2092,4
531,1760,2
531,631,1
531,783,1
531,2083,3
531,1487,1
531,1093,2
531,1416,4
531,1688,2
531,2394,2
531,364,4
531,595,4
588,1237,2
531,427,3
531,1590,2
531,2338,4
531,2875,3
531,2126,1
531,1644,4
531,1597,3
531,1892,3
531,1589,3
531,2583,3
531,1909,1
531,3386,4
531,3044,4
531,1617,2
531,1625,2
531,1805,2
531,1092,2
531,1645,4
531,2686,4
531,3552,4
531,3868,1
531,2795,3
531,2382,1
531,2380,4
531,2383,1
531,3399,3
531,1381,1
531,3391,1
531,2381,2
531,2733,4
531,2379,4
588,1406,3
588,3872,3
531,3387,4
531,2471,4
531,2717,1
531,3388,2
531,2413,3
531,2072,1
531,2378,3
531,3392,2
531,2405,1
531,2478,4
531,2794,1
531,3033,3
531,1091,1
531,2369,1
531,2133,1
531,2470,4
531,2054,3
531,2375,4
531,2011,4
531,2416,1
531,1378,2
531,1297,4
531,2141,2
531,1135,4
531,3087,4
531,2407,3
531,3448,3
531,2261,3
531,2100,2
531,2746,1
531,2001,4
531,2145,3
531,2406,3
531,1220,1
531,1285,4
531,3608,1
531,3072,2
531,3397,2
531,2716,4
531,3398,2
531,1958,3
531,2797,1
531,2144,2
531,2791,4
531,2174,4
531,2000,3
531,2245,3
531,3526,4
531,2081,2
531,2352,4
531,3210,2
4951,3240,3
4951,3327,2
531,1079,2
531,2915,4
531,1307,2
531,1270,4
531,1197,4
531,1259,1
531,2918,4
531,1968,1
531,2248,2
531,3361,1
531,2064,1
531,1394,3
5520,3114,1
1266,1996,2
1266,1381,3
1266,2422,2
1266,1970,1
1266,1972,2
1266,1969,2
1266,2458,4
1266,3017,1
1266,1971,4
1266,2642,2
1266,2421,4
1266,1991,4
1266,1091,4
1266,2072,4
1266,2413,1
1266,2735,2
1266,2717,3
1266,2787,2
1266,2378,3
1266,2375,4
1266,2796,3
1266,2134,4
1266,3791,1
1266,3525,1
1266,2148,3
1266,2003,3
1266,2752,4
1266,1033,3
1266,3449,1
1451,1488,2
1266,3770,3
1451,1635,2
1266,2011,2
1266,2149,4
1266,3087,2
1266,2416,1
1266,1101,3
1266,2470,4
1266,2420,4
1266,2054,3
1266,2005,1
1266,2641,4
1266,2371,1
1266,2423,3
1266,1088,2
1266,2245,2
1266,2048,4
1266,2100,1
1266,3448,4
1266,3398,2
1266,1663,4
1266,3478,4
1266,2926,4
1266,592,4
1266,2086,4
1266,2463,4
1266,2161,4
1266,1210,2
1266,1291,2
1266,3111,1
1266,3203,4
1266,1967,1
1266,2797,4
1266,1962,3
1266,2968,3
1266,2987,1
1266,2064,4
1266,1240,2
1266,3725,1
1266,1258,2
1266,709,2
1266,1196,1
1266,1394,4
1266,1225,2
1266,953,3
1266,917,4
1266,3217,4
1266,2648,4
1266,594,2
1266,2792,1
1266,2033,2
1266,3617,4
1266,144,4
1266,3000,4
1266,3759,3
1266,3775,4
1266,2176,4
1266,596,4
1266,2398,4
1266,3089,2
1266,928,3
1266,912,2
1266,923,3
1266,1212,3
1266,949,2
1266,2080,4
1266,2087,4
1266,1945,2
1266,2351,1
1266,3736,2
1266,1237,1
1266,1875,4
3693,3468,1
3693,3826,2
2609,1892,1
2609,247,4
2609,6,1
2609,457,3
2609,1617,3
2609,2293,1
3842,2884,3
3842,1841,2
3842,2297,2
3842,514,4
3842,3252,4
3842,3418,3
3842,3863,1
3842,159,1
2826,2203,1
3428,1124,4
1127,3700,2
1127,3555,1
1127,3484,2
1127,3646,3
1127,3717,4
1127,3512,2
1127,3510,1
1127,1997,4
678,1032,4
678,1095,1
678,3549,3
678,2138,1
678,137,1
678,3418,3
678,2268,1
678,1376,4
678,1635,4
678,477,2
678,1042,2
678,2968,4
678,1285,3
678,2971,4
678,3079,2
678,2194,3
678,1094,4
678,1907,4
678,3105,2
678,1269,1
678,1291,2
678,2329,3
678,1200,4
4126,2053,4
4126,2054,3
678,1947,3
678,1035,3
678,914,2
678,1704,2
678,1274,4
678,2915,1
678,589,4
678,3044,3
678,1674,3
678,1012,1
678,3358,1
678,2352,2
678,1270,2
678,440,1
678,3471,1
678,32,4
678,2321,1
678,594,4
678,2550,4
678,2599,1
678,541,4
678,2398,2
678,3491,1
678,994,2
678,1387,3
678,3713,4
678,1214,3
678,3545,1
678,1584,3
678,3792,4
678,3548,3
678,150,1
678,2690,4
678,3072,2
678,581,4
678,1258,3
678,1307,1
678,2289,2
678,1265,1
678,1090,1
678,921,2
678,2313,4
678,1278,1
678,595,4
678,1136,4
678,1197,1
678,900,3
678,36,3
678,2626,1
678,924,1
678,3088,1
678,3006,3
678,1196,1
678,1219,4
678,926,1
678,928,1
678,2248,4
678,260,3
678,296,2
678,2762,1
678,2804,1
678,2132,1
678,318,4
678,904,4
678,50,2
678,2997,2
678,919,3
678,3090,1
678,1617,3
678,922,1
678,1225,4
678,1104,3
678,527,1
678,2761,2
678,858,1
678,1977,3
678,3799,2
678,1976,4
678,891,2
678,564,3
678,1544,1
678,2399,3
678,277,2
678,2135,4
678,2241,3
678,2033,3
678,1286,2
678,648,4
678,2657,1
678,661,1
678,551,4
678,480,3
678,2312,4
678,1997,1
678,2791,4
678,3000,1
678,1772,2
678,144,1
796,2084,3
796,1772,2
796,2088,2
796,2877,3
796,2135,1
796,2657,1
796,1380,1
796,1093,4
796,1951,1
796,2941,4
796,1035,2
796,2971,3
796,3549,4
796,2857,2
796,900,1
796,1947,4
796,899,4
796,2719,1
796,2315,3
796,196,3
796,2995,3
796,724,4
796,2004,2
796,426,1
796,3081,3
796,2710,3
796,3946,4
796,3364,1
796,930,1
4277,1393,4
151,6,2
151,628,2
151,319,1
151,2762,4
151,190,3
151,1617,4
151,1249,1
151,1089,2
151,1358,1
151,50,4
151,3489,1
151,1126,2
151,653,1
151,367,3
151,1704,3
151,608,1
151,2329,1
151,866,4
151,290,3
151,593,4
151,2028,1
151,1213,4
151,527,3
151,296,3
151,1917,2
151,198,4
151,2916,2
151,1767,2
151,691,2
151,1564,3
151,179,4
151,498,4
151,3705,3
151,605,3
151,499,2
151,3103,1
151,1043,1
151,289,3
151,3436,2
151,1353,3
151,1593,1
151,2154,3
1088,594,2
151,2266,2
151,202,1
1088,1619,1
151,736,4
151,638,3
151,2724,4
151,140,1
151,81,4
151,1502,4
151,105,1
151,1605,4
151,236,2
151,1821,3
151,7,2
151,224,3
151,802,4
151,1409,4
151,1542,2
151,1479,1
151,2316,1
151,468,2
151,543,1
151,1801,3
151,2331,3
151,1541,3
151,68,4
151,1597,4
151,182,2
1088,3826,4
151,266,2
151,339,4
151,35,3
151,597,3
151,1835,2
1088,1441,1
151,1683,2
151,417,1
151,1629,4
151,353,2
151,85,2
151,168,3
151,3269,3
151,1441,2
151,1059,2
151,151,4
151,1643,4
151,3108,3
151,838,2
151,708,3
151,1569,1
151,74,1
151,1357,4
151,222,1
151,2424,2
151,1680,3
151,425,4
151,471,1
151,1735,3
151,1658,1
151,380,1
151,539,4
151,2482,1
151,3044,1
151,509,4
151,3261,2
151,555,1
151,2502,2
1088,3879,4
151,2671,2
151,587,1
151,1339,2
1088,3556,2
151,1733,4
151,39,3
151,1777,2
151,377,3
1088,3554,1
151,440,4
151,357,1
151,163,1
151,1554,1
151,1721,2
151,1639,2
151,1183,1
151,1393,3
151,1094,2
151,58,2
151,249,1
1088,3079,1
1671,218,3
151,28,3
151,2291,1
151,25,1
151,247,1
151,17,1
151,293,2
1088,838,4
1088,3896,3
1671,452,3
151,2396,2
151,1265,1
151,2692,2
1671,2059,2
1671,14,2
151,3536,2
151,3512,4
1671,147,4
151,648,2
151,3717,1
151,3755,3
151,3578,3
151,3753,3
1671,766,4
1671,261,3
1671,1611,3
1671,322,1
1671,1635,4
1671,281,2
1671,199,4
1671,222,3
1671,509,1
1671,650,3
1671,538,4
1671,988,1
1671,1794,2
1671,1719,4
1671,299,3
1671,272,1
1671,412,3
1671,300,3
1671,3100,1
1671,314,2
1671,121,2
1671,994,2
1671,1245,1
1671,1411,2
1671,2908,4
1671,3448,3
1671,2872,4
1246,3190,2
1246,3186,3
1952,3501,3
1952,2371,4
1952,3039,2
1952,2145,4
1952,3298,1
1952,3783,4
1952,3598,2
1952,785,3
1952,3258,2
1952,433,1
1952,1391,3
1952,532,1
1952,1888,2
1952,2723,4
1952,1409,3
1952,236,4
1952,289,3
1952,1648,2
1952,3874,1
1952,1461,1
1952,468,4
1952,339,2
1952,542,4
1952,231,1
1952,3263,4
1952,719,4
1952,1614,3
1952,2759,2
1952,2770,4
1952,2572,2
1952,1457,4
1952,2671,3
1952,2492,3
1952,2331,1
1952,344,2
1952,2581,2
1952,1777,4
1952,1057,3
1952,2706,1
1952,1689,2
1952,3261,2
1952,3052,2
1952,3129,3
1952,2108,4
1952,2539,2
1952,371,2
1952,543,4
1952,357,4
1952,11,1
1952,1916,3
1952,322,4
1952,3326,4
1952,3324,2
1952,3301,2
1952,3752,2
1952,3618,2
1556,3863,1
4802,1222,1
4126,1307,2
4126,2716,2
2544,3327,4
2544,3328,4
2986,3952,3
4169,2818,2
4169,1556,4
4169,1622,2
4169,664,3
4169,2817,2
4169,2982,3
4169,519,4
4169,102,2
4169,2701,3
4169,437,1
4169,546,4
4169,2154,1
4169,2107,4
4169,1862,1
4169,3031,2
4169,763,3
4169,1417,2
4169,173,3
4169,2315,1
4169,444,2
4169,694,3
4169,3248,4
4169,3268,4
4169,2389,3
4169,12,4
4169,2027,1
4169,1820,1
4169,79,3
4169,3572,3
4169,1499,4
4169,2008,3
4169,186,2
4169,2084,1
4169,15,1
4169,166,1
4169,355,1
4169,360,2
4169,93,3
4169,3919,2
4169,829,1
4169,880,2
4169,1440,3
4169,1837,2
4169,510,3
4169,505,2
4169,1863,3
4169,3705,4
4169,315,1
4169,219,1
4169,1647,4
4169,1902,4
4169,798,3
4169,2898,2
4169,478,1
4169,1999,2
4169,447,4
4169,228,2
4169,1565,2
4169,1685,2
4169,2892,4
4169,3130,1
4169,3258,3
4169,3502,3
4169,472,4
4169,860,1
4169,257,4
4169,1038,3
4169,566,3
4169,153,2
4169,679,3
4169,2447,2
4169,1767,4
4169,344,1
4169,1651,3
4169,1355,4
4169,254,2
4169,1866,1
4169,2482,2
4169,1722,4
4169,132,1
4169,2441,2
4169,479,4
4169,2881,1
4169,188,1
4169,222,2
4169,3175,4
2478,1725,1
4169,2140,2
4169,961,4
4169,564,4
1213,1219,1
2826,1153,4
2826,2488,2
2826,1262,2
4126,1243,1
1343,3617,2
1343,3755,1
1343,648,3
1343,3555,2
355,1275,4
355,3438,3
355,2093,4
355,367,3
355,2193,4
355,2174,2
355,3479,4
355,3176,1
355,2763,4
195,2987,4
355,2841,3
355,3219,4
355,2580,4
355,2688,4
355,3408,3
355,2712,4
355,3786,2
355,1339,4
355,1387,2
355,1219,2
355,737,4
355,327,2
355,172,1
355,1037,2
355,185,3
355,2054,4
355,3638,3
355,2011,1
355,3863,2
355,3744,1
355,3082,4
355,2948,2
355,2791,1
355,1997,3
195,488,2
1107,2710,2
1107,3536,3
5367,3654,1
5367,3871,2
5458,2599,3
5458,223,4
5458,3424,4
5458,1228,4
5458,1136,3
5458,1466,3
5458,2511,3
5458,1945,4
5458,2000,2
5458,2194,3
5458,1610,1
5458,2571,3
5458,1036,4
5458,2872,2
5539,3755,2
5458,3751,4
5458,3578,3
1422,3247,2
1422,1620,1
1422,1061,2
1422,1396,4
1422,2391,2
1422,1084,3
1422,47,2
1422,296,3
531,1453,4
531,1526,4
531,762,4
531,2053,1
531,2629,3
531,2296,1
531,2385,1
531,38,2
531,2793,1
531,1837,3
531,2036,3
531,691,4
531,2500,4
531,505,3
531,355,4
531,460,2
531,2907,3
531,1884,1
531,64,1
531,3248,4
531,2504,3
531,1410,1
531,719,4
531,1461,2
531,2431,2
1329,520,1
531,2953,2
531,818,4
531,107,3
531,432,3
531,2724,3
531,19,3
531,518,1
531,2598,2
531,4,1
531,784,1
531,1377,1
531,2806,3
531,1064,3
531,2042,3
531,1409,1
531,830,3
531,2082,1
531,3254,3
531,195,2
531,1541,4
1329,761,4
531,988,2
531,2558,3
531,1379,1
531,673,2
1329,2990,3
531,237,1
531,532,3
531,801,2
531,3,2
531,2252,2
531,3258,3
531,2335,1
531,218,4
531,186,3
531,3243,4
531,305,1
531,275,3
531,1888,4
531,371,2
531,224,1
531,785,1
531,2506,4
531,468,3
531,153,2
531,2683,2
531,3264,3
531,1916,4
531,466,3
531,520,2
531,2331,2
531,2694,1
531,339,1
531,2622,4
531,5,1
531,88,4
531,1614,2
531,585,2
531,450,3
531,1772,1
531,2567,2
531,788,1
531,2496,4
531,586,2
531,1711,1
531,1894,2
531,2012,3
531,500,1
531,1513,3
531,372,4
531,3477,4
531,2589,1
531,1569,3
531,410,4
531,1581,4
531,575,2
531,3450,3
531,1918,1
531,2861,4
531,3247,4
531,838,3
531,1566,1
531,852,1
531,180,4
531,252,3
531,367,4
531,2485,4
531,236,3
531,231,1
531,1875,4
531,7,4
531,542,3
531,552,2
531,3809,3
1329,370,2
1329,3868,4
531,2699,4
531,1883,1
531,708,1
531,1689,4
531,368,2
531,1367,4
531,216,3
531,3712,4
531,1821,1
531,104,2
531,357,3
531,2124,3
531,1425,1
531,380,2
531,1485,3
531,2718,1
531,2690,3
531,1517,1
531,21,3
531,3174,2
531,3255,3
531,3253,1
531,2169,3
531,2883,4
531,3178,2
2962,3765,4
2962,2040,3
2962,3769,3
2962,921,1
2962,1293,4
2962,1296,2
2962,1238,3
2962,3613,2
2962,3925,3
2962,1222,3
2962,1305,1
195,2105,2
2962,1957,4
2962,3637,2
2962,2064,2
2962,1185,1
2962,1968,1
2962,2349,3
2962,3543,2
2962,1258,4
2962,3402,1
2962,3360,3
2962,2859,3
2962,2020,2
2962,3071,1
2962,2194,2
2962,1079,3
195,3033,4
195,2322,2
2962,1228,3
2962,1242,1
2962,2248,3
2962,2919,4
2962,3111,2
2962,2659,4
2962,3679,1
2962,1291,1
2962,1036,3
2962,1231,3
2962,1394,3
2962,2973,2
2962,2348,2
2962,1189,3
2962,3424,4
2962,2804,4
2962,3019,2
2962,1264,1
531,141,4
531,587,2
531,1580,1
531,3157,1
531,3175,3
531,52,1
531,45,4
2962,1225,2
2962,1960,1
2962,1217,1
2962,1090,4
2962,1198,1
2962,1150,3
2962,3067,3
2962,3361,1
2962,1300,1
531,441,2
531,3261,2
531,539,1
2962,1299,1
2962,2743,3
2962,3091,2
2962,3112,4
531,2572,2
531,1747,2
531,497,4
531,2502,2
531,597,1
531,2355,4
531,2302,1
531,2395,1
531,1641,4
531,588,4
531,2706,1
531,3358,4
531,11,3
531,1265,1
531,440,1
531,1243,2
531,1784,2
531,2384,1
531,39,1
531,1885,3
117,3785,3
531,1060,3
531,1500,2
531,2542,3
531,356,4
531,2359,2
531,2599,4
531,1923,3
531,34,4
531,223,3
531,1188,2
531,1,1
531,2396,2
531,2324,2
531,2997,1
531,2700,3
531,2858,4
195,3032,4
195,3623,4
195,1603,2
531,3114,1
195,3752,3
195,2528,3
195,2747,2
195,2000,4
3620,2692,4
5493,456,4
5493,2425,3
5493,2759,3
5493,1921,1
5493,1401,2
1605,2155,4
1605,2329,1
1605,1913,1
362,1527,3
362,1912,4
362,3418,3
362,1372,2
362,555,3
362,21,3
362,380,2
362,1580,2
362,198,2
362,6,4
362,2427,3
362,1047,1
362,1610,3
362,474,3
362,2912,3
362,377,1
362,110,2
362,2028,1
362,2571,2
362,2692,3
362,493,2
362,589,3
362,457,4
362,1233,3
195,3868,4
1422,2786,1
1422,12,3
1422,2152,4
1422,432,2
1422,2050,4
1422,520,4
1422,2794,2
1422,370,1
1422,420,3
1422,3313,4
1422,5,3
1422,1550,2
1422,3869,4
1422,813,3
1422,2805,4
1422,1665,3
1422,1588,1
1448,1715,3
3503,2984,3
3503,3477,2
3503,3616,3
166,2692,3
166,3408,3
166,3617,1
166,3863,4
3229,3817,3
3229,3897,1
3229,266,1
3229,1997,3
710,564,3
710,1863,4
710,2552,2
3229,2160,4
3229,3753,3
710,1753,3
710,1837,4
710,3243,3
710,1703,1
710,719,4
710,1746,3
710,248,1
710,542,2
710,1440,3
710,2252,1
710,378,1
710,3120,4
710,333,4
710,2325,3
710,410,4
710,357,3
150,3751,2
710,514,2
710,588,3
710,528,1
710,31,2
710,1027,2
710,805,3
1639,1466,3
1639,1249,3
1639,2348,2
710,3105,3
1639,3786,3
1639,3618,3
1639,101,4
1733,750,4
4802,3011,1
4126,2142,1
1812,345,1
1812,3355,4
4802,79,1
1266,1350,2
1266,2137,3
1266,1913,3
1266,2871,4
1266,1073,3
1266,3359,1
1266,1419,1
1266,1955,1
1266,1387,3
1266,260,2
1266,1193,4
1266,2144,4
1266,3101,2
1266,2795,2
1266,2140,2
1266,3608,4
1266,3071,3
1266,3868,1
1266,2746,3
1266,2139,3
1266,2174,2
1266,3098,4
1266,1124,3
1266,2750,2
1266,1994,4
1266,2716,2
1266,1968,1
1601,1687,3
1601,1752,4
1601,3802,4
1601,2808,4
1601,3697,1
1601,170,2
1601,1769,4
1601,533,1
1601,1831,3
1266,1257,2
1266,1285,3
1266,3526,3
1266,1197,4
1601,2002,1
1601,423,2
1601,1586,2
1601,2487,1
1601,1627,2
1601,1379,3
1601,1100,3
1601,1391,1
1601,2722,4
1601,1866,2
1601,3082,1
1601,379,2
1601,3020,1
1601,1918,4
1601,70,4
1601,1037,3
1266,2918,3
1266,2065,3
1266,1238,1
1266,1302,4
1266,1097,2
1266,3072,3
1266,1961,4
1266,1228,1
1266,2683,3
1266,1051,4
1266,767,2
1266,837,2
1266,490,3
1266,3261,4
1601,780,3
1601,168,1
1601,1479,2
1601,288,1
1601,2699,2
1601,442,4
1601,1690,3
1601,1438,1
1601,376,2
1601,1377,4
1601,1616,3
1601,2723,2
1601,507,3
1266,550,3
1266,1056,2
1266,45,3
1266,2620,3
1266,1794,1
1266,80,3
1601,2278,4
1601,2826,2
1601,1876,1
1601,3107,4
1601,165,4
1601,1722,3
1601,1047,2
1601,2490,4
1601,1385,1
1601,368,2
1601,353,3
1266,1758,3
1266,708,4
1266,441,4
1266,2687,1
1266,350,4
1266,3253,2
1266,52,2
1266,733,1
1266,997,1
1601,3256,4
1601,1277,3
1601,3418,4
1601,493,2
1601,544,4
1601,1429,1
1601,1580,1
1601,1801,4
1266,1682,2
1266,764,3
1266,609,4
1266,2166,2
1266,261,4
1266,628,3
1266,481,1
1266,2706,1
1601,2353,2
1601,480,2
1601,6,4
1601,2058,4
1601,1608,4
1601,1573,1
1601,1370,1
1601,1610,1
1601,377,3
1601,112,2
1601,163,1
1601,2028,2
1601,457,2
1266,1729,1
1266,1416,4
1266,1271,2
1266,175,1
1266,3157,1
1266,1827,3
1266,3129,4
1266,597,4
1266,1527,4
1266,190,3
1266,477,2
1266,1138,4
1266,1486,4
1266,2952,2
1266,539,1
1601,3527,2
1601,2455,1
1266,1517,2
1266,377,1
1266,783,2
1266,1370,2
1266,3809,1
1266,1919,2
1266,2570,4
1266,1354,2
1266,1688,3
1266,1748,3
1266,281,4
1266,2442,1
1601,1240,1
1601,3703,3
1601,1210,4
1601,1200,2
1266,2321,4
1266,3055,4
1266,647,2
1266,362,3
1266,1834,4
1266,2391,2
1266,986,3
1601,1196,1
1266,2912,3
1266,2318,4
1266,2439,2
1266,2580,2
1266,2916,2
1266,1907,3
1266,1584,4
1266,2682,3
1266,1719,2
1266,2278,2
1266,1641,1
1266,440,2
1266,2697,1
1266,3163,4
1601,2194,3
1601,2000,4
1601,3104,4
1266,3255,1
1266,1814,1
1266,1721,1
1266,110,1
1266,1639,2
1266,2390,3
1266,1680,2
1266,2355,4
1266,800,2
1601,318,4
1266,1120,3
1266,1747,1
1266,2268,1
1266,2433,4
1266,1245,4
1266,3181,1
1266,988,1
1601,1499,2
1266,590,1
1266,3386,4
1266,39,4
1266,1393,3
1601,990,3
1601,1562,1
1601,1606,4
1601,704,1
1601,798,4
1601,1917,3
1601,153,4
1266,357,1
1266,2690,3
1266,2583,4
1266,555,4
1266,509,3
1601,836,2
1601,1894,1
1601,1887,1
1601,44,4
1601,173,1
1601,434,1
1601,303,4
1601,2822,2
1266,2291,3
1266,230,1
1266,247,2
1266,994,2
1601,653,3
1601,208,3
1601,464,1
1601,736,2
1601,1552,1
1601,1049,2
1601,1356,1
1601,2167,2
1601,316,1
1601,10,1
1266,1660,1
1266,3728,2
1266,1564,4
1266,2998,1
1266,356,3
1601,380,4
1601,648,2
1601,2916,3
1601,1615,4
1266,838,4
1266,2336,4
1266,1144,2
1266,1594,3
1601,3175,3
1601,349,2
1601,86,1
1266,3499,1
1266,850,3
1266,1912,3
1266,1547,4
1601,733,4
1266,2333,4
1266,47,2
1266,588,1
1601,2580,2
1266,1428,4
1266,766,3
1266,529,4
1266,2611,2
1601,2391,2
1601,2912,3
1601,2268,4
1601,1617,4
1601,1213,2
1601,1912,4
1601,2692,2
1601,1089,4
1266,3060,2
1266,1585,1
1266,125,4
1266,2125,2
1601,2232,2
1266,1885,2
1266,1357,4
1266,778,2
1266,1545,2
1266,474,4
1601,2600,2
1601,1396,4
1601,1215,3
1266,2571,1
1266,116,4
1266,531,1
1266,2908,2
1601,2571,4
1601,1653,2
1601,589,3
1601,1584,4
1266,877,1
1266,32,1
1266,3044,1
1266,262,2
1266,2762,4
1266,162,4
1266,3105,4
1266,2289,2
1266,2575,4
1266,866,4
1266,3148,1
1266,337,1
1266,36,1
1266,2324,1
1266,314,3
1601,527,1
1266,176,3
1266,2573,1
1266,50,4
1266,1537,3
1601,3250,1
1601,358,3
1266,1213,4
1266,3713,1
1266,1233,2
1266,2692,1
1266,527,1
1266,3785,1
2041,237,3
2041,1353,2
2041,3253,2
2041,2796,3
2041,372,3
2041,500,2
2041,2622,3
1266,3578,3
2041,339,1
2041,3045,3
2041,7,2
1266,3555,4
2041,3263,4
2041,1057,1
2041,2110,3
2041,1485,3
2041,2457,1
2041,2406,1
2041,2706,4
2041,2567,4
2041,2145,4
2041,2100,2
2041,1125,2
2041,104,3
2041,1297,2
2041,2302,4
2041,2261,1
2041,3712,2
2041,2746,2
2041,2723,3
2041,1958,4
2041,3448,2
1601,562,3
1601,3253,2
2041,562,4
2041,3809,4
2041,3396,3
2041,3671,4
2041,2245,1
1601,2596,1
1601,39,4
1601,1,2
1601,2542,1
2041,2395,3
2041,2795,4
2041,3175,1
2041,705,1
2041,3868,4
1601,3114,3
2041,3608,2
2041,2407,3
2041,2463,3
2041,3255,3
2041,2700,4
2041,3039,1
2041,1500,1
2041,588,4
2041,2124,1
4169,1824,3
2041,2797,4
2041,2321,1
2041,1968,2
2041,1641,3
2041,1257,4
2041,2144,4
2041,3421,1
1601,456,3
1601,3098,2
2041,2174,4
2041,1243,1
2041,1028,3
2041,1073,4
2041,1080,1
2041,1784,2
2041,2918,1
2041,1197,4
2041,2690,2
2041,2915,4
2041,898,4
2041,3210,1
2041,1278,1
4169,726,4
2041,1079,3
2041,1285,2
2041,1307,1
2041,3548,2
2041,569,3
2041,3526,2
2041,34,1
2041,3361,3
2041,2080,1
2041,2352,4
2041,945,4
2041,3088,2
2041,2599,4
2041,1,3
2041,1234,3
2041,2788,2
2041,2804,4
2041,910,4
2041,905,1
2041,916,3
2041,1537,2
2041,2997,3
2041,3072,2
2041,3504,4
2041,1230,4
2041,1304,4
2041,2324,1
2041,96,2
4169,3512,2
4169,3408,4
78,1441,1
78,368,1
78,144,3
78,2539,1
78,3247,4
78,339,1
78,708,3
78,2622,2
78,500,1
78,417,4
78,2671,2
78,3614,1
78,2759,2
78,205,1
78,539,3
78,1923,2
78,562,2
78,3253,3
78,2302,2
78,1914,2
78,671,3
78,2155,4
78,3282,4
78,492,1
78,1517,3
78,1794,1
78,3175,3
78,2499,2
78,1784,2
78,1883,1
78,52,4
78,1677,4
78,1042,2
78,587,1
78,1777,2
78,3712,2
78,2384,4
78,1171,1
78,471,4
78,367,1
78,1414,2
78,440,4
78,2359,1
78,1060,2
78,1747,2
78,3060,3
78,3174,3
78,2690,3
78,342,2
78,72,4
78,1243,1
78,298,2
78,3255,4
78,2596,2
78,2355,2
78,84,3
78,588,1
78,3178,2
78,232,4
78,2108,2
78,11,2
78,1449,4
78,2171,3
78,3358,2
78,156,4
78,176,1
78,3052,2
78,497,3
78,1641,1
78,345,3
78,2321,2
78,39,1
78,357,1
78,1871,2
78,235,1
78,1188,3
78,1,2
78,745,3
78,1265,1
78,568,4
78,2396,2
78,2858,3
78,1446,4
78,1734,3
78,34,1
78,2997,1
78,2324,3
78,1537,4
78,2289,2
78,3114,4
78,2599,2
78,1030,4
78,919,1
78,3159,3
78,3545,2
78,1031,4
1051,3408,2
1051,229,3
1051,839,2
1051,2881,2
710,3392,1
710,2374,2
710,3688,4
710,3388,1
710,2478,2
710,1091,3
710,3619,1
710,2245,1
710,2134,2
710,3087,3
710,2518,3
710,3591,1
710,3072,4
710,3760,3
710,2788,4
710,3363,4
710,3507,4
710,2078,1
710,3469,2
2962,3081,2
2022,3751,3
3113,1593,3
5279,3512,4
3113,1703,3
5279,3831,4
5279,3556,1
3113,605,3
3113,377,2
3113,46,2
3113,784,3
3113,1485,4
3113,186,2
3113,236,1
3425,3536,1
3425,3481,4
3425,3911,4
454,3020,1
531,3797,2
531,3785,1
531,3861,3
531,3821,1
531,648,3
531,3578,4
531,3793,4
531,3510,4
531,1997,3
531,3453,4
531,3299,2
531,3553,1
531,3565,4
531,3285,4
531,3409,3
1422,784,2
1422,586,1
531,3594,2
531,3513,4
531,3298,4
1422,231,3
531,3512,4
531,3556,4
531,3185,1
531,3598,2
1422,1646,2
1422,2375,1
1422,1614,4
531,3753,3
531,3916,4
531,3408,3
1422,585,1
1422,344,4
1422,1425,2
1422,500,3
1422,2002,1
1422,2241,1
1422,2416,1
1422,1409,2
1422,1020,3
1422,1135,3
1422,3812,2
1422,3524,2
1422,1042,4
1422,539,1
1422,1485,4
1422,838,3
1422,3189,2
1422,785,2
1422,2539,4
1422,2770,1
1422,1732,1
1422,367,3
1422,3253,2
1422,410,2
1422,1083,2
1422,2567,1
1422,3809,3
1422,141,4
1422,2110,3
1422,3263,2
33,1345,3
33,1885,3
33,1699,1
1422,1078,2
33,3546,2
33,1321,1
33,3639,2
33,1028,1
33,927,1
33,1653,1
33,2991,3
33,1982,2
33,1089,2
33,902,4
1422,1256,1
33,2716,4
33,1584,2
33,555,4
33,2398,1
33,349,2
33,2941,2
33,3062,3
33,2747,3
33,1343,4
33,2565,4
33,1175,1
33,1103,4
33,2915,4
33,2648,3
33,2268,4
33,2366,4
33,2118,4
33,1610,2
33,1246,2
33,910,4
33,17,3
33,1348,2
33,3169,2
33,293,1
33,47,4
33,1947,4
33,2664,1
33,3516,4
33,2951,3
33,1374,4
33,1393,2
33,2160,1
33,2947,4
33,1267,2
33,1296,1
33,1080,1
33,1955,3
33,150,2
33,2867,4
33,2918,1
33,2795,1
33,1784,3
33,1283,4
33,1333,1
33,2948,3
33,1222,4
33,3147,1
33,594,1
33,2080,1
33,50,1
33,2183,1
33,1678,4
33,1270,3
33,1945,3
33,2178,1
33,2638,4
33,2650,1
33,589,2
33,1258,2
33,3435,2
33,2637,4
33,1090,4
33,1200,3
33,3527,4
33,1946,2
33,3471,3
33,953,2
33,1300,4
33,1394,2
2478,599,1
33,2728,4
33,3498,3
33,1873,1
33,2871,2
33,3551,1
33,1249,1
33,2064,2
33,1304,3
33,912,2
33,1252,1
33,3599,3
33,907,1
33,923,3
33,1193,2
33,2660,2
33,1221,4
19,1573,2
19,198,3
19,1584,3
19,3701,3
19,2021,1
19,1301,2
19,1270,1
19,1097,4
19,1206,3
19,3471,4
1329,2478,2
195,2406,2
1329,3247,4
1329,3785,4
1329,1407,2
1329,1686,4
1329,2321,4
19,1265,1
19,356,3
19,3552,1
19,2423,4
19,2064,1
19,1188,2
19,1080,2
19,2599,1
1329,1753,4
1329,1079,4
19,1278,4
19,34,3
19,2324,4
1329,3884,2
1329,1092,2
19,1282,4
19,1022,1
19,2078,2
1329,1784,3
19,2080,3
19,1025,1
19,2687,1
19,2085,2
19,2089,3
19,2394,4
19,1029,4
19,596,3
19,2137,1
19,2081,1
19,588,2
19,2355,3
19,595,3
19,594,1
19,364,3
19,2096,3
19,2761,3
19,3213,2
19,2087,4
19,2139,1
19,720,2
19,1,4
19,741,1
19,3461,4
19,2103,2
19,2987,2
19,1073,4
19,919,1
1329,2023,4
19,592,4
19,940,1
19,1127,3
19,110,1
19,1200,2
19,858,4
19,1756,3
19,3264,4
19,2454,1
19,330,1
19,1339,2
19,842,4
19,1334,4
19,1327,4
19,2710,3
19,1645,1
19,3930,2
19,1340,1
19,2633,4
19,2746,3
19,1345,2
19,3081,3
19,1982,3
19,3928,2
19,2644,4
19,1321,2
19,2455,3
19,1994,4
19,2160,3
19,1387,2
19,1997,1
19,2647,1
19,2648,2
19,2638,4
19,1219,3
19,1258,4
19,2646,2
19,2790,2
19,2789,1
19,1350,1
19,3863,3
173,3788,2
173,2208,4
173,1913,1
173,906,3
173,3801,3
173,931,2
173,1964,1
173,800,1
173,1950,4
173,950,4
173,1252,1
173,903,4
173,1284,2
173,924,2
173,913,2
173,1212,4
173,1617,2
173,3730,2
173,904,4
19,1650,3
19,17,2
19,1307,2
19,3176,3
19,2195,2
19,1753,1
19,2700,3
19,47,1
19,2860,2
5387,3948,1
1500,3949,1
714,3616,4
714,1997,4
1451,2921,3
1451,587,2
1451,849,2
1451,1126,1
1451,354,4
1451,1883,1
1451,3552,4
1451,836,1
1451,2753,4
1451,3107,3
1448,2719,1
3410,1994,2
3410,3125,1
3410,2840,2
3410,2692,4
3410,3903,3
1655,750,1
1655,2502,3
1655,2997,2
1448,3051,4
737,3108,4
1448,2757,3
366,1007,1
366,3494,3
366,1209,2
366,3671,4
366,3508,4
366,2922,3
366,1283,2
366,2088,1
366,2054,1
4386,3536,1
366,3927,4
366,3168,1
366,368,4
366,3384,4
366,1954,4
366,2991,3
366,2993,2
366,3633,2
366,2947,1
366,1287,3
366,858,4
366,2951,2
366,2524,2
366,1013,3
366,3528,2
366,2420,2
366,2520,3
366,86,4
366,350,1
366,3167,3
366,1784,1
366,1124,2
366,3271,1
366,3526,3
366,2069,2
366,1096,2
366,1084,3
1449,3555,2
366,2352,3
1449,2427,2
366,1103,1
366,3201,2
366,3095,4
366,1945,3
366,1225,2
366,3469,3
2451,648,3
366,1183,1
2451,2722,3
366,2067,4
366,1256,1
366,3196,3
366,1196,2
366,3062,1
366,1294,2
366,1233,1
366,246,2
518,199,3
518,1307,3
518,1357,1
518,1150,1
518,1198,3
518,3499,2
518,2501,3
518,1678,2
518,1617,2
518,2948,1
518,2020,1
518,2949,1
518,1304,1
518,1250,3
518,161,1
518,412,2
518,1354,2
518,1333,4
518,1097,3
518,2943,3
518,1036,1
518,3169,1
518,953,1
518,1641,3
518,3512,3
518,1035,4
518,2068,1
518,1940,4
518,3148,4
518,1258,3
518,2243,2
518,933,1
518,1960,4
518,3668,1
518,2019,3
518,2731,1
518,916,2
518,902,1
518,2289,3
518,1287,2
518,3296,4
518,2067,1
518,1277,1
518,920,2
518,1094,4
518,1949,3
518,1545,2
518,908,2
518,1249,3
518,30,4
518,1296,2
518,2728,4
518,608,1
518,3521,2
518,903,1
518,2324,4
518,2969,2
518,1537,1
518,1172,4
518,1280,3
518,1299,3
1426,3082,4
518,2396,3
518,2664,2
518,912,2
518,1704,1
518,2820,2
518,1104,3
518,593,2
518,1225,3
116,788,4
518,1207,1
116,2005,4
116,367,1
116,2021,1
116,2105,2
116,317,2
116,2100,3
518,318,2
518,527,2
116,2161,1
116,1073,2
116,1967,3
116,2140,1
116,2968,1
116,1019,2
518,154,3
116,260,3
116,2174,3
116,3479,1
116,2453,3
116,1097,1
1426,1438,1
1426,2338,4
1426,196,2
1426,1909,1
1426,1252,3
1426,2053,3
1426,1917,2
1426,3702,1
1426,2011,1
1426,3527,2
1426,3703,1
1426,1127,2
2063,2842,1
2063,3864,2
2962,1735,4
2962,2615,3
2962,3301,2
2962,3555,2
2962,3623,1
2962,3324,3
2962,1271,1
4802,3570,3
4107,3452,4
4107,3409,1
4107,3623,3
4107,3535,3
4107,3863,2
4107,608,2
4277,2844,3
4277,3861,3
4277,3879,1
4277,3744,2
4465,3083,1
169,2587,2
169,1411,3
169,3117,2
1748,3447,1
1748,2743,2
1748,2691,1
1317,3593,2
1317,1812,4
911,3786,1
355,2640,1
355,3033,4
355,2393,2
355,1019,3
355,3527,2
355,1127,1
355,2140,2
355,2662,3
355,1097,3
355,1270,4
355,3471,4
355,1210,4
355,1240,3
355,924,2
355,260,2
355,2571,4
355,1196,4
355,2734,4
242,2670,4
1739,1610,3
1739,1358,3
4126,71,2
4126,2710,1
4126,1608,1
150,2599,2
5653,3831,4
2895,3863,4
2944,1446,1
2944,2997,4
2944,1259,3
2944,1276,3
2944,2064,2
2944,955,4
2944,916,1
2944,1148,1
2944,2788,3
201,3556,2
1451,3556,4
4791,1089,4
4791,1204,1
4791,1275,4
4791,3101,4
153,1760,1
153,2907,2
153,2762,2
153,569,4
153,2700,4
153,3646,4
153,2694,2
153,2959,4
195,1233,4
3971,1312,1
4708,3740,1
4708,1270,4
4708,2555,2
5539,2174,2
5539,1093,3
5539,1088,4
5539,3675,1
5539,1380,2
5539,2078,1
5539,1951,2
5539,3599,3
5539,3606,4
3512,1438,1
3512,2617,2
366,1235,4
366,673,3
366,2,1
366,3489,2
366,1608,2
366,2707,4
366,733,4
366,1573,4
366,2346,2
366,454,2
366,2287,4
366,349,2
366,1610,1
366,2871,2
366,47,1
366,457,4
774,3831,1
366,1252,4
366,1409,4
366,1569,3
366,1088,1
366,440,1
366,1959,1
5602,3897,3
5602,3783,3
5602,3952,4
5602,3948,2
366,356,3
366,902,1
5602,3851,3
366,2100,2
5602,3911,3
366,3244,1
366,1265,4
366,2396,4
366,899,3
366,2969,4
366,674,3
366,1544,3
366,2530,2
366,780,4
366,2454,4
366,3033,2
366,1876,2
366,2105,4
366,3827,4
366,2012,4
366,480,2
366,2094,3
366,968,2
1422,2759,2
1422,2321,4
366,1334,4
1422,2124,1
3224,77,2
1422,3873,3
366,2968,2
366,2529,1
3224,945,1
1422,1883,1
1422,1923,3
1422,1641,1
1422,2359,1
1422,3424,4
366,2664,3
366,1200,4
366,1077,2
366,1097,1
366,3527,3
366,1214,4
366,1206,4
366,260,4
2454,3286,2
2454,2100,2
1422,1005,3
1422,355,4
1422,575,1
1422,1021,3
1422,2091,4
1422,317,3
1422,2846,2
1422,711,4
1422,1592,2
1422,3345,4
1422,2052,1
1422,2083,4
1422,1367,2
1422,1013,3
1422,1713,2
1422,2384,1
1422,2400,4
1422,1016,1
1422,551,3
1422,3157,3
1422,1919,4
1422,1012,4
1422,1547,2
1422,239,3
1422,48,1
1422,3054,1
1422,2142,2
1422,2123,3
1019,3559,1
1422,1920,2
1422,1064,4
1422,13,3
1422,2090,1
1422,616,3
1422,2687,3
1422,1566,4
1422,1024,1
1422,2085,1
1422,661,4
1422,2294,4
1422,783,1
1422,2089,3
1422,588,2
1422,1022,1
1422,3034,2
1422,1032,3
1422,2355,3
1422,2137,4
1422,364,1
1422,2087,4
1019,1665,3
1422,2018,3
1422,1025,4
1422,1029,2
1019,413,4
1422,596,4
1422,1023,3
1422,595,3
1422,594,2
1422,2096,3
1422,2857,2
1422,2139,2
1422,3213,1
1019,2683,4
1019,231,2
1019,970,3
1422,2537,2
1019,1701,2
1019,2770,3
1019,3618,1
1019,440,2
1019,937,3
1019,1914,1
1422,1806,3
1422,736,4
1422,3489,1
1019,1641,1
1019,915,1
1422,1009,2
1422,2057,2
1422,1848,1
1019,3012,4
1422,1015,1
1422,1030,3
1422,158,1
1019,3632,3
1019,3911,4
1019,3532,2
1422,3672,2
1422,2,2
1422,2005,2
1422,2043,1
1422,1031,3
1422,3036,3
1422,1017,4
1422,2099,4
1422,590,3
1422,2077,1
1422,952,2
1422,3494,4
1422,3168,4
1422,1129,2
1422,2987,1
1422,986,3
1422,919,3
1422,2871,3
1422,1204,3
1422,1262,4
1422,2720,4
1422,2404,4
1422,2402,3
1422,1562,2
1422,1499,2
1422,688,2
1422,2373,3
1422,153,4
1422,466,3
23,659,1
23,911,3
23,3256,2
23,2176,2
23,3510,1
23,16,2
23,2871,1
23,3505,3
23,377,4
23,1343,1
23,1407,2
1422,95,4
1422,2616,3
23,1625,4
23,319,2
23,3044,3
23,2118,2
23,1269,1
23,161,2
23,2554,3
23,3551,1
23,3101,4
23,2202,4
23,1994,3
23,1674,2
1422,3082,4
1422,1754,1
1422,1377,3
1422,1552,1
1422,3623,2
1422,2617,3
23,1267,2
23,3420,3
23,1036,3
23,1610,3
1422,10,3
1422,733,1
1422,3256,4
23,2762,1
23,111,4
23,457,1
23,3147,2
23,1218,4
23,3634,2
1422,3633,4
1422,2993,1
1422,349,4
23,1219,2
23,904,2
23,903,3
23,1212,3
23,1252,1
23,187,4
23,2390,3
23,2384,3
1422,2948,3
1422,474,4
1422,2949,1
23,1243,3
23,2108,4
23,1747,4
23,348,1
23,3358,4
23,3108,2
23,52,4
1422,1287,4
1422,2951,1
1422,2947,3
1422,1201,1
1422,1610,2
1422,2944,4
23,3253,3
23,2502,4
23,2395,1
23,1517,1
23,45,4
23,1885,2
23,3809,3
23,357,3
23,3266,2
23,1845,4
23,125,4
23,235,4
23,11,1
23,39,4
23,2355,2
23,21,2
23,2599,4
23,1060,4
23,1188,2
23,2289,4
23,1265,1
23,1784,3
23,34,3
23,2396,1
23,2997,4
2070,2501,3
2070,1888,2
23,3638,2
23,2091,1
23,2530,1
23,2722,4
23,674,1
23,2322,2
23,1544,3
23,316,3
23,671,1
23,3698,1
23,2808,3
23,1690,1
23,2012,3
23,2009,2
23,3474,4
23,3300,2
23,3032,1
23,2533,2
23,2393,1
23,1306,1
23,748,4
23,2528,3
23,2311,1
23,1876,2
23,442,4
23,3770,4
23,329,1
23,2117,4
23,2011,1
23,2699,2
23,1372,3
23,780,4
23,1320,4
23,1375,3
23,2600,2
23,2628,1
23,1396,2
23,3070,3
23,76,4
23,1909,4
23,198,2
23,2454,3
23,1129,1
23,1573,4
23,1356,2
23,2527,3
23,968,4
23,1376,3
23,3702,2
23,2640,1
23,610,1
23,1580,4
23,2288,1
23,1676,1
23,3700,4
23,2407,3
23,2901,1
23,1527,2
23,1127,3
23,32,1
23,2455,2
23,1653,1
23,1215,3
23,3175,2
23,1965,3
23,3527,1
23,29,3
23,3576,4
23,1748,4
23,2529,4
23,1584,2
23,2916,3
23,3699,4
23,541,4
23,2571,4
23,3703,1
23,1206,4
23,480,1
23,1077,3
23,2553,2
23,1200,4
23,3471,2
23,3503,4
23,1214,1
23,924,2
23,1240,1
23,1199,2
23,589,1
23,1196,3
23,750,4
23,2761,4
23,1274,4
23,595,4
23,1,2
23,1148,4
23,745,1
23,1223,3
23,720,2
366,3181,1
23,2064,2
23,556,2
23,162,3
23,1189,3
23,3338,2
23,3701,2
23,2542,3
23,1729,3
23,2952,2
23,3763,2
23,2000,4
23,2278,1
23,1805,4
23,3741,3
23,1500,3
23,1645,3
23,521,4
23,2985,3
23,3104,4
23,2912,3
23,2511,3
23,431,4
23,1912,1
23,2391,1
23,592,2
23,555,3
23,1179,4
23,2917,1
23,2268,2
23,1248,3
23,293,4
23,493,3
23,6,3
23,3521,2
23,1227,2
23,1089,1
23,866,2
23,1953,3
23,3265,3
23,1234,3
23,2692,1
23,1617,4
23,2726,3
23,3435,1
23,1213,2
23,858,4
23,296,3
23,1313,2
23,608,1
23,50,4
23,1221,1
23,2253,3
23,3877,2
23,788,3
23,60,4
23,3489,1
23,2021,2
23,2193,1
23,1967,2
23,2,3
23,2054,2
23,1009,2
23,2140,3
23,2005,4
23,317,4
23,2174,4
23,2105,2
23,2797,1
23,2968,2
23,2100,1
23,3479,4
23,1073,2
23,3920,3
23,1019,2
23,2872,4
23,1097,4
23,260,3
23,367,1
23,3952,1
23,2241,3
23,648,2
23,70,1
23,661,3
3908,3794,4
3908,3751,4
23,3618,3
23,2657,2
23,3786,1
23,3507,3
23,3793,1
23,551,1
23,3624,4
23,47,4
23,2160,2
23,2948,2
23,1171,3
23,951,3
23,3578,1
23,1997,2
23,3751,4
23,3000,3
23,1249,3
23,3556,3
23,2858,1
1546,2889,3
1556,3596,4
1421,3148,3
1421,3429,4
1426,2422,1
1426,2816,4
1426,2642,4
1426,208,2
1426,1379,3
1426,3020,4
1426,1597,4
1426,1378,4
1426,2406,4
1426,3704,4
1426,1101,3
1426,2641,4
1426,1387,3
1426,2948,2
442,2100,3
442,3591,2
442,3040,4
442,1387,3
442,474,2
442,3361,2
442,2174,2
442,2124,4
442,2371,3
442,2700,4
442,345,3
442,222,1
442,2140,1
442,52,2
442,587,2
442,357,4
442,1834,1
442,2985,3
442,3252,1
442,2423,3
442,616,4
442,3267,3
442,1633,2
442,628,3
442,1648,1
3624,1479,4
3624,1676,1
3624,1377,2
3624,1608,1
3624,1792,2
3624,1586,3
442,3255,4
442,2261,3
3624,1616,4
3624,1552,2
442,3917,1
3624,2023,4
3624,2617,3
3624,748,3
442,1012,4
3624,353,4
3624,380,2
3624,288,2
3624,733,4
3624,3107,1
3624,1370,4
3624,1722,3
3624,10,4
442,2278,4
3624,349,1
3624,494,4
3624,555,2
3624,3256,4
3624,21,3
442,493,1
3624,377,1
442,1186,2
442,2109,4
442,1370,2
442,2090,2
442,2797,1
442,2302,1
442,2640,4
442,3527,4
442,3175,1
442,562,2
4823,3794,4
442,3039,4
442,2571,1
442,1094,3
442,1374,3
442,1073,4
442,1356,1
442,2926,2
442,1954,3
442,125,1
442,1376,1
442,1966,3
442,2096,4
442,3702,3
442,1029,4
442,72,2
442,1645,4
442,2310,2
442,1827,2
442,1271,2
442,1036,4
442,1994,3
442,3480,2
442,1584,1
442,104,3
442,3358,3
442,1097,3
442,1257,3
442,3526,2
442,1610,2
442,3499,3
442,1333,4
442,1517,4
442,1307,4
442,3728,4
442,1200,1
442,2268,2
442,2968,1
442,915,1
442,3360,2
442,2391,1
442,2359,3
442,2987,1
442,590,2
442,1594,2
442,1059,3
442,3608,2
442,1961,1
442,3347,1
442,3566,2
442,1484,1
442,1962,1
442,3793,3
442,1302,4
442,2144,3
442,1500,1
442,1678,3
442,110,3
442,1266,3
442,1285,4
442,3703,2
442,2949,1
442,3578,3
442,3668,4
442,800,4
442,2944,3
442,1089,3
442,3498,4
442,1968,1
442,2871,1
442,778,1
442,150,1
442,1288,2
442,2692,2
442,1258,2
442,589,3
442,246,1
442,260,2
442,1283,2
442,1941,1
3057,3821,4
3057,648,1
3057,3753,1
3057,3793,4
442,924,3
442,1704,1
3057,3159,3
3057,1997,3
442,467,4
442,2908,2
1219,3114,1
442,1358,3
411,2950,1
442,1953,1
1219,2328,3
442,1080,3
442,900,2
3057,3785,3
411,3392,4
442,899,1
442,919,3
442,2396,2
1219,2514,4
3057,3751,4
1219,724,4
442,2997,3
442,1242,4
442,1299,1
442,1247,2
411,3385,4
411,2642,1
442,318,4
411,3387,4
411,2408,3
442,265,4
1219,1690,1
1219,1320,1
1219,2167,2
411,2471,4
442,2028,4
1219,1339,2
1219,1771,3
442,2324,2
411,2410,4
411,1373,4
411,2717,1
411,2375,3
1219,3264,2
442,1931,3
442,50,2
1219,1215,1
1219,799,4
411,2792,1
411,3388,4
411,1587,3
442,1207,3
442,1617,2
411,3251,1
411,3501,3
411,3525,1
411,2418,4
411,1135,3
411,2752,4
411,2110,4
411,2146,3
411,2021,2
411,2054,4
411,3591,2
411,2474,2
411,2011,3
411,2470,1
411,2641,4
411,2141,1
411,1347,2
411,2115,2
411,2989,4
411,2407,3
411,1375,3
411,3448,1
411,1124,4
411,2240,4
411,2736,4
411,2423,3
411,2245,3
411,3422,3
411,2371,2
411,1958,3
411,2161,4
411,3684,2
411,3094,2
411,3101,3
411,1395,2
411,3608,3
411,3197,3
411,2150,4
411,1081,4
411,1663,4
411,2247,3
411,2081,4
411,1295,2
411,2174,3
411,2968,2
411,1220,4
411,2926,1
411,2068,3
411,3526,2
411,2069,1
411,2312,2
411,2919,4
411,2144,4
411,2791,4
411,1374,4
411,1376,1
411,2467,3
411,3552,2
411,3039,3
411,1962,1
411,1302,2
411,3360,3
411,1246,2
411,1186,2
411,1961,3
411,3104,3
411,2797,2
411,1968,1
411,2463,1
411,2872,4
411,1965,3
411,2000,2
411,3098,1
411,3361,1
411,1132,2
411,1185,2
411,2076,3
411,1231,1
411,1097,4
411,1291,4
411,2352,2
411,3072,1
411,1960,1
411,1957,2
411,1259,1
411,1079,2
411,3068,1
411,2064,1
411,2804,1
411,2973,3
411,1036,3
411,1293,3
411,3819,3
411,1198,1
411,1225,3
411,1224,2
411,2367,1
411,2533,2
411,2459,4
411,2524,3
411,2409,1
411,1327,3
411,3032,4
411,3506,2
411,2520,4
1218,2083,3
1218,1099,3
411,1371,4
411,2657,1
411,1194,3
411,2346,1
411,3807,1
411,2109,3
411,2877,3
411,3638,1
411,3244,1
411,2009,4
411,1345,2
411,2991,2
411,2640,3
411,3194,4
411,2779,1
411,3074,4
411,3682,2
411,1125,3
411,3771,3
411,3812,2
411,1954,2
411,3471,3
411,1078,2
411,3363,1
411,3671,1
411,3724,2
411,1292,1
411,3359,4
411,1955,1
411,3635,3
411,3421,2
411,3498,2
411,1272,3
411,2730,3
411,2871,4
411,1997,2
411,3167,2
411,1387,4
411,1077,3
411,1234,2
411,3545,4
411,2971,2
411,1080,3
411,3198,3
411,3504,1
411,1235,4
411,1278,4
411,3735,3
411,1206,2
411,3152,4
411,1193,3
411,260,3
411,1136,4
411,858,3
411,1294,1
411,1252,2
411,1221,4
411,3362,3
411,3922,2
411,2136,2
411,2017,2
411,1018,3
411,2179,3
411,3600,1
411,2098,2
411,2180,2
411,1014,3
411,1010,3
411,3076,2
411,2079,1
411,2135,2
411,674,4
411,3604,1
411,3633,3
411,3494,1
411,3451,1
411,1083,1
411,2529,3
411,1017,3
411,3028,4
411,2870,3
411,1013,2
411,3873,1
411,3350,2
411,3330,2
411,1951,1
411,2993,1
411,2747,2
411,3461,3
411,2015,4
411,3788,2
411,3011,4
411,1333,1
411,3927,3
411,1028,3
411,3668,3
411,2947,4
411,2944,3
411,3296,3
411,1035,1
411,2067,3
411,1948,1
411,3507,3
411,2951,3
411,1201,4
411,2946,3
411,2132,2
411,924,1
411,1276,1
411,2948,2
411,1084,4
411,2863,1
411,1952,4
411,1304,1
411,1219,4
411,750,4
411,1207,4
411,1247,3
411,2840,3
411,1513,1
411,2598,4
411,2013,1
411,3606,3
611,3408,4
411,2585,3
411,2333,3
411,2694,3
2106,2600,3
4386,3408,2
4386,3755,4
195,518,1
1448,3717,2
1448,3646,3
1448,2312,2
195,2324,3
195,2986,1
195,1682,1
1748,3507,4
1748,1997,4
1120,3072,3
1733,2712,4
1733,924,2
2453,1792,4
2453,217,1
2453,1833,2
2453,1407,1
2453,861,2
2453,280,3
2453,832,1
2453,163,2
2453,3476,2
2453,247,2
2453,587,4
2453,3835,2
2453,282,1
2453,356,1
2453,422,4
2453,2671,4
2453,2805,2
1671,2759,4
2453,1233,1
2453,1727,2
2453,3534,4
2453,2183,1
2453,2126,2
2453,1913,4
2453,1522,4
2453,1952,2
169,597,2
2176,904,3
3112,3476,4
3112,2012,1
3112,2011,2
3112,592,1
3112,3019,1
3112,3178,4
3112,1084,4
3112,1644,2
3112,2338,1
3112,2413,3
3112,1464,2
3112,648,1
3112,164,1
3112,3386,4
3112,1645,4
3112,903,1
3112,1625,2
3112,308,1
3112,307,2
3112,1257,2
3112,3536,2
195,2314,4
3143,3819,1
3143,1223,1
3143,1148,4
3143,1307,2
3143,2067,2
3143,914,4
3143,1947,3
3143,911,2
3143,916,1
3143,1247,4
3792,3751,1
3143,3948,4
3143,3952,1
3768,3556,3
3768,3298,4
248,3863,2
248,3755,2
248,3510,3
248,3300,4
248,1997,2
48,3051,3
1338,1240,2
1165,750,2
1338,2013,3
1338,1825,4
1338,3536,4
1338,3481,2
1338,474,3
1338,2333,3
1338,1095,2
1338,1079,1
1338,3763,1
1338,2707,4
4802,1550,2
1338,1483,2
4802,517,1
4802,2353,1
4802,1396,3
4802,1077,1
4802,1912,4
1338,1129,2
1338,551,1
1338,1466,1
1338,1997,2
1338,1249,2
1338,47,2
1338,1250,4
4802,3928,4
319,1977,3
319,3799,1
319,3864,4
319,891,4
319,3793,3
319,3175,1
319,3421,1
319,1214,1
319,2572,3
319,3555,2
319,3755,2
319,3481,1
319,3578,3
2071,2312,1
2071,3717,4
2071,3483,3
2071,3513,1
2071,1997,1
2282,333,3
2282,2002,2
2282,3263,3
2282,1665,2
2282,788,3
2282,1614,3
2282,2431,3
2282,231,3
2282,3156,1
2282,2124,4
2282,471,2
2282,1379,3
2282,520,3
2282,2012,3
2282,344,1
2282,420,4
2282,267,1
2282,2249,3
2282,2424,1
2282,7,4
2282,2108,4
2282,1485,3
2282,852,4
2282,1777,2
2282,1883,2
2282,380,3
2282,2671,3
2282,104,4
2282,2384,2
2282,587,1
2282,539,2
2282,2302,4
2820,3539,2
2282,597,2
2282,500,1
2282,1923,2
2282,2321,1
2282,1265,3
2282,1870,2
2282,2807,4
2282,2701,1
2282,694,3
2282,2412,4
2282,502,4
2820,1945,2
2282,1499,3
2282,3697,1
2282,1772,1
2282,849,3
2282,3257,2
2282,688,1
2820,978,2
2282,1552,4
2282,434,4
403,3594,4
2282,208,4
403,3751,1
2282,3841,2
2282,2094,4
2282,1918,2
2282,1627,3
2282,1586,2
2282,2616,1
2282,153,3
2282,1391,3
2282,736,1
2282,353,1
403,3513,2
2820,2188,2
2282,786,2
2820,1798,4
403,3148,1
2820,2504,3
2282,1429,1
2282,1792,2
2820,2060,1
2820,2548,4
2282,552,2
2282,368,3
2282,165,2
2282,3107,1
2282,3256,1
2820,3113,4
2282,1573,3
2282,292,4
2282,10,2
2282,21,1
2282,288,1
2282,387,2
2282,733,1
2282,2058,2
2282,1370,1
2282,1608,3
2282,2006,1
2282,1408,3
2820,2428,4
2282,861,4
2282,1610,4
2282,3418,4
2282,110,3
2282,457,3
2820,3161,1
2282,1358,1
2282,34,3
2820,332,3
2820,1603,1
2282,1393,4
2820,2723,4
2282,1704,1
2820,2167,2
2282,678,3
2282,3147,4
2820,1836,1
2820,1093,3
2820,1191,3
2820,454,2
2282,2028,1
2282,593,4
2820,3052,2
2820,1650,4
2820,3174,1
2282,318,1
743,3861,1
743,3512,4
743,1997,4
2820,2600,3
2282,2126,4
2282,1422,3
2282,2875,4
2282,164,3
2282,648,1
2282,1732,1
2282,3176,1
2820,2702,4
2820,806,3
2282,350,3
2282,800,3
2282,1617,3
2282,3898,1
2282,3946,3
2820,1667,3
2820,417,3
2282,3755,4
2820,3175,2
2282,3555,2
2282,3744,2
2282,3623,3
2282,3753,2
2282,3578,3
2282,3821,1
2282,3752,4
2282,3324,2
2820,2542,3
2820,1966,4
2820,39,3
2820,164,1
1882,2841,4
2282,880,2
2820,714,3
2282,2365,4
2282,2053,2
2282,1037,3
2282,2525,4
2282,435,4
2282,379,4
1958,3185,4
2820,527,1
2282,2808,3
2282,3698,1
2282,2986,3
2282,3926,4
2282,2699,1
2282,1544,4
201,2865,2
2282,3070,2
2282,1909,2
2282,1876,4
2282,3826,4
2282,2454,3
2282,2641,2
2282,2668,1
2282,2657,2
2282,316,1
2282,2011,3
2282,3702,1
2282,780,3
2820,3793,3
2820,3535,3
2282,1580,3
1958,3617,2
2282,2985,1
2282,1129,2
2282,2455,4
2282,2363,2
4802,2858,2
2282,3527,3
2282,2640,4
2282,1127,1
2282,2916,4
2282,2288,2
2282,2529,1
2282,480,3
2282,589,2
2282,1240,2
2282,1253,1
2282,924,1
2282,3699,2
2282,1750,3
2282,750,2
2282,1196,3
2282,1270,4
2282,541,3
2878,3456,1
2878,3148,1
4543,3180,2
4107,3717,3
4107,3300,2
4107,3753,3
4107,3578,1
987,3260,2
1952,3115,4
65,3409,2
1202,1912,3
1202,1222,2
1202,1242,2
1202,3250,3
710,2735,1
710,2471,3
692,2027,4
692,1647,3
692,2568,2
692,153,2
692,1377,3
692,3247,2
692,999,2
692,2000,3
692,592,2
692,2580,1
692,1367,2
692,2054,4
692,262,1
692,1012,3
692,2018,3
692,1590,2
692,79,2
692,798,3
692,3826,1
692,880,3
692,415,3
692,3705,3
692,1037,3
692,1833,2
692,1438,1
692,18,4
692,3557,4
692,2605,3
692,1603,4
692,2505,3
692,23,4
25,3798,1
5653,3916,3
25,3745,1
5653,3535,2
25,3174,4
692,1658,1
692,1515,2
692,1479,4
692,3082,3
692,2722,3
692,2263,4
692,1422,3
692,2126,4
5653,3948,2
25,3175,1
25,1639,4
25,2804,3
25,3751,4
25,2541,4
25,588,3
692,2110,3
692,2881,4
692,257,2
692,3015,2
692,2803,3
692,3219,2
692,100,4
692,1754,2
692,1459,2
692,3686,1
692,1597,2
692,2490,2
692,280,1
692,861,3
692,587,3
692,1722,1
692,1092,4
692,482,2
692,521,2
692,1615,2
692,3505,2
692,494,4
692,3420,2
692,3005,4
692,1892,2
692,832,3
692,1909,3
692,2841,2
692,1518,3
692,1343,1
692,2118,3
26,2683,1
692,474,3
692,2871,4
692,2404,2
692,2402,4
26,1784,2
26,2262,4
692,368,1
710,1359,2
710,434,1
710,1382,4
710,548,3
710,360,4
710,1833,3
710,423,2
710,3274,1
710,3107,2
710,1954,1
2106,3238,4
710,3840,2
710,2003,4
710,1347,2
710,1982,3
710,968,4
710,720,4
710,2253,1
1219,1061,4
1219,22,4
1219,1805,3
1219,464,1
1219,1396,2
1219,3247,2
1219,112,3
1219,1912,3
1219,2268,3
1219,1179,4
1219,1500,3
710,647,2
710,969,2
710,1217,3
710,1294,1
710,920,2
710,2469,3
710,3524,3
710,1286,2
710,1296,3
710,2020,2
3591,1225,4
3591,1196,2
3591,260,4
3591,1221,2
3591,750,4
3591,3556,1
710,3672,2
710,616,2
710,2085,1
710,2099,2
710,3034,2
710,1029,4
710,3396,3
710,2137,2
710,596,4
710,2018,3
710,2080,3
1317,3821,4
692,3461,2
692,1954,4
692,1387,4
692,2535,2
692,3702,1
692,2409,1
692,2948,1
75,924,3
692,720,4
692,2746,3
692,1220,3
692,1028,3
692,919,2
5312,3481,4
5312,3948,1
692,2793,3
692,3499,1
692,1717,4
692,2428,1
692,532,2
692,3273,3
692,3301,1
692,3298,1
692,3317,4
710,708,4
2895,3617,4
2895,3896,1
710,605,1
710,3261,1
710,2088,4
710,2877,4
710,1028,4
710,2081,3
710,346,4
710,2300,2
710,2659,4
710,2693,3
710,2802,4
710,2121,2
710,3708,2
710,3835,4
710,1647,4
710,3063,3
710,836,4
710,132,1
710,1422,3
710,882,1
710,3557,3
710,3686,3
710,225,1
710,1615,4
710,3219,4
710,474,1
710,454,1
710,2901,1
710,2528,4
710,3701,2
710,2377,3
710,3770,2
710,1306,1
692,191,2
692,640,3
692,1003,3
692,1726,3
1426,3755,3
692,436,1
692,2688,3
692,3262,1
692,31,1
692,1876,3
692,2316,4
692,627,3
692,1589,3
692,253,4
692,1660,4
692,3426,1
692,2702,1
692,2712,4
692,491,4
692,230,3
692,194,2
692,1611,4
692,1810,2
692,475,4
692,1711,1
692,508,2
692,1916,2
692,1476,2
692,1635,2
692,805,2
692,2844,4
692,1648,3
692,1542,1
692,272,2
692,25,2
692,1747,3
692,1404,1
692,3386,4
692,2112,4
692,3176,4
692,1480,1
692,222,2
692,1271,3
692,45,3
692,1061,2
692,11,1
692,1392,3
692,538,1
692,3105,1
692,412,1
692,62,4
692,2166,3
692,454,3
692,778,2
692,3255,2
692,36,2
692,300,3
692,1633,1
692,477,1
692,1393,1
692,1307,2
692,2144,1
692,1594,2
692,917,3
692,1719,4
692,2716,3
692,2313,1
692,2243,3
692,3733,2
692,1962,3
692,1840,4
692,235,1
692,1653,4
692,3526,1
692,2336,1
692,2248,2
692,2395,4
692,2150,3
692,1079,2
692,150,2
3773,3515,3
3773,3536,3
3773,3188,4
3773,3911,4
692,337,2
692,1206,4
692,2302,2
692,1704,2
692,994,3
692,3703,1
692,678,1
692,1950,3
692,953,1
692,2959,3
692,1231,4
692,2064,4
692,1678,1
692,1694,1
692,3361,3
692,1207,4
692,2686,3
987,2012,1
692,1779,3
692,736,2
987,1885,3
692,1894,3
692,10,3
692,340,1
692,2389,4
692,22,3
692,3764,1
692,1918,3
692,2001,1
692,2280,4
692,164,4
692,1732,3
692,1620,2
692,2231,1
692,2952,4
692,1396,2
692,1500,3
692,1213,3
692,2268,2
3471,3751,4
3471,3790,1
3471,3745,3
3471,3863,3
3471,3512,4
2376,2395,1
2376,3317,3
2376,3753,1
3473,3915,1
3473,3897,4
3473,2763,2
3473,2575,3
4126,3717,1
4816,3821,2
4816,3623,2
4816,3536,1
4816,3744,4
4816,3624,2
4816,3751,4
2050,17,3
2050,2708,4
2050,3097,1
2050,3821,2
2050,3785,2
2050,3618,2
2050,3863,2
2050,3624,1
15,3510,1
2380,3510,1
2380,3286,2
2116,3618,4
2116,1997,1
1834,3286,2
1834,3555,4
1834,3578,2
1834,3753,3
1834,3751,4
1834,3510,1
3219,3948,3
3219,3861,1
3219,2987,1
3219,2701,1
3219,3565,1
3219,2763,4
3219,2907,2
3219,2700,4
3219,2961,2
3219,2840,3
3219,2724,2
3219,2762,1
3219,1513,4
3219,2906,4
3219,2394,1
3219,2574,3
3219,3753,1
3219,2502,3
3219,3623,4
3219,2723,4
3219,2805,1
3219,2676,4
3219,2713,2
3219,2690,1
3219,2716,2
3219,3510,2
3219,2688,3
3219,2861,2
3219,3409,2
3219,2959,2
3219,2881,2
3219,2541,3
3219,2908,4
3219,2355,3
3219,3285,4
3219,3298,2
3219,2710,2
3219,2975,4
3219,2683,1
3219,2555,2
3219,2827,4
3219,1127,4
3219,3534,1
3219,2706,4
3219,2572,1
5948,3148,4
2232,266,3
2232,1466,2
2232,490,1
2232,3618,2
2232,3507,3
2232,47,1
2232,2948,4
2232,3578,3
2232,2348,4
2232,1997,2
2232,2160,3
2232,1249,4
2232,1057,4
2232,1380,3
2232,1088,4
2232,783,1
2232,3759,2
2232,1566,3
2232,2394,2
2232,2081,1
2232,3725,2
2232,661,4
2232,2087,2
2232,2078,3
2232,2746,3
2232,1032,2
2232,938,1
2232,900,2
2232,1298,2
2232,364,4
2232,1035,1
2232,2096,2
2232,3159,1
2232,588,2
2232,1022,2
2232,914,4
2232,2080,1
2232,551,3
2232,1282,2
2232,595,4
2232,1947,1
2232,899,2
2232,919,4
2232,3793,3
2232,3763,1
2232,1275,4
2232,2406,4
2232,2949,1
2232,1356,1
2232,592,1
2232,457,2
2232,2194,3
2232,1222,2
2232,1036,4
2232,3104,1
2232,3404,3
2232,1954,3
2232,1953,2
2232,1387,2
2232,3153,1
2232,1912,2
2232,2947,4
2232,969,4
2232,858,3
2232,1221,1
2232,1198,3
2232,1304,2
2232,2775,4
2232,3897,1
737,2759,4
1356,260,4
1356,1199,2
1356,1206,4
1356,1240,1
1356,541,4
737,3068,1
1860,1225,4
1860,1732,1
1860,2278,3
1860,431,4
1860,1084,1
1860,1945,1
1860,3735,1
1860,2542,2
1860,608,1
1860,368,1
1860,3494,2
1860,3508,3
1860,3873,4
1860,3671,3
1860,2951,3
1860,3074,1
1860,2921,4
1860,2922,4
1860,2401,1
1860,3467,1
1860,3871,1
1860,3681,1
1860,1201,4
1860,1283,2
1860,750,3
1860,1097,3
1860,3471,4
1860,924,4
1860,3819,4
1860,2972,4
1860,3300,4
1860,3175,2
1860,380,2
1860,2406,1
1860,1566,2
1860,3479,4
1860,2640,2
1860,2116,1
1860,3699,2
1860,349,2
1860,1129,3
1860,2115,2
1860,2987,4
1860,1210,4
1860,1073,3
1860,592,4
1860,919,1
1860,1204,3
1860,1254,3
1860,590,3
1860,3361,3
1860,1270,1
1860,1294,4
1860,1307,4
1860,3037,4
1860,1234,3
1860,1276,2
1860,21,3
1860,1374,1
1860,3418,4
1860,2948,3
1860,474,2
1860,969,3
1860,1127,2
1860,2366,1
1860,2947,4
1860,1036,4
1860,1200,4
1860,2529,3
1860,1287,2
1860,1291,4
1860,1954,1
1860,1197,4
1860,1242,3
1860,2692,1
1860,1222,3
1860,1953,4
1860,1220,3
1860,1304,1
1860,1221,4
1860,1196,3
1860,1240,1
1860,3618,3
1860,3623,3
1860,3624,4
1860,3185,4
1860,3408,3
1860,3328,4
1860,3566,2
4005,3556,4
692,1175,3
710,1175,1
2688,3146,3
2688,3793,4
2544,1997,2
2544,60,1
2544,852,4
2544,3241,1
4005,3755,3
4126,2137,4
4126,539,1
4126,1835,2
4126,3614,4
4126,468,2
4126,252,2
4126,1777,4
4126,1339,3
4126,1059,4
4126,2006,3
4126,802,3
4126,1721,3
4126,1735,4
4126,11,1
4126,587,2
4126,1408,2
4126,356,2
4126,17,1
4126,1265,3
4126,249,4
4126,1393,2
4126,1266,4
2012,3785,3
2012,3793,1
2012,47,1
2012,3751,3
2012,3745,1
5250,2085,3
5250,1367,3
1958,3148,3
1958,3298,2
2092,3712,3
2092,2136,3
2092,901,4
2092,7,1
2092,1875,4
2092,2301,1
2092,2371,4
2092,1042,3
2092,3199,4
2092,1028,3
2092,588,3
2092,2295,2
2092,1958,1
2092,2124,1
2092,1285,3
2092,1171,4
44,2321,1
2092,3510,2
1865,3616,1
2092,3799,1
2092,3675,2
2092,1660,2
2092,2527,4
2092,3700,3
2092,3633,1
2092,3635,2
2092,1124,4
2092,3255,3
2092,1693,4
2092,2991,3
2092,1680,4
2092,52,1
2092,3044,1
2092,16,3
2092,3505,4
2092,3167,3
2092,428,2
2092,3256,3
2092,3368,3
2092,3375,3
2092,272,4
753,2907,3
2092,1302,1
2092,47,1
2092,1301,2
2092,3396,1
2092,2018,2
2092,535,3
2092,2069,4
2092,1913,4
2092,1682,2
2092,3769,4
2092,300,4
2092,2529,2
2092,914,3
2092,1282,4
2092,938,2
753,3755,4
2092,3496,3
2092,1584,3
2092,1125,4
2092,3476,3
2092,3728,2
2092,2183,1
2092,3105,1
2092,85,3
2092,36,3
2092,2852,2
2092,412,2
2092,1095,2
2092,1393,3
2092,2178,4
2092,3198,1
2092,2398,4
2092,1077,3
2092,1955,1
2092,2750,4
2092,2739,1
2092,334,3
2092,2290,1
2092,1961,3
2092,1957,2
2092,1187,1
2092,3788,2
2092,1096,2
2092,529,2
2092,3685,2
2092,25,4
2092,3379,2
2092,32,1
2092,2988,1
2092,3404,4
2092,2553,4
2092,953,4
2092,595,3
2092,1935,3
2092,2565,2
2092,3100,1
2092,898,3
2092,2096,4
2092,1253,4
2092,1940,3
2092,3152,4
2092,3471,2
2092,2932,3
2092,1674,2
2092,929,4
2092,1934,1
2092,456,4
2092,3347,3
2092,3466,3
2092,3738,1
2092,2087,2
2092,1305,3
2092,3406,3
2092,594,4
2092,3801,3
2092,150,2
2092,971,1
2092,994,3
2092,1333,2
2092,1206,3
2092,3011,1
2092,1419,4
2092,1704,1
2092,3365,3
2092,1201,2
2092,1938,4
2092,2660,3
2092,1180,1
2092,1199,4
2092,1265,4
2092,3135,3
2092,3201,3
1,2398,2
1,1197,4
1,594,1
2092,528,2
2092,3872,1
1,1029,4
1,2321,1
1,2791,4
1,3114,4
1,531,3
1,2918,3
1,661,1
1,2762,3
1,1246,2
1,1287,2
1,2797,1
1,914,4
1,1097,3
201,830,2
1,1028,3
1,150,3
1,2018,4
1,1035,4
1,1962,2
1,938,3
1,3105,2
1,2028,4
1,1961,2
1,2692,2
1,608,2
1,919,2
1,1193,1
1,260,3
1,720,4
1,1207,2
1,2804,3
1,3408,3
19,1090,1
19,2841,3
2,1544,3
2,1687,1
2,1917,1
2,434,3
1,1836,1
19,1717,1
19,1407,3
19,76,4
19,3273,3
19,2622,4
2,95,4
2,2126,3
2,292,3
1,2340,4
2,736,1
2,2002,1
2,3257,4
1,1721,2
1,1022,1
1,1270,3
2,1690,1
2,2628,4
2,442,1
2,1597,1
1,3186,3
2,2881,4
2,1801,2
2,368,1
2,165,4
2,459,4
2,3107,3
2,1385,1
2,2490,1
2,780,3
19,2716,1
19,2717,3
2,1372,4
2,1552,3
2,1792,1
19,2296,2
2,2427,3
2,648,3
19,2694,1
2,2278,4
2,1370,3
2,2006,3
2,2353,4
19,3596,4
19,1772,4
2,349,3
2,3256,3
2,1408,2
2,21,2
2,1527,1
5458,838,1
19,1682,4
2,1610,4
2,2916,4
2,380,4
2,480,2
2,163,1
2,3418,1
5458,25,1
2,2571,2
2,457,2
2,589,1
2,2028,2
19,3793,3
5458,1747,4
5458,509,2
19,1036,4
5458,3100,3
2,3108,4
2,1265,1
2,3809,4
19,420,2
5458,1673,3
5458,45,1
2,356,1
19,2000,3
5458,1635,4
19,2002,4
19,1918,3
2,2359,4
2,2321,4
5458,2890,2
2,2396,3
19,2321,2
5458,1834,1
2,1537,3
2,1188,1
5458,3418,1
5458,3246,3
5458,1678,3
19,329,1
19,1356,1
19,1373,2
19,1374,2
5458,573,1
5458,535,1
5458,300,1
5458,337,1
19,2338,3
19,1644,1
5458,2329,1
5458,778,2
5458,2611,2
2,3893,2
5458,2959,3
19,1909,4
5458,30,2
5458,2439,3
19,1722,1
5458,1704,3
2,498,2
2,1124,4
2,1246,4
2,1096,3
2,647,2
2,235,3
2,3255,2
2,2194,2
2,1442,4
2,2268,1
2,982,2
1354,2894,2
2,3678,2
1354,724,1
1354,193,4
1354,3115,3
1354,2445,2
2,2236,2
1354,2979,1
2,1955,2
2,1245,2
1354,3436,1
1354,2977,4
2,3699,4
1354,42,4
1354,273,2
1354,2269,3
1354,3053,1
2,1244,1
2,1253,2
2,3071,2
1354,3020,4
1354,2541,3
2,590,3
1354,1804,3
1354,1473,3
1354,2609,3
2,2312,2
2,265,1
2,3068,4
1354,2437,1
1354,1586,2
1354,282,3
2,2852,2
2,3578,3
2,3334,3
1354,3500,1
2,3451,2
1354,1876,1
1354,2231,2
2,902,1
2,1103,3
1354,3163,3
1354,1840,1
2,1968,2
2,2728,2
1354,851,3
2,1784,4
2,1954,3
2,1259,2
1354,3270,1
1354,2106,3
1354,1399,2
2,3471,1
2,3735,4
2,3654,4
2,1834,4
2,1962,1
2,1084,3
1354,2337,3
1354,1365,3
1354,2771,2
2,920,1
2,1953,2
2,1957,1
1354,802,2
1354,253,1
1354,1799,1
2,1196,4
1354,2112,4
1354,26,2
1354,2357,1
1354,2712,3
2,1357,2
2,3105,2
1354,3051,4
1354,1699,3
2,3147,2
2,1247,4
1354,2276,1
2,2067,1
2,3035,2
2,110,4
1354,2718,3
2,2501,2
1354,477,4
1354,1870,1
1354,1834,3
1354,412,2
1354,1758,1
1354,1695,3
2,1090,2
1354,538,1
2,515,2
2,1873,3
2,3468,1
1354,1061,4
1354,875,1
2,3095,4
2,593,1
1354,1551,3
1354,3252,3
3,2081,1
1354,345,2
1354,1635,4
3,104,1
3,3868,2
2,1207,2
1354,3145,3
1354,41,2
3,3552,4
2,1213,1
2,1945,4
1354,2272,4
1354,1660,4
1354,483,3
2,2858,3
2,3030,1
3,2355,1
3,1641,3
1354,2573,3
1354,3418,1
2,1193,4
2,318,4
1354,1271,3
2,1225,3
1354,1584,1
1354,3255,3
5458,3272,4
2,2943,3
1354,2893,2
1354,337,4
1354,3079,1
5458,2278,3
5458,2425,3
5458,2268,4
1354,1650,3
1354,778,2
1354,3260,3
1354,1095,3
3,1265,3
1354,534,4
1354,261,1
5458,2542,3
3,1079,1
3,1259,4
1354,175,2
1354,1730,1
1354,1784,4
1354,1682,1
1354,1054,1
5458,1500,4
5458,1729,3
5458,2391,2
1354,848,2
2,1293,4
1354,2959,3
1354,529,4
3,1270,3
1354,3148,1
1354,3006,4
1354,3105,3
1354,293,2
1354,2912,4
1354,314,4
3,3619,2
2,2717,2
3,1304,2
1354,36,2
2,1210,4
2,1217,2
3,1394,4
3,2997,4
3,3421,3
1354,1704,3
2,1198,2
1354,2908,1
1354,994,4
1354,3181,2
1354,2501,2
5458,2006,4
3,3114,2
5458,480,1
5458,10,1
1354,2333,3
3,1136,4
5458,3000,3
5458,1580,1
1354,715,4
1354,2686,3
1354,1696,3
1354,527,3
1354,318,3
1354,3600,1
1354,2083,2
1354,107,2
1354,1093,3
1354,3599,3
1354,2081,1
1354,1029,4
5458,3623,4
1354,1032,2
1354,594,4
3,648,1
3,2735,2
1354,3606,2
3,552,4
3,2617,2
1354,3401,3
1354,2421,3
1354,2422,4
1354,2950,2
3,1049,4
1354,2642,1
3,2470,4
3,2115,3
1354,2641,1
1354,1587,2
3,733,4
3,653,2
3,2006,3
1354,3699,3
3,1615,3
1354,2017,1
3,480,2
3,1261,4
3,1580,1
3,1210,3
3,1291,4
3,2167,3
3,3168,4
3,1198,3
3,1197,4
1354,2792,3
3,1196,4
3,2871,4
3,260,1
1354,2791,1
1354,2312,4
3,590,4
3,1379,3
3,1378,4
3,3671,1
1354,3879,4
3,1266,1
1354,1997,1
5458,3512,4
5458,3744,4
5458,3624,1
3,1431,4
3,1961,4
3,3534,2
3,1968,4
3,2858,4
3,593,3
4785,3897,2
10,3948,1
2878,3751,3
4823,2952,3
4,1036,4
4,2951,3
4,1954,3
4,1240,2
4,1214,1
4,3702,1
4,3418,2
4,2028,4
4,2947,2
4,1201,1
4,2692,2
4,2366,4
4,260,2
4,1196,2
4,1387,3
4,1198,3
4,3527,3
4,480,4
4,3468,1
4,1097,3
4,1210,4
3029,277,4
3029,3507,3
3029,3510,4
692,3785,2
692,3618,4
692,3510,4
692,714,3
692,2125,3
692,2329,4
1059,1955,4
1059,1082,1
1059,2076,3
1059,457,1
1059,1258,2
1059,3456,1
1059,953,4
1059,1090,1
1059,3471,3
1059,1096,3
2035,2997,1
1059,3911,2
1059,2966,3
1059,1960,3
1059,3386,4
1059,2871,3
1059,2329,1
1059,3819,1
1059,924,3
710,3510,4
1059,1234,3
1059,994,1
1059,1172,4
1059,111,2
1059,1193,2
1059,978,2
1059,1237,2
1092,2092,2
1092,829,3
1092,1381,3
1092,1566,3
1092,48,2
1092,1030,2
1092,783,2
1092,2394,4
1092,1032,2
1092,1029,3
1092,588,3
1092,2087,2
1092,661,3
1092,1380,4
1092,1088,4
1059,2504,4
1059,3928,1
1059,926,1
1092,595,3
1092,1031,2
1092,2096,4
1092,1022,2
1092,364,1
1092,2081,2
1092,1947,3
1092,1028,4
1092,594,1
1092,1035,3
1092,2078,3
1092,2080,1
1092,914,2
1092,899,1
1092,73,3
1092,551,3
1092,919,1
1092,3484,1
1092,3565,3
1092,3785,4
1092,3717,3
1092,3861,3
1092,3300,3
1092,3624,3
1092,3745,1
1092,648,4
1092,3555,1
1092,3755,4
1092,3578,3
1092,3793,2
1395,1544,4
1395,2605,2
1395,648,4
1395,3786,4
1395,3159,2
1395,2893,2
1395,3127,3
987,1682,3
987,62,3
987,309,4
987,1584,4
987,246,3
4126,762,4
4126,2321,3
4126,2396,1
4126,1223,1
4126,1148,3
26,3247,1
26,185,3
26,1457,3
3681,3755,2
3681,3578,2
26,3259,3
3681,3512,4
26,361,1
26,605,4
26,2622,3
26,2106,3
26,3686,2
26,45,1
26,3614,1
26,94,3
26,16,2
26,3219,1
26,125,2
26,1876,3
26,198,3
26,832,2
26,261,3
26,3108,4
26,1179,2
26,595,1
26,994,4
26,1013,1
26,1201,2
26,902,1
26,1035,2
26,1084,3
26,1388,1
26,3506,3
26,3590,4
26,3638,4
26,2528,4
26,2459,1
26,2014,2
26,2409,3
26,2137,3
26,1955,1
26,1954,3
26,3362,1
26,3152,2
26,160,2
26,1387,2
26,1186,3
26,2701,3
26,3039,3
26,380,3
26,550,3
26,589,2
26,260,3
26,2875,1
26,3261,4
26,195,3
26,540,4
26,3422,2
26,517,2
26,3688,3
26,1593,4
26,1569,1
26,719,3
26,499,2
26,3040,3
26,3426,1
26,364,3
26,3255,4
26,2269,4
26,1644,4
26,2154,3
26,2779,1
26,3489,2
26,463,3
26,1625,3
26,1703,2
26,237,4
26,2942,4
26,2558,4
26,236,4
26,3408,2
26,1003,2
26,3210,1
26,2881,1
26,2313,4
26,1645,4
26,1088,2
26,1020,2
26,3835,1
26,39,4
26,3552,3
26,1220,1
26,1270,4
26,2012,2
26,217,4
26,11,2
26,3194,2
1246,2448,4
1246,2296,2
5985,3185,4
4277,3785,1
4277,3793,1
4465,1645,3
4465,1625,1
4465,924,1
4465,2356,1
131,117,2
131,175,2
131,163,4
131,3267,3
131,1203,4
131,912,3
8,3257,2
5,288,3
5,1884,3
5,1485,1
5,3105,3
5,2029,4
5,229,4
5,551,2
5,353,2
5,1909,3
5,52,1
5,1527,3
5,1733,1
5,2427,1
5,1897,4
5,1191,1
5,3079,3
5,3266,1
5,1921,3
5,2725,4
5,1722,1
5,194,2
5,1683,3
5,2268,4
5,202,3
5,377,3
5,506,4
5,1580,2
5,1794,4
5,1268,1
5,3386,4
5,1966,1
5,3020,1
5,3249,2
5,6,1
5,3476,2
5,1643,2
5,515,3
5,1653,4
5,1715,3
5,412,1
5,321,1
5,348,3
5,1429,4
5,509,4
5,357,2
5,224,3
5,2952,1
5,2353,1
5,733,1
5,150,1
5,1721,1
5,1729,3
5,2058,4
5,1732,4
5,2384,3
5,1466,1
5,497,3
5,1747,4
5,3100,3
5,2916,4
5,1392,1
5,16,4
5,1610,2
5,2359,3
5,1517,3
5,1885,4
5,1594,4
5,1535,1
5,1759,4
5,272,4
5,2323,2
5,2890,2
5,3006,4
5,215,1
5,47,3
5,1734,2
5,866,2
5,1650,1
5,1923,4
5,1635,2
5,1279,4
5,1500,3
5,3499,1
5,1095,3
5,3260,3
5,29,1
5,265,4
5,39,4
5,1529,2
5,1509,4
5,3046,1
5,3418,4
5,32,3
5,3267,2
5,461,4
5,1171,1
5,3163,1
5,1449,1
5,36,4
5,2159,1
5,581,4
5,2291,4
5,728,2
5,2437,1
5,1175,2
5,41,3
5,2282,4
5,1649,3
5,1912,3
5,162,3
5,562,3
5,1788,2
5,1730,2
5,34,2
5,176,1
5,3728,4
5,2289,2
5,800,2
5,1554,4
5,1684,4
5,994,1
5333,765,1
5,1704,3
5,896,1
5,1192,2
5,860,3
5,714,1
5,2571,2
5,1089,2
5,1719,2
5,50,3
5,296,4
5,1213,2
5,608,2
5,593,1
5,318,1
5,3083,4
5,1046,4
5,2028,4
5,1617,4
5,1243,4
5,501,1
5,3799,3
626,2706,1
626,2683,3
5,3744,1
5,3513,3
5,3514,3
5333,3185,4
626,1537,2
5,3578,1
5,3624,1
693,3916,3
693,3173,3
693,3752,4
5333,114,3
5,3793,2
5,2987,1
2176,3476,2
2176,1391,1
5,2337,2
5,2721,1
5,2070,4
5333,2175,2
2176,1856,1
5,2700,3
5,2806,4
5,3176,1
5,3081,2
5,2395,1
5,2762,2
2176,198,1
918,1839,3
918,1474,1
918,2828,2
5333,1895,2
918,1822,3
5,1513,4
5,2560,1
5,2692,4
918,374,4
5,299,4
5,2013,4
5,24,1
2176,1732,4
918,2953,4
5333,3594,4
918,2053,1
5,968,1
918,355,3
918,1359,4
918,2142,2
5,2734,3
5,2723,4
2176,733,3
918,1713,4
918,1021,3
5,913,2
2176,231,2
918,673,3
918,2052,4
918,1592,1
5,2390,2
2176,1729,1
2803,3700,1
5,2318,1
918,1460,1
2803,1084,4
5,2607,1
5,2716,3
5,2580,1
5,2333,1
918,107,4
2803,3019,2
918,852,2
918,830,4
2176,356,2
5,3409,1
5,2428,2
5,2959,1
918,1367,4
918,2424,3
918,2683,3
918,1485,1
918,468,3
5302,919,2
918,339,1
918,317,3
918,586,4
918,500,2
5302,953,2
918,539,3
918,1020,3
918,587,2
918,440,4
2176,1407,1
5,3113,1
5,2599,1
5,3408,3
918,367,4
918,2384,1
918,551,2
918,3255,1
918,2355,1
918,2321,1
918,3157,2
918,1784,4
918,1517,2
918,1641,3
918,1,3
918,2396,1
918,3114,1
918,1265,3
5,2759,2
5,1093,1
918,455,4
918,3156,1
5302,3784,4
5,3016,2
5,2908,4
5,2770,2
5,3786,2
5,2355,3
918,1727,2
918,2269,2
918,277,1
2176,2571,4
918,1416,1
918,2875,2
918,1488,3
918,207,4
5302,3824,1
5985,2160,1
918,350,2
918,491,3
918,253,1
918,26,1
5302,3594,4
918,230,2
5,2997,1
918,11,1
918,1271,2
918,1027,1
918,3252,1
918,2059,1
5,3051,3
5,2683,4
918,524,2
5,1127,3
5,2858,2
5,2188,1
2176,3481,2
918,3259,4
918,832,2
918,1095,2
918,1643,1
918,1633,3
918,3174,4
918,590,3
918,1678,2
918,2501,4
918,515,1
5,356,2
5,1250,1
918,2268,2
5,2717,2
5,919,2
5,908,2
918,34,3
918,531,3
918,25,2
918,3105,1
918,1584,1
918,17,1
918,1393,2
918,1673,4
918,150,4
918,608,3
918,593,3
918,318,4
918,1499,2
918,3705,3
918,173,3
918,1544,4
918,3257,3
918,1320,3
918,208,2
918,2002,3
918,736,2
918,1479,1
918,1917,1
918,165,4
918,2628,4
918,2393,3
918,3107,4
918,1608,4
918,780,1
918,2699,3
918,653,1
918,329,2
2593,345,1
918,2094,2
918,648,4
918,316,1
918,2273,3
918,2617,4
918,1370,3
918,380,1
1287,3646,4
1287,3717,2
918,3256,1
1287,3409,4
918,733,4
1287,3562,4
1287,3861,3
1287,3286,4
1287,3513,3
918,1580,1
918,480,4
1287,648,2
1287,3744,1
1287,3618,3
1287,3555,3
1287,3786,1
1287,3753,1
1287,3863,1
1287,3300,2
1287,3617,1
1287,3755,2
918,3418,1
918,1610,3
918,2916,2
918,377,2
1287,3831,1
1287,3793,2
1287,3624,3
1287,3512,1
918,457,4
918,589,4
1287,3751,2
1287,3578,4
1287,3510,3
918,688,3
918,1391,4
918,1408,4
918,151,4
918,161,3
918,356,2
2593,3730,3
918,1233,1
918,527,1
918,2028,2
918,110,2
918,3483,3
918,3751,1
918,3564,2
6,597,4
6,1569,3
5737,1721,3
6,920,4
6,3717,3
6,3565,4
6,3624,4
6,3536,3
6,3408,1
6,3578,1
6,3753,3
5737,1574,1
6,3682,4
6,3074,2
6,1007,1
6,3508,4
6,383,4
6,368,3
6,266,2
6,2017,3
6,3600,4
6,3610,1
6,3604,4
6,1947,3
6,1035,2
6,914,3
6,1028,1
6,1380,4
6,1030,1
6,1688,3
6,199,4
6,48,1
6,364,3
6,1566,1
6,595,3
6,588,2
6,34,3
6,838,3
2803,1729,3
2803,2268,3
6,296,1
6,2966,2
6,590,3
2803,50,4
2803,1213,2
2803,1089,4
2803,1179,2
6,2321,3
6,1,1
6,2506,1
6,2082,2
6,569,3
6,1806,1
6,2858,4
6,2396,2
6,1188,3
6,3524,4
6,2406,3
6,2469,1
6,1101,1
6,3501,2
6,1088,1
6,1959,1
6,2802,1
6,2081,1
6,2100,1
6,3699,2
6,1674,3
6,3685,3
6,1296,2
6,377,2
6,17,4
6,1441,3
6,1210,3
6,1043,4
6,3534,1
6,2006,1
6,912,3
6,3072,2
626,1101,4
626,377,3
626,2006,1
626,480,3
626,1408,3
626,2353,2
626,2427,2
626,1222,1
626,1242,3
626,1197,2
7,3107,1
7,349,3
7,380,3
7,1573,1
7,2353,2
7,861,3
7,3256,1
7,1722,3
7,2916,3
7,1580,1
7,733,1
7,6,1
7,474,1
7,377,4
7,3418,3
7,1610,2
7,110,3
7,457,2
7,2028,4
7,589,4
7,2571,3
7,3793,4
7,3578,1
7,1997,2
7,648,1
7,3753,2
626,741,1
7,1221,3
7,1196,4
7,442,4
7,480,1
7,1270,2
962,3510,1
163,1848,3
163,1126,3
163,1702,1
163,3438,3
163,673,2
163,1920,1
163,367,2
163,2628,1
163,3489,4
163,2,2
163,60,2
163,764,4
2478,2840,3
962,454,4
962,2391,1
8,741,2
8,1,2
962,2058,3
962,161,2
962,1610,4
962,373,3
962,47,3
962,293,4
962,733,2
8,3213,3
8,1274,1
163,322,2
163,1747,2
163,3253,4
163,1517,2
163,125,3
163,180,4
962,866,4
962,457,4
962,1625,2
962,2762,3
962,2542,2
962,608,1
962,3147,4
962,1358,3
163,2507,1
163,176,2
163,1812,3
3262,3753,1
3262,3148,4
3262,3916,1
8,3500,1
8,42,1
4496,3793,1
163,2701,4
8,3155,4
163,2806,4
163,3176,1
163,2702,4
8,4,4
8,1027,3
163,2840,3
163,2841,1
163,1513,3
163,24,2
163,2598,3
8,105,2
8,1801,3
8,2314,3
8,510,4
8,3173,1
8,3425,3
8,1488,3
163,968,2
163,2622,4
163,3053,2
8,1711,3
8,2429,4
163,785,3
163,2713,3
163,2392,1
163,2676,1
163,2716,4
163,3175,3
8,2320,3
8,282,3
8,2023,1
3532,2858,3
163,2712,1
163,2828,2
8,3528,3
8,1701,1
8,230,2
163,2772,4
163,1911,4
8,266,1
8,1836,2
163,2722,1
163,2147,2
163,3016,2
163,3203,2
163,2541,2
8,3259,4
163,3005,4
163,2694,1
163,3285,3
163,2975,2
8,1476,1
163,2707,1
163,2827,1
163,2683,4
8,2688,4
163,2706,4
3532,2712,1
3532,36,2
3532,1701,2
3532,3783,3
3532,1589,3
3532,1584,3
3532,647,1
3532,162,1
3532,105,3
4785,3831,4
8,2297,3
3532,1459,4
4785,2390,3
8,454,4
8,465,3
8,151,4
5060,2174,2
8,269,4
8,1693,1
3532,1479,3
3532,1586,1
3532,2724,3
3532,1006,3
8,1810,3
8,2541,2
3532,788,1
3532,1835,4
3532,3020,1
8,24,2
8,1621,1
3532,500,2
3532,2320,1
10,784,1
10,1030,3
8,253,3
8,2702,2
8,345,2
8,650,4
8,1589,1
10,1015,2
10,2072,2
10,520,2
8,1653,4
8,2712,4
3532,225,3
3532,1552,1
5060,2324,1
8,2268,2
8,3186,4
8,1682,1
10,1320,4
8,1721,1
8,1357,4
3532,3257,4
3532,784,2
3532,1608,1
8,14,1
10,2405,2
10,3388,4
3532,3686,2
8,476,2
10,3264,4
8,3105,1
8,1678,1
8,1660,1
8,150,4
8,524,1
3532,3186,2
10,2091,4
10,24,1
10,2530,2
8,1840,1
3532,586,3
3532,230,1
10,3869,2
8,2442,1
8,3147,2
10,2826,4
10,3254,4
8,2324,2
8,506,3
5060,1784,4
10,1583,1
8,508,4
8,161,1
10,203,3
8,1120,3
8,538,2
8,1411,1
8,3246,2
10,542,3
8,1673,3
10,1959,4
10,765,3
10,1566,4
8,73,2
8,58,3
10,2770,4
10,1690,1
8,3148,3
8,337,3
10,1513,4
10,1918,1
8,3006,2
10,2378,3
8,562,4
8,3250,2
10,3099,2
3532,141,1
8,2686,4
3532,780,1
10,208,1
8,2336,4
3532,339,4
8,16,2
10,48,4
10,2375,4
3532,3247,3
3532,7,4
10,2136,3
8,1466,4
8,2908,1
3532,257,1
10,3688,1
8,3252,1
8,1730,1
8,36,1
8,3386,2
10,1586,2
10,2497,1
10,3812,3
3532,2433,1
3532,252,3
8,3260,3
10,186,3
3532,3614,2
10,153,2
8,1704,1
8,2329,1
10,3439,4
10,1377,1
3532,2294,2
8,608,2
8,296,1
8,527,2
8,1213,1
8,2858,3
10,248,2
3532,3052,2
10,3153,1
10,1884,1
10,1091,1
3532,1693,4
3532,16,1
10,282,3
10,830,2
8,2291,2
8,1393,2
8,1639,1
10,2316,1
10,2424,4
3532,380,4
3532,1092,4
10,1409,1
10,2093,3
10,2049,1
3532,1680,2
8,1059,4
8,1735,4
8,1277,2
8,265,3
8,39,2
8,17,3
10,2002,1
10,351,1
10,1125,1
8,1265,1
8,2396,1
10,1371,1
3532,165,2
10,435,4
3532,3358,1
3532,454,4
8,25,2
10,2047,4
10,2005,1
10,1135,3
10,2054,2
8,2600,1
8,288,3
10,1573,2
10,370,2
3532,597,2
8,2006,4
8,2699,2
8,3256,3
8,733,1
8,349,4
10,344,4
10,1380,3
3532,1747,4
10,1345,4
8,1580,3
8,2278,3
8,2490,2
8,1916,3
10,938,2
10,1633,2
3532,2272,2
3532,1892,4
8,163,4
8,3107,4
10,2436,2
10,2124,4
8,2427,3
8,3267,2
8,377,1
8,555,3
3532,1653,1
8,2571,2
8,110,2
8,2916,3
10,2133,1
10,1016,1
3532,151,3
10,2431,4
10,329,4
8,2028,4
8,589,2
8,3418,4
8,3265,2
8,393,1
8,2692,3
3532,1357,4
10,2094,4
3532,1834,3
3532,1610,4
10,1124,4
3532,3450,3
3532,356,4
10,1676,1
10,2109,1
10,2043,1
10,2046,2
8,1573,3
8,480,4
3532,440,4
10,3072,1
10,2423,3
10,3501,4
10,333,4
10,253,2
3532,2268,2
8,3481,2
8,908,4
10,543,3
10,2138,2
3532,475,3
8,111,1
10,2090,3
3532,2071,1
3532,3499,1
10,2111,1
10,292,1
10,2453,3
8,1210,1
10,2082,1
10,586,2
10,3252,2
10,1020,4
3532,3386,4
3532,1682,4
3532,1485,3
3532,194,1
10,1756,2
10,3259,1
10,780,4
10,317,1
10,1042,1
10,2015,2
10,3608,1
10,2045,2
10,1031,3
10,3591,2
10,3809,4
10,1441,4
10,1032,1
10,2628,3
10,671,4
10,3704,1
10,3174,3
3532,1784,1
3532,1923,2
3532,150,2
3532,357,4
3532,1721,4
3532,1641,3
10,2746,1
10,3928,1
10,1923,2
10,1372,2
3532,595,4
3532,590,4
10,2161,3
10,2622,1
10,1375,2
3532,3252,4
3532,1393,3
3532,2599,3
10,596,1
10,2012,3
10,1101,3
10,3500,3
10,2470,4
10,2011,1
3532,1517,1
3532,1500,1
3532,1183,2
10,2393,4
10,1025,1
10,3039,4
10,2081,3
3532,300,2
3532,2291,2
10,2018,4
3532,1188,1
10,1517,3
10,2115,3
10,1220,2
3532,3147,4
3532,2006,4
3532,2762,4
3532,994,2
3532,1,2
10,3701,2
10,1356,4
10,2967,2
10,2137,4
10,2003,1
3532,457,1
3532,2355,3
10,7,4
10,1019,3
3532,3083,1
10,3363,2
10,2617,3
3532,2324,4
3532,47,3
3532,2396,1
10,963,1
10,2001,1
10,2174,1
10,2078,1
10,590,2
10,2371,3
10,2294,2
10,1357,2
3532,1094,3
10,3086,3
3532,50,3
10,971,4
10,104,2
3532,3418,4
10,2662,3
3532,1213,4
10,316,1
10,1921,4
3532,2028,3
10,3247,1
3532,608,2
3532,593,1
10,1012,1
10,1967,4
3532,527,2
3532,296,2
3532,1617,2
10,1287,3
10,3386,2
10,2321,3
10,2302,1
10,1257,1
10,2041,2
10,1243,1
10,1088,2
10,592,4
10,1104,2
10,539,3
10,1653,2
10,918,1
10,915,4
10,1408,2
10,2874,1
3159,147,1
5157,1136,3
5157,1238,1
3532,3408,4
10,2948,1
10,943,1
5157,2396,3
10,3255,4
5157,1948,2
10,3359,4
10,3100,3
10,2496,3
3159,648,2
3159,1286,2
10,62,1
10,653,3
3532,3897,1
10,920,2
10,587,1
10,368,4
10,2804,4
10,2040,3
3159,3556,2
3159,47,3
10,1230,1
10,3097,2
5157,3114,3
10,594,3
5157,951,3
10,3723,3
10,2291,2
5157,3629,1
10,3066,1
10,2529,3
10,3699,4
10,1253,1
10,2080,2
10,356,2
10,914,2
10,3703,4
10,1947,2
3159,314,2
10,180,2
3159,3755,2
10,2100,3
10,3451,3
10,364,4
10,1084,4
9,2294,1
9,367,2
9,861,3
9,2278,3
9,1356,2
9,1653,2
9,524,1
9,16,2
3159,3510,3
9,428,3
10,1250,2
9,529,1
9,805,1
9,349,2
3363,1782,2
3363,2424,2
3363,2297,4
10,1307,2
3363,2629,4
3363,46,4
3363,1722,4
10,3087,4
10,3525,3
10,1269,2
10,2355,4
9,2268,4
9,838,2
3363,597,1
3363,266,3
10,953,1
10,1,2
9,597,3
9,2302,3
3363,838,1
3363,2006,4
9,480,2
9,3270,3
10,2863,4
9,590,3
3363,2801,2
10,802,1
10,2501,4
10,1580,4
3363,105,2
3363,708,2
3363,1643,1
10,3358,1
9,1921,4
3363,1183,4
3363,342,2
3363,534,3
10,1271,3
10,3194,2
9,1912,4
9,994,1
3363,1639,4
3363,1393,4
10,1682,3
10,2000,2
10,150,2
9,508,2
9,1682,4
3363,1902,2
3363,2125,3
9,1777,2
9,2890,2
10,2324,2
10,3671,1
10,1411,4
9,300,4
3363,1094,3
9,1343,1
9,412,4
9,1060,3
10,1254,2
9,778,1
9,1466,1
9,1721,1
3363,17,2
9,1584,2
10,3471,1
9,3255,2
10,3095,1
10,926,4
10,3198,4
9,1358,4
9,2166,3
10,2872,3
3363,1286,2
3363,1088,2
10,2959,4
10,2336,1
9,1923,2
9,3253,3
9,223,3
3363,3684,4
9,1669,3
9,377,3
9,1446,1
10,277,3
3363,1296,2
3363,1674,1
10,589,4
9,1500,1
9,2959,4
9,1784,3
9,1639,3
10,3296,3
10,3702,4
9,47,2
3363,3450,3
9,3147,1
9,1393,4
3363,1614,4
3363,7,2
3363,1457,2
10,1028,4
9,2324,4
9,1265,3
9,2355,3
9,3006,1
9,150,4
9,25,4
3363,248,2
3363,144,4
3363,368,2
10,2997,4
9,162,3
9,1310,1
9,457,1
10,3868,4
10,3035,2
9,3160,3
9,2762,2
9,2571,3
3363,378,3
9,1223,2
9,1089,2
3363,367,2
3363,1711,2
9,3114,3
10,2716,4
9,2599,4
10,1387,2
9,1,3
10,1294,3
3363,1414,1
3363,339,2
9,1617,3
9,1704,2
10,2918,1
10,1278,2
10,954,3
3363,356,4
9,2028,4
3363,1569,3
10,913,2
10,588,3
10,223,1
9,720,2
9,608,3
9,745,1
9,318,1
3363,2671,3
3363,2171,2
10,1201,1
10,110,1
3363,1580,2
3363,3466,2
9,3148,1
10,1215,4
10,1080,3
3363,141,2
3363,539,2
10,1079,4
10,1214,3
3363,3358,4
3363,11,3
10,1302,4
9,3484,1
3363,1914,4
3363,1042,2
3363,3255,3
10,3114,3
9,3826,2
3363,1784,4
3363,440,2
9,3452,2
10,1291,3
10,1270,1
10,1954,1
9,3513,2
3363,1747,4
9,3301,3
3363,357,4
3363,3157,1
9,3717,3
10,912,3
3363,2108,3
3363,2321,3
3363,21,1
9,3298,2
10,2300,2
10,1293,3
10,3037,4
9,3623,3
3363,728,2
10,1198,1
10,1234,3
10,541,3
3363,1223,2
9,3755,2
3363,3114,2
10,1927,2
9,3793,3
9,3510,3
9,3408,4
10,919,4
10,1148,1
10,2762,4
3363,2471,3
3363,2468,2
3363,2372,1
9,1552,3
3363,2735,3
10,1204,2
3363,2405,3
3363,2054,1
9,2692,4
9,1307,4
10,3629,4
3363,2262,4
3363,2470,1
9,920,1
3363,1135,2
3363,3501,2
3363,2145,1
3363,1958,4
3363,2011,3
3363,3552,3
9,50,4
9,1148,1
9,2858,4
3363,2245,3
3363,2000,1
9,1213,3
9,593,1
9,527,3
9,1233,1
3363,2750,2
3363,2915,3
3363,2791,3
3363,2174,4
3363,1394,2
3363,1197,4
3363,2248,2
9,3948,4
9,3916,4
10,3408,2
10,3481,4
10,3189,1
10,648,3
9,3178,4
9,1221,3
9,1210,1
9,912,1
9,3751,2
9,1961,4
10,2399,3
10,3675,4
10,2135,4
10,2657,3
10,1544,3
10,480,2
10,3155,2
10,2791,1
10,2033,4
10,2858,3
10,3751,3
10,2312,3
10,1282,3
10,551,2
10,1210,2
10,1948,4
10,743,4
10,597,4
10,858,2
1242,3512,1
1120,2125,2
1120,2961,4
1120,1654,3
11,1701,4
11,342,1
11,1563,2
11,3249,1
1962,1997,3
1962,3861,2
1962,3785,4
11,1573,3
11,481,4
11,1042,1
11,551,4
11,3107,4
11,3176,4
11,3178,4
11,1498,2
11,454,4
11,2302,1
11,1916,2
11,2710,1
11,1747,3
11,515,2
11,986,2
11,480,1
11,2959,2
11,345,2
11,2712,4
11,249,4
11,1059,4
11,3255,2
11,441,2
11,3148,4
11,597,1
11,3160,4
11,1923,1
11,440,1
11,1188,2
12,3362,2
12,2804,3
12,923,4
12,1252,2
12,3658,3
12,1247,1
12,593,4
12,1193,1
12,111,2
12,1233,1
12,919,3
11,2580,4
11,2329,4
11,543,4
11,1784,3
11,778,1
11,764,2
11,2762,2
11,1265,2
11,3418,4
11,1358,4
11,1089,3
11,994,4
11,3105,1
11,1704,2
11,608,1
11,2858,1
11,593,3
11,50,4
11,318,3
11,3755,1
4813,85,2
11,587,1
12,858,3
12,813,2
12,3897,4
12,1221,4
12,1198,1
12,1303,1
12,3265,2
11,1198,3
4813,1569,1
4813,2570,4
1979,3512,4
12,3785,4
12,934,2
12,1641,1
12,999,4
12,2616,4
2669,1673,2
2669,25,4
2669,1674,2
4813,1441,3
4813,1639,2
2669,1084,4
4813,1735,1
4813,1183,2
4813,276,4
2669,2871,2
2669,1222,1
2669,2648,4
2669,2739,2
2669,1200,4
4813,265,1
4813,17,1
2669,150,3
2669,1961,2
2669,1266,1
4813,618,1
2669,1036,4
2669,3006,3
2669,1294,2
2669,1270,1
2669,2647,3
2669,1265,2
2669,3072,1
2669,1034,2
2669,1394,3
2669,2571,3
2669,1090,2
2669,1240,2
2669,1234,3
2669,457,2
2669,1358,3
2669,3735,2
2669,2762,1
2669,1258,4
2669,2664,1
2669,1617,2
2669,111,4
2669,1207,2
2669,1247,4
2669,1219,1
2669,1193,4
2669,1276,4
2669,1304,2
2669,858,1
119,2719,4
1958,3114,2
1958,3408,1
3963,3751,4
15,3755,1
15,2115,4
15,2640,3
15,3461,2
15,733,1
15,2161,4
15,1210,4
15,260,2
15,1291,4
15,1196,1
15,3489,1
15,1702,3
15,653,2
15,160,1
15,1783,4
15,1644,4
15,1597,4
15,648,3
15,517,3
15,1422,4
15,257,3
15,1892,4
15,3386,4
15,762,3
15,2389,1
15,434,4
15,2387,1
15,1804,3
15,70,4
15,2126,1
15,2764,1
15,3301,1
15,1645,1
15,1729,1
15,2278,2
15,3247,2
15,1805,2
15,1466,2
15,1500,3
15,367,3
15,1213,3
15,1617,3
15,1586,4
15,2427,4
15,161,2
15,1619,4
15,1411,1
36,1722,4
36,165,2
36,2334,2
36,2353,1
36,1645,1
36,2058,2
36,1805,4
36,10,4
36,2540,1
36,164,2
36,733,3
36,3763,1
36,2764,2
36,1370,4
36,3256,1
36,3101,4
36,454,1
36,1480,3
36,1092,3
36,229,2
36,3706,4
36,6,4
36,2118,2
36,349,4
36,3527,1
36,377,2
36,1674,2
36,1227,2
36,16,3
36,2967,3
36,3551,2
36,2288,2
36,2278,1
36,1610,4
36,2391,1
36,474,3
36,3147,4
36,2871,1
36,866,2
36,1617,4
36,924,1
36,457,3
36,1240,4
36,111,4
36,593,4
36,1214,3
36,1358,1
36,608,2
35,1162,4
36,1603,2
36,2393,1
36,788,2
36,2916,4
36,235,3
36,3727,1
36,1307,3
36,1265,2
36,2883,1
36,1080,1
36,1197,2
36,2064,3
36,1276,4
36,2815,2
36,466,1
36,1920,2
36,1586,2
36,3441,2
36,3066,1
36,1616,3
36,647,2
36,3448,3
36,161,2
36,1094,2
36,2890,3
36,1408,4
36,1078,3
36,1210,3
36,1960,1
36,1272,4
36,110,3
36,969,4
36,1090,1
36,1299,1
36,2972,2
36,1200,3
36,1208,4
36,2028,3
36,1196,4
36,3196,1
36,527,3
36,1233,1
36,912,3
36,3512,3
1113,3616,2
1113,1245,4
4482,2861,1
2271,3471,3
2271,2571,2
2271,1206,2
2271,924,1
2271,2664,1
2271,541,2
4005,3578,2
4005,3510,2
2103,3462,3
1597,3114,1
1597,1,1
2103,3948,4
13,2822,4
13,2054,4
13,1375,3
13,1009,4
13,2,2
13,2641,4
13,2135,3
13,1587,1
13,552,2
13,3036,4
13,316,2
13,2470,1
13,2528,2
13,3269,2
1597,1466,4
13,421,3
13,60,4
13,1216,2
1597,1997,1
1597,47,4
1597,3000,1
1597,3730,2
13,2414,1
13,2005,2
13,2370,2
13,2046,2
13,2115,1
13,2968,1
13,3699,3
13,2105,1
13,3494,4
13,1967,3
13,3175,1
13,592,1
13,2640,2
13,1376,3
13,2161,2
13,349,2
13,952,3
13,1127,2
13,1129,1
13,1374,3
13,480,1
13,2987,4
13,3070,2
1597,441,1
1597,3223,2
13,3479,1
13,3417,4
13,1210,3
13,2871,1
13,1259,4
13,1073,3
13,590,2
13,1287,1
13,260,4
13,919,1
13,1198,4
13,1262,2
13,1204,2
13,434,4
13,517,2
13,153,1
13,1479,1
13,2002,3
13,2616,2
13,2094,1
13,736,2
13,1049,1
13,1544,2
13,1690,4
13,1377,2
13,459,1
4785,3948,3
13,329,2
13,2628,1
13,1722,4
13,368,4
13,2617,1
13,3256,3
13,165,4
13,2916,3
13,380,2
13,648,3
13,780,1
13,1372,1
13,1580,4
13,21,1
13,10,4
329,3390,4
13,1527,1
13,1370,4
329,2643,3
13,2006,1
13,1429,3
13,1356,3
13,3418,2
329,2950,1
329,1562,2
329,2153,1
13,589,1
13,1233,2
13,457,2
329,1359,2
329,2373,3
329,2642,1
13,110,4
13,2686,4
13,1610,4
329,761,3
329,3489,1
329,2088,1
13,2571,1
13,1393,1
329,2471,3
329,208,2
13,50,2
13,1446,3
329,2615,1
329,2143,3
13,2028,3
13,593,2
329,44,3
329,2429,4
13,318,1
13,527,3
329,674,1
329,158,4
329,1525,1
329,2370,4
329,2013,4
329,2094,4
329,648,2
329,1587,2
329,2133,1
329,2414,3
329,3770,3
329,2193,4
329,2470,1
329,733,4
329,2105,4
329,2115,3
329,112,4
329,592,3
329,1967,1
329,986,2
329,3479,1
329,2161,2
329,3168,1
329,1291,2
13,1097,2
13,296,2
13,3745,4
329,1197,3
329,1259,4
13,1331,4
13,1196,4
13,1291,2
13,1197,2
14,1225,2
14,2731,4
14,1263,2
14,608,1
14,296,4
329,3745,4
14,3081,4
14,2762,2
14,2396,2
14,2686,4
14,2692,2
14,3623,2
14,3354,4
14,3578,3
14,2959,3
14,2694,3
14,2997,1
14,2826,3
14,2572,4
14,2858,2
14,2920,2
14,1982,3
14,3033,2
14,2243,4
14,1968,3
14,2976,3
15,593,1
15,1193,4
15,3773,3
15,3646,4
15,2539,2
15,2272,3
15,1909,1
15,266,3
15,788,4
15,2567,3
15,1810,3
15,2273,2
15,1673,3
15,442,2
15,231,3
15,1370,3
15,2433,1
15,3081,3
15,780,4
15,553,1
15,344,3
15,3108,1
15,1732,3
15,1527,1
15,832,2
15,1092,4
15,1485,1
15,587,2
15,3145,3
15,2058,3
15,3261,2
15,500,2
15,2496,2
15,368,1
15,539,1
15,1625,3
15,1672,1
15,1396,4
15,1883,4
15,805,1
15,1777,4
15,3723,1
15,1608,1
15,2302,3
15,141,2
15,3499,2
15,1343,2
15,2321,4
15,2506,3
15,2908,4
15,6,3
15,3256,2
15,32,1
15,104,1
15,1265,2
15,1639,3
15,1610,1
15,356,2
15,524,1
15,2391,4
15,1885,2
15,1784,3
15,3105,4
15,2501,3
15,357,3
15,47,2
15,1271,2
15,1923,2
15,3418,2
15,364,2
15,628,4
15,1487,3
15,480,3
15,3148,1
15,3147,2
15,457,1
15,300,3
15,296,4
15,73,1
15,1704,2
15,2571,1
15,2028,1
15,50,2
15,318,3
15,527,1
15,3948,1
15,2617,4
15,1840,4
15,1615,3
15,1580,3
15,2006,2
15,380,2
15,2916,1
15,3535,1
15,3566,3
15,2424,2
15,3624,3
15,2002,3
15,2000,1
15,2001,1
15,2268,4
15,110,4
15,3798,4
15,2763,2
15,2961,4
15,3176,3
15,2840,4
15,2841,2
15,2702,4
15,2724,3
15,2396,1
15,2485,4
15,2762,1
15,2394,2
15,2598,3
15,2490,2
15,3753,4
15,2581,1
15,3354,1
15,3623,3
15,3174,2
15,3160,4
15,2882,1
15,2676,1
15,2719,2
15,3717,2
15,3578,4
15,2688,3
15,2959,1
15,2712,4
15,2605,4
15,3408,2
15,3113,3
15,2881,1
15,3005,1
15,2770,1
15,2694,3
15,2997,3
15,3298,2
15,2683,2
15,3004,2
15,3155,2
15,2707,4
15,2826,1
15,2188,3
15,2858,2
15,2706,4
15,3534,1
15,3178,4
15,1968,3
15,3421,1
15,1198,1
15,748,1
2127,2447,1
2106,3708,4
2106,697,3
2106,440,4
2106,2167,3
2106,216,2
2106,1869,3
2106,3535,3
195,1240,2
195,3618,1
149,1307,3
149,2915,3
195,2236,1
149,1278,3
149,34,3
149,1,4
149,3072,3
149,1394,2
149,1276,3
195,1544,2
149,707,3
149,1748,3
149,1783,3
149,379,2
149,849,1
149,2881,1
149,3257,4
149,1917,4
149,423,3
149,1544,3
149,786,2
149,1552,2
149,552,1
149,1769,4
149,208,1
149,2616,1
149,1687,4
149,3082,3
149,316,4
149,1754,3
149,1479,4
149,89,4
149,1616,4
149,1627,2
149,1608,3
149,836,4
149,2723,4
149,1597,2
149,292,3
149,1488,3
149,1385,1
149,1676,2
149,517,3
149,393,2
149,653,3
149,442,4
149,3697,4
149,464,2
149,522,4
149,1792,4
149,1586,1
149,329,4
149,2006,3
1266,3730,1
149,2334,3
149,3438,4
149,1480,3
149,44,4
149,494,1
149,288,4
149,3274,1
149,1191,1
149,363,4
149,1827,1
1015,3618,3
1015,3624,3
1165,2672,1
123,292,4
123,902,4
123,2291,1
123,3388,2
123,3387,3
123,2415,2
123,2249,4
4126,44,1
123,1890,1
123,2076,4
123,2860,1
123,2950,2
1605,2883,3
123,971,1
1605,1816,1
3340,3510,4
3340,3578,1
1748,632,2
16,2987,1
16,2701,3
16,2485,3
16,2724,4
16,2394,1
16,2581,3
16,2723,1
16,2568,1
16,2805,3
16,2629,1
16,2713,1
16,2761,1
16,2392,1
16,2720,4
16,2856,4
16,3175,1
16,1911,2
16,2828,2
16,2888,4
16,2369,2
16,2722,1
16,3016,3
16,2770,4
16,2975,4
16,2355,3
16,3516,3
16,2572,3
16,2683,4
16,3004,2
16,2699,1
3842,3053,1
3842,292,4
3842,1779,2
16,2555,2
16,1682,2
16,1269,3
16,2643,1
16,266,1
3428,1353,1
3842,2132,3
3842,1104,1
1451,3141,4
3842,3578,1
3842,2835,1
3842,1093,2
3842,553,4
3842,880,1
3842,1479,3
150,2303,1
150,1350,2
150,3152,3
150,3733,4
150,1955,3
150,3135,3
150,1954,2
150,1208,4
150,3359,2
150,3362,2
150,1193,4
150,3504,1
150,3363,3
150,3471,3
150,1234,2
150,1235,1
150,1222,2
150,2312,4
150,2745,4
150,1286,2
150,1206,3
150,2065,3
150,2243,3
150,1096,3
150,1961,3
150,1097,1
150,2000,2
150,1079,3
150,1199,4
150,3169,4
150,1296,2
150,1302,2
150,3072,2
150,2020,2
150,1259,3
150,1960,3
150,3361,1
150,1270,3
150,1957,3
150,1246,1
150,1674,4
1922,506,3
150,2915,1
150,1307,2
150,1394,4
150,1231,2
150,1228,2
150,708,1
150,426,3
150,2917,1
150,2240,4
150,924,3
150,1282,2
150,2571,4
150,111,4
150,1272,1
150,1263,2
150,1090,1
150,1294,2
150,1299,2
150,266,2
150,1201,1
150,3671,1
150,590,3
150,1035,1
150,2971,2
1922,3160,3
1922,3844,2
150,1997,1
150,2716,1
150,1994,1
150,1258,2
150,367,4
150,2161,3
150,2174,4
150,2100,1
150,1879,4
150,3095,1
150,2324,2
150,1225,3
150,648,4
150,1230,2
150,899,3
150,920,4
150,2294,1
150,364,4
150,1,3
150,1387,1
150,1036,1
150,1196,2
150,1291,1
150,260,3
150,2028,4
150,1198,1
150,1304,4
150,2657,1
150,144,4
150,2791,1
150,3608,3
150,1732,2
150,2797,4
150,2352,2
150,2871,2
150,3498,2
150,1952,3
150,1711,2
150,182,1
150,410,2
150,1535,4
150,357,2
17,164,3
17,1617,1
17,1601,1
17,707,1
17,2526,2
17,3696,4
17,3032,4
17,329,4
17,2311,3
17,316,3
17,2533,2
17,2667,2
17,2173,1
17,3638,1
17,1019,2
17,3033,2
17,2009,1
17,3156,4
17,2377,3
17,2116,2
17,2021,2
17,780,3
17,610,3
17,2657,4
17,2668,3
17,24,3
17,2105,1
17,1580,1
17,3927,4
17,2011,4
17,2663,3
17,2985,2
17,2454,3
17,2600,4
17,76,2
17,2346,3
17,2640,3
17,2093,1
17,2046,1
17,3375,2
17,3827,3
17,1909,3
17,3269,4
17,3070,1
17,2901,1
17,3701,2
17,2407,1
17,3704,1
17,2528,3
17,1573,3
17,2140,2
17,2613,4
17,1129,2
17,1396,3
17,3700,3
17,1356,4
17,1374,4
17,3175,1
17,1376,2
150,1179,3
17,2661,3
17,3662,4
17,2554,4
17,3658,3
17,2455,3
17,968,2
17,3699,3
17,2662,1
17,198,3
17,2287,1
17,2527,4
17,1301,2
17,1077,2
17,2117,3
17,1653,1
17,1921,3
17,3702,3
17,3576,3
17,1253,2
17,2288,4
17,1127,3
17,1584,3
17,2553,4
17,1097,1
17,1215,2
17,3527,2
17,2664,2
17,2529,2
17,3703,2
17,2916,4
17,3503,4
17,1240,2
17,32,2
17,750,3
17,1274,4
17,924,1
17,3471,3
17,1206,3
17,3932,2
17,3417,4
17,2660,2
17,1196,3
17,1214,3
17,260,3
17,2010,3
17,1200,4
17,2282,3
17,2542,4
17,3256,4
17,1729,3
17,2321,4
17,163,3
17,529,3
17,3267,4
17,1635,4
17,1527,2
17,454,4
17,2912,2
17,1358,3
17,1179,4
17,3108,4
17,1748,2
17,340,1
17,3246,4
17,2058,1
17,1594,4
17,480,4
17,1370,4
17,628,3
17,3148,4
17,496,2
17,247,3
17,3147,4
17,319,4
17,356,1
17,3006,2
17,1923,2
17,457,1
17,2501,1
17,300,4
17,235,1
17,428,2
17,1265,1
17,223,2
17,1610,2
17,1428,1
17,595,2
17,2599,3
17,2908,3
17,2289,2
17,2355,2
17,34,4
17,2268,1
17,590,1
17,293,1
17,1408,4
17,1624,2
17,3418,2
17,503,2
17,2762,2
17,2858,1
17,2396,2
17,162,1
17,589,3
17,2571,2
17,3114,1
17,296,4
17,1213,2
17,1704,3
17,110,3
17,446,2
17,741,3
17,866,2
17,2028,1
17,50,1
17,593,2
17,318,1
17,527,2
17,3713,3
17,720,3
17,30,4
17,942,2
17,1284,3
17,913,3
17,1069,3
17,3334,3
3691,3114,3
3691,1206,3
17,541,4
3691,265,3
3691,308,2
17,3484,2
17,3457,3
3691,3462,1
17,3594,4
17,3717,2
17,3863,3
17,3744,3
17,3755,1
17,3793,1
17,3300,1
17,3879,2
17,3624,1
17,3510,4
17,3578,3
17,3745,4
17,1997,1
17,3751,2
17,1779,1
17,1270,1
17,1343,2
17,1210,2
17,2549,4
17,1614,3
17,2752,4
17,1193,4
17,1185,2
3691,2948,2
3691,47,3
3691,3173,3
4802,3507,4
4802,2348,2
4802,1250,1
1988,3831,4
1988,3618,1
4802,41,4
1988,1997,2
1988,3507,2
1988,2791,1
3691,3355,4
4802,2890,1
3691,3753,3
3691,2600,2
18,1683,2
18,454,3
18,266,3
18,838,4
18,26,3
18,3448,4
18,261,3
18,3723,4
18,2145,1
18,2718,1
18,249,2
18,86,4
18,2573,3
18,1643,1
18,475,3
18,1721,1
18,1271,2
18,412,3
18,1639,3
18,302,2
18,1635,3
18,3668,4
18,3252,1
18,3526,1
18,3108,1
18,1357,3
18,3255,1
18,1784,2
18,2739,4
18,1185,4
18,2025,1
18,2076,2
18,2020,4
18,232,2
18,2268,1
18,778,4
18,3260,3
18,1678,1
18,2291,2
18,1962,2
18,1186,1
18,2959,1
18,222,3
18,1094,3
18,1682,2
18,1968,4
18,1246,1
18,1960,4
18,17,4
18,2336,3
18,1956,4
18,2348,4
18,920,3
18,2248,4
18,2686,3
18,1411,2
18,1207,3
18,2858,2
18,1193,4
18,527,2
18,1873,1
1733,3571,4
18,1804,3
18,532,2
18,1918,2
18,3247,3
18,1711,2
18,1805,1
18,2278,4
18,1732,3
18,2194,1
18,2764,1
18,493,3
18,1396,1
18,2542,4
18,2391,1
18,1500,1
18,47,1
18,1089,1
18,296,2
18,1234,2
18,50,3
18,1005,4
18,2953,1
18,2042,1
18,2014,1
18,3399,3
18,2082,1
18,2083,4
18,1013,4
18,2052,2
22,1991,1
22,3660,1
18,3398,2
18,586,4
18,2384,3
18,531,1
18,551,3
18,3397,3
22,3017,2
22,1974,3
22,3917,1
18,262,4
18,1028,1
18,34,1
22,3016,1
18,3396,1
22,1347,2
18,2123,4
22,1994,4
18,2142,1
18,48,2
22,546,3
22,1882,3
18,2141,1
18,1064,2
18,616,3
18,2090,1
18,2089,4
18,1033,1
22,256,1
18,1025,1
18,313,3
18,783,1
18,1907,2
18,2081,2
18,1029,4
18,2294,1
22,173,3
18,2096,1
18,2085,1
18,741,2
18,1022,4
18,2394,2
18,1032,3
18,2018,3
22,1876,2
22,780,2
22,2428,1
22,2628,3
22,316,1
22,442,3
22,1527,3
22,2393,2
18,594,2
18,3034,3
18,596,4
18,1688,2
18,2078,3
18,595,4
18,1282,3
22,480,1
22,1676,2
22,1584,2
22,589,2
22,2916,4
18,588,1
18,2139,2
18,2137,2
18,2080,2
18,3751,4
18,364,3
18,2355,3
18,1,4
18,2450,1
18,2421,2
18,2735,4
18,1049,4
18,2723,1
18,168,2
18,1552,2
18,736,1
18,2133,3
18,158,3
18,1587,2
18,3269,3
18,2470,2
22,466,2
22,818,1
18,421,1
18,2116,3
22,3247,1
22,833,3
22,473,1
18,940,4
18,3175,1
18,3494,3
22,3258,4
18,3479,2
18,590,1
18,3461,1
22,1689,4
22,1020,4
18,1259,4
18,29,2
18,1197,2
18,919,1
18,1274,3
18,1344,3
18,2987,1
18,1617,3
22,2249,3
22,586,1
22,333,3
22,2004,3
22,2012,3
22,1441,3
22,3243,2
22,1391,1
22,216,3
22,248,2
22,532,1
22,784,1
22,3120,3
5233,1169,3
18,3877,4
18,2153,3
22,3208,4
22,500,1
22,2671,4
18,546,2
18,1499,4
18,1882,2
18,1562,1
22,312,3
22,1485,4
22,708,4
22,2572,4
22,344,4
22,585,2
22,231,1
18,3889,3
18,839,4
5233,1545,2
22,1377,3
18,2422,1
18,2701,4
22,1215,3
18,1591,3
18,3705,1
18,737,1
18,3439,2
18,2404,4
18,1606,3
22,3450,4
18,2253,1
22,1476,3
18,1739,1
22,180,4
22,1425,1
18,2373,1
18,2402,4
18,327,4
22,3052,1
18,1379,3
18,405,3
22,1732,3
22,330,4
22,3255,3
18,485,4
22,663,2
22,2302,1
22,380,1
18,3440,4
22,368,2
22,1580,1
18,3698,2
18,44,3
18,153,1
22,3174,3
22,3358,2
22,799,2
18,3257,1
18,1544,1
18,208,2
22,2502,2
22,2321,1
22,1747,4
22,2108,1
22,1883,4
22,104,2
22,223,2
22,3809,1
18,2807,3
18,466,4
18,1676,2
18,1378,2
3591,3717,2
22,81,4
18,1377,2
18,1690,4
22,2124,4
18,288,1
18,434,4
22,1517,1
22,39,2
18,1876,2
18,1391,2
22,1923,4
18,95,4
18,2002,3
22,2395,1
18,2826,3
18,552,2
18,780,4
18,2617,2
18,292,2
18,1801,4
22,1265,3
18,3704,4
18,2193,4
18,2105,4
18,2370,2
18,2414,3
18,3623,3
18,353,3
18,2893,2
18,2167,2
18,2763,2
18,648,3
18,2989,1
18,10,2
22,3388,1
18,1527,3
22,2072,3
22,1091,4
22,2163,2
22,2374,3
18,2001,2
18,1580,4
18,380,3
18,2006,3
18,2115,3
18,163,3
22,2717,2
22,2478,3
22,2792,2
18,3527,1
18,1275,3
18,2916,4
22,2413,2
18,592,2
18,3633,2
18,368,3
18,377,2
18,555,2
18,2993,2
22,2470,3
22,2794,3
18,1215,2
22,2081,3
22,2416,3
18,2948,3
18,3753,2
18,3639,1
18,1408,1
18,3793,2
18,2000,4
18,2951,3
18,3635,4
22,3033,3
22,2133,2
22,2746,2
22,2003,1
22,2150,1
22,1261,1
18,3578,4
18,1240,1
18,3703,1
18,3418,4
22,2134,2
22,2371,1
22,3552,3
22,2406,3
18,2947,3
18,1954,2
18,1210,4
22,2423,1
22,2797,2
22,2100,3
18,589,1
22,3210,4
18,1291,3
18,969,4
18,1387,1
18,1200,2
18,1036,1
22,3608,1
22,2174,2
22,3039,4
18,1201,3
18,1242,1
22,2795,2
18,1196,4
18,2019,4
18,1198,3
18,110,3
18,2028,1
22,2716,1
22,2791,3
22,2064,4
22,1270,2
22,3253,2
22,3254,3
22,1967,2
22,2265,1
18,1126,4
18,1654,3
18,2622,3
18,3489,2
18,3438,4
18,1702,3
18,2143,3
18,653,4
18,2,3
18,2054,4
18,2872,2
18,2093,3
18,2628,4
18,1967,1
18,2005,2
18,2100,4
18,367,3
18,2161,3
18,2021,2
18,2087,2
18,260,3
18,1073,3
18,2797,3
18,1097,2
18,2140,4
18,3911,2
18,902,1
18,1367,3
18,291,1
18,2616,1
18,2375,1
2119,1073,4
2119,2,1
1599,1136,2
1599,1456,4
120,1208,2
120,3006,4
120,2664,2
120,994,3
120,1394,1
120,2028,2
120,1214,3
120,2915,4
120,1222,2
120,457,1
120,1036,3
120,904,2
120,3469,2
120,1247,1
120,1207,3
120,1304,3
120,318,3
120,1198,1
120,903,3
120,1136,4
120,1219,3
120,2804,4
120,923,4
120,1945,3
120,1225,2
120,1203,2
48,1310,4
48,3926,3
48,880,2
48,2827,1
48,379,4
48,185,2
5737,1394,4
48,196,2
48,748,1
48,2531,4
48,3269,3
48,2664,1
48,3471,2
48,1253,3
48,1474,1
48,2555,4
48,419,1
48,1602,2
48,65,4
48,2379,4
48,234,4
48,374,3
48,2392,4
48,1526,2
48,2053,3
48,1703,4
48,518,1
19,1259,1
19,3114,1
48,2574,2
19,3717,2
19,2490,3
19,1792,3
19,1371,3
19,3744,1
19,1608,2
19,648,2
48,267,1
19,2094,4
19,3208,3
19,1552,2
48,719,4
48,19,3
987,1300,3
19,2414,2
19,3082,2
19,380,3
19,2640,3
26,3690,3
19,165,2
19,2353,1
19,1261,4
26,2950,3
26,3689,4
19,2699,3
19,1372,4
987,2324,2
19,1376,1
19,3527,2
19,733,1
48,413,3
19,1375,2
19,1580,2
26,2404,1
26,3331,3
19,2376,1
26,2473,1
48,818,4
987,1179,2
987,1247,3
19,1220,2
19,10,3
19,2628,4
19,1370,4
19,377,2
26,2794,4
48,2136,2
48,2378,2
26,2411,1
19,368,1
26,3584,1
19,2529,2
19,2001,3
19,2989,4
19,1597,2
48,542,1
26,3423,2
48,3258,3
48,276,2
19,3638,1
987,3552,4
48,429,4
48,1911,2
19,1610,2
19,2662,4
19,3633,2
19,2393,3
26,2247,4
48,435,3
987,969,1
3688,1893,2
26,2403,4
19,3624,2
19,1291,3
19,2571,4
19,3639,2
48,1091,2
48,3388,4
26,2418,1
26,2369,1
26,2003,2
48,1461,4
26,1298,4
26,1347,4
26,3525,1
19,2947,1
19,3635,4
19,2949,1
19,2948,2
48,256,2
48,829,4
48,516,3
26,2420,2
19,2993,3
19,2366,1
19,2991,3
26,3308,3
26,2470,4
3688,1237,4
19,1277,3
26,2746,1
26,592,2
26,3846,2
3688,1299,4
19,1197,4
19,1214,3
19,457,3
19,2028,3
19,2692,1
19,1240,4
48,2335,1
3688,3134,4
26,1994,1
987,1542,1
48,2717,4
26,3441,3
987,2858,3
3688,154,3
48,2860,3
48,2792,1
26,2261,4
26,3101,2
26,2716,3
19,1198,2
19,1196,1
19,260,3
987,2693,3
19,1210,4
19,2115,1
48,765,1
19,527,1
26,2243,1
19,593,1
19,2527,3
48,1665,3
26,1663,1
26,3098,4
26,1957,4
26,1285,3
26,1079,3
2060,3785,2
48,2431,2
26,2312,2
2060,3556,3
26,1302,2
26,1246,4
26,1090,3
26,3360,1
48,252,3
48,743,2
48,3208,3
26,1291,4
26,3361,1
26,1961,1
26,1198,2
48,3099,2
48,3591,3
26,487,4
26,694,2
26,3268,4
26,3130,2
26,2392,2
26,416,1
48,901,4
26,2412,4
26,2906,1
26,2798,1
48,2004,3
26,38,1
26,1391,3
48,2746,4
48,450,3
26,3056,2
26,3248,1
48,2416,2
26,1461,1
48,514,3
26,2042,3
26,2953,4
26,2053,4
48,3614,3
48,2759,4
48,3869,1
26,315,3
48,2100,1
48,3948,1
26,278,4
26,724,4
26,1463,4
26,762,4
26,333,4
48,21,1
26,2429,4
26,765,4
26,432,3
48,2671,3
26,472,3
26,2805,3
26,303,4
26,1390,1
26,4,1
26,216,1
26,1779,1
48,937,4
26,612,2
26,424,4
26,804,2
26,1425,4
26,3082,1
26,3500,2
48,3868,2
26,5,4
26,708,2
26,2387,4
26,1586,4
26,378,4
48,1060,1
26,3156,2
26,1271,3
26,467,4
26,208,1
3326,3408,4
3326,3893,1
48,1968,2
26,350,3
26,450,3
3326,3897,3
48,3363,2
26,1721,3
3326,1387,4
48,3424,1
26,1608,1
26,1883,2
26,412,1
3326,2408,4
3326,1608,3
2478,2203,3
26,780,2
26,2916,3
3326,3286,1
3326,3785,3
3326,240,1
3326,1544,3
26,3418,2
3326,277,1
48,3421,4
3326,2657,4
3326,3483,4
26,62,3
3326,2033,3
3326,1286,3
48,2016,2
3326,648,4
3326,3745,1
26,1678,3
3326,480,3
3326,3863,2
3326,3755,3
4823,2863,3
3326,551,4
3326,3159,3
3326,1466,2
3326,524,3
3326,3507,3
3326,1282,2
20,1923,2
3326,2791,2
3326,1997,2
3326,3751,4
3326,2160,4
3326,1171,1
20,457,1
20,2571,1
20,110,4
20,589,4
20,1912,3
3326,1248,1
3326,1249,2
3326,1250,4
3326,2858,1
3326,3730,3
20,70,3
20,648,1
20,3863,4
26,2054,2
20,3578,3
26,317,1
26,2628,3
20,47,4
26,2797,1
26,1376,2
26,3703,4
26,1240,2
26,1097,1
20,1617,1
26,1196,4
20,2028,1
26,3254,3
26,381,3
26,1947,3
26,1958,1
26,2248,4
26,3528,3
26,3502,4
26,1028,2
26,1381,2
26,1588,4
26,3448,3
26,1247,3
26,3269,1
26,2291,2
26,441,3
26,2266,2
26,3705,3
26,1517,1
26,588,1
26,2020,3
26,2541,4
26,3707,3
123,1258,3
123,3697,4
26,2375,4
26,3809,1
26,3608,3
26,2109,2
26,1380,1
26,1135,3
26,2011,3
26,2111,3
123,78,4
26,2134,4
26,7,1
26,3591,1
26,2791,3
123,3253,3
123,3937,3
26,2700,4
26,2174,1
26,2302,3
26,2463,2
26,2245,3
26,2407,4
26,3253,1
123,3259,1
26,1073,2
26,3543,2
26,3526,1
26,2795,1
26,2352,2
26,2144,1
26,2918,1
26,2423,4
123,2749,3
26,1968,3
26,3114,4
26,1259,3
26,3421,1
26,1394,2
26,1556,3
26,3206,3
26,2259,2
26,122,4
26,118,1
26,207,3
26,2822,2
26,48,2
26,1100,3
26,168,4
26,252,1
26,64,3
26,788,4
26,1409,4
26,2802,2
26,1597,3
26,2340,4
26,2146,1
26,1801,3
26,3501,1
26,2469,1
26,2406,2
26,74,1
26,2100,1
26,3684,2
26,2424,4
26,2081,3
26,440,4
26,1101,2
26,377,1
26,471,3
26,2145,4
26,1265,1
26,1393,4
26,1307,3
26,1997,1
26,3287,3
26,2335,4
26,609,1
26,818,4
26,455,3
26,267,2
26,673,1
26,1021,3
26,429,3
26,542,4
26,435,1
26,1544,1
26,135,2
26,830,3
26,370,4
26,1880,3
26,1689,3
26,248,3
26,1126,2
26,3063,4
26,2724,2
26,276,4
26,1917,2
26,1541,3
26,344,2
26,2316,4
26,518,4
26,2082,3
26,234,2
26,586,4
26,3,3
26,784,4
26,1713,1
26,585,2
26,445,2
26,466,1
26,1015,1
26,3257,1
26,95,2
26,1888,2
26,1422,3
26,413,2
26,1833,4
26,736,4
26,2004,3
26,648,3
26,3263,2
26,1722,2
26,231,4
26,1092,2
21,2800,2
26,2759,3
26,2059,3
26,852,1
26,368,3
21,596,2
21,2394,4
21,2294,3
26,3173,4
21,3745,1
21,588,3
26,339,4
26,491,4
21,2355,2
21,2987,3
21,2700,2
21,2761,3
21,3000,3
26,2712,2
26,2539,3
21,1,1
21,1274,3
21,2018,3
990,357,1
990,3261,1
26,3274,4
990,2699,2
26,1711,3
990,231,2
990,585,3
990,2012,1
26,454,1
990,2424,1
990,252,2
1873,3624,4
26,1485,4
26,3450,4
990,3060,1
990,1414,3
990,101,2
990,708,1
990,539,3
990,104,1
26,1498,4
26,1810,2
26,2706,1
26,2321,3
26,1777,1
26,1370,1
26,161,2
21,1645,1
21,3268,3
21,3704,4
21,3774,3
21,1210,3
26,539,3
21,3053,2
21,585,1
21,2701,3
26,628,4
26,500,3
26,3252,3
26,1682,2
26,1640,1
26,597,4
26,2890,1
26,1584,1
26,3100,2
26,1923,2
26,587,3
26,356,2
26,2447,1
26,1966,2
26,2355,2
26,104,2
26,2268,4
26,524,3
990,1265,2
990,2542,2
990,3450,4
990,440,2
990,322,1
990,11,2
990,1517,1
990,3175,3
990,1885,3
990,235,4
990,2433,2
990,2541,4
990,2710,1
990,2694,2
990,2683,2
990,2707,2
990,2706,2
990,2826,4
990,1127,1
990,2492,4
22,3869,4
22,370,2
22,3868,2
22,2338,2
22,2122,3
22,3355,3
22,3113,1
22,798,2
22,3835,3
22,3661,4
22,185,1
22,1037,1
22,786,2
22,1687,2
22,1917,2
22,1544,2
22,2320,1
22,849,3
22,736,4
22,257,1
22,1479,2
22,1438,2
22,3257,1
22,2826,3
22,2273,4
22,1552,2
22,2490,3
22,1792,4
22,95,4
22,70,4
22,1608,2
22,353,3
22,2699,2
22,1597,3
22,292,4
22,1205,4
22,1909,3
22,543,2
22,2263,3
22,1573,3
22,288,1
22,3267,3
22,377,3
24,1193,4
22,230,3
22,1921,4
22,587,3
24,858,2
22,1047,2
22,47,3
22,474,4
22,454,3
22,1625,2
29,2550,2
22,1036,3
22,163,3
22,2391,1
22,2571,2
22,1240,3
22,2762,4
22,1200,1
22,1089,3
22,3535,4
22,3826,3
29,494,3
29,3633,4
29,2617,2
22,1748,1
29,3366,3
29,3836,3
29,349,2
29,733,4
29,1101,4
29,2403,3
29,2989,1
29,3256,2
29,3639,4
29,1129,3
29,1376,2
29,2115,1
29,610,2
29,1356,1
29,3197,2
29,2993,1
29,3635,4
29,2991,3
29,1785,4
29,2193,4
29,2406,4
29,2527,3
22,161,3
29,3740,1
29,353,2
29,2058,2
29,969,2
29,163,4
29,480,4
29,1527,4
29,1370,4
29,3418,4
29,288,2
29,3726,2
29,2490,4
29,377,3
29,3769,1
29,2534,3
22,3526,3
29,3702,3
29,3753,3
29,3527,3
29,2000,4
29,1580,4
29,1127,4
22,592,1
29,1215,3
29,2662,2
29,3793,3
29,21,1
29,3104,4
29,474,2
29,1954,4
29,3062,4
29,1210,2
29,2916,2
29,2951,3
29,2948,4
29,2949,3
22,16,2
29,1610,3
29,3654,4
29,2363,3
29,1374,4
22,32,3
22,2291,2
29,3405,4
29,1242,3
29,1220,4
29,110,2
29,1953,1
29,2872,3
29,589,3
29,1222,2
29,1196,1
29,1287,2
29,2944,1
29,457,2
22,1653,1
22,1246,1
29,2529,2
22,1673,3
29,1291,3
29,1387,2
29,1240,4
29,1304,2
29,1221,1
29,1200,1
29,1198,2
29,2571,3
29,1214,1
29,1036,4
29,2947,3
22,1953,2
22,1253,3
22,1222,2
22,2348,1
22,1259,1
22,1358,2
22,110,1
22,919,1
22,1247,3
22,608,1
22,296,4
22,1225,4
22,858,3
22,318,4
24,2628,1
24,329,3
22,1405,1
22,2141,3
24,2640,1
24,592,2
22,1566,1
22,2189,4
24,1073,3
24,1291,1
24,3175,1
24,3699,1
24,2987,3
22,610,4
22,2987,3
22,2138,3
24,1198,1
24,919,2
24,260,2
22,1282,4
22,2139,4
24,50,1
24,1265,3
24,3685,1
24,902,2
24,1094,1
22,671,1
24,2692,1
24,2396,3
24,920,1
24,1674,1
24,1535,1
22,2324,1
22,1278,3
22,2918,2
22,1197,2
22,2396,2
24,1230,1
22,1080,4
22,1288,2
22,2997,4
22,2858,1
22,1394,4
22,3037,1
22,1136,2
169,978,2
25,2324,2
22,771,3
24,3081,1
22,648,4
22,3624,2
22,3578,3
22,3300,3
22,3753,4
24,2734,2
24,153,4
24,648,4
24,2723,1
24,303,3
24,1580,4
24,380,4
24,3000,1
24,590,1
24,500,2
24,208,1
22,111,4
22,1214,4
22,1210,1
22,2985,3
22,1606,4
22,1196,4
24,1027,3
24,802,3
24,261,4
24,1788,2
24,175,3
24,2023,3
24,1633,3
24,1584,4
23,593,3
23,3708,1
23,435,3
25,473,1
25,688,2
25,157,1
25,1920,3
23,908,4
23,2419,4
23,196,3
24,468,4
24,2683,2
24,585,2
24,2424,4
24,1057,4
24,3254,3
24,2836,1
25,110,1
24,539,2
24,2671,3
24,1441,2
24,1569,3
24,1377,4
24,1777,2
24,597,1
24,3129,4
24,372,3
24,266,4
25,546,2
24,3354,3
24,2132,1
24,110,4
24,3471,2
25,1704,4
24,1296,1
25,1882,4
25,737,3
24,953,2
25,1373,1
24,1704,4
24,3160,3
24,1090,3
24,296,2
24,2028,4
24,1263,1
25,1610,2
25,150,3
25,1544,3
25,2501,1
25,435,3
24,1358,4
24,318,3
24,1247,2
24,608,2
25,2173,1
25,1831,3
25,1917,2
25,1391,2
24,1213,1
24,2858,3
25,1676,1
24,1225,3
25,2094,1
24,912,1
25,329,3
25,788,4
24,593,2
24,527,4
24,1221,3
25,1205,3
25,1909,4
25,1291,1
25,2011,4
25,1573,2
25,3156,3
25,1876,3
25,1371,3
25,2393,3
1010,3160,2
25,1580,1
25,2012,2
25,3676,2
24,2918,3
24,3072,3
24,2716,3
25,1375,2
25,1129,4
25,1376,1
24,3361,1
24,1197,1
24,2064,1
25,1387,4
25,1356,4
25,780,2
25,1372,1
24,2145,1
24,1958,2
25,1653,1
25,1374,3
25,480,1
25,1921,3
24,2407,4
24,3448,1
24,2001,1
24,2100,3
24,2245,3
25,2571,1
25,1270,1
25,1210,3
24,2301,4
24,3210,2
24,2406,1
24,2243,2
24,1965,1
24,2915,4
24,1663,4
24,2081,1
24,2144,1
24,3608,4
24,3039,4
24,2248,1
24,3552,3
24,2352,3
24,3104,3
24,2797,1
24,3424,2
24,3526,3
24,2795,2
24,2174,1
25,1196,1
24,1307,4
24,1259,4
24,1288,3
24,1220,4
24,2791,1
24,1079,2
24,1270,4
25,260,1
24,1394,2
24,364,2
24,1721,2
24,3707,4
24,1784,2
24,1968,4
48,1994,1
25,2987,3
25,3793,2
48,2288,1
25,3114,3
25,2693,2
25,2700,2
25,2692,2
25,2574,1
48,1674,1
25,2502,4
25,3753,4
25,2490,3
48,608,1
25,3623,3
25,2709,1
48,1214,2
25,2676,3
48,1219,2
25,3578,1
25,2716,4
25,3717,2
48,513,4
48,1422,2
48,2311,3
48,1644,4
25,2712,3
48,1689,2
48,492,2
25,223,2
48,1625,2
48,3476,1
25,2355,2
48,924,3
48,913,4
48,903,1
25,2683,3
48,546,4
48,160,1
48,2950,3
48,1359,1
26,337,3
26,529,2
169,1729,4
26,1704,4
48,1011,2
48,2822,4
26,2858,3
25,2028,2
26,318,4
26,1,4
26,3249,3
25,2628,2
48,2135,3
48,3489,2
25,1198,1
25,2253,3
48,2968,2
26,480,2
26,511,2
26,2915,4
26,593,3
27,1254,3
27,1198,2
27,1262,4
27,1204,4
27,926,4
27,318,2
27,971,2
27,1225,4
27,1207,2
27,3469,4
27,908,1
27,912,3
27,1217,3
27,1237,2
27,923,1
27,528,4
27,2,4
27,2005,3
27,1073,1
27,2100,1
27,2872,1
27,260,3
27,2138,1
27,1097,3
27,2174,1
27,1265,2
27,3072,4
27,3037,2
27,1294,1
27,898,3
27,905,4
27,1394,2
27,2997,2
27,1180,1
27,955,1
27,1136,4
27,1188,4
27,2289,2
27,916,2
27,1276,4
27,2973,4
27,3030,3
27,947,2
27,910,2
27,3683,4
27,2186,4
27,2987,1
27,3364,3
27,930,3
27,2066,2
27,1267,1
27,1252,1
27,1617,3
27,541,1
27,3435,3
27,922,2
27,913,1
1202,3033,1
1202,2968,4
1202,2009,2
1202,2140,2
27,1282,4
27,951,1
27,2948,3
27,1248,2
27,1250,3
27,3730,3
27,2858,2
27,1997,4
27,1722,2
27,3593,4
27,300,1
27,2003,2
27,858,1
1202,3745,1
1202,3512,4
1202,3300,4
1202,3555,3
1202,3793,1
753,2107,2
753,1983,2
753,3745,4
753,3512,2
753,3646,4
753,3409,4
753,3286,2
28,1266,2
28,1660,1
28,2174,4
28,906,2
28,2947,4
32,3286,3
28,1097,1
28,1916,2
28,1923,4
28,1179,4
28,2321,3
28,39,3
28,1968,2
28,2080,1
28,3260,3
28,25,1
28,1244,1
28,2282,4
28,1956,1
28,778,1
28,1285,4
28,1411,1
28,1271,4
28,3334,3
28,3671,4
28,1704,4
28,1748,2
28,650,3
28,2398,4
28,608,3
28,902,2
28,3000,3
28,2248,2
28,293,4
28,1265,3
28,1136,3
28,357,4
28,930,1
28,1537,1
28,1302,1
28,1278,2
28,50,2
28,928,4
28,334,3
28,3548,2
28,846,1
28,899,2
28,2550,1
28,32,3
28,2571,2
3824,427,4
3824,2126,4
28,2997,1
28,1387,3
28,2396,3
3824,1689,1
28,2762,1
28,1200,4
3824,1964,3
28,1214,3
28,1240,1
28,2020,4
28,1997,2
3824,3730,3
28,1198,2
28,3210,1
28,3471,1
3824,48,1
3824,1688,1
28,898,1
28,2599,4
3824,2877,4
3824,2135,2
28,1225,1
3824,2300,3
28,3097,3
28,1284,4
28,1230,2
3824,2055,3
3824,432,3
28,1224,2
28,954,3
3824,3494,2
3824,2921,4
28,1277,1
28,318,3
28,1617,2
28,1247,1
28,904,3
3824,317,1
3824,2193,1
3824,1009,1
3824,1073,4
3824,2138,3
28,919,3
28,1196,2
28,593,4
28,260,4
28,1208,2
3824,1586,2
3824,1564,1
3824,1020,4
3824,1425,3
3824,786,3
3824,231,4
3824,2500,1
28,3101,1
28,2918,2
28,2908,2
28,2881,1
28,2011,4
28,2797,1
3824,500,1
3824,3258,4
3824,3450,3
3824,1405,3
3824,2879,4
3824,188,3
3824,442,1
3824,1614,4
28,1210,1
28,454,1
3824,2249,4
3824,468,4
3824,653,4
3824,2002,2
3824,1483,1
28,1197,4
28,901,3
28,1291,1
3824,784,2
3824,280,4
28,1193,2
3824,2283,1
3824,3544,3
3824,2713,3
3824,81,1
3824,1569,1
3824,1711,4
3824,1429,1
3824,344,2
3824,410,1
3824,1552,2
3824,1482,2
3824,1485,1
3824,1619,4
3824,1518,4
3824,1777,4
3824,368,4
3824,3809,4
3824,1459,1
3824,141,3
3824,349,3
3824,3712,2
3824,70,4
3824,1835,2
3824,1339,1
3824,587,2
3824,1721,1
3824,1177,3
3824,1377,3
3824,1385,3
3824,1620,4
3824,251,4
3824,515,1
3824,94,4
3824,852,3
3824,524,3
3824,440,4
3824,1589,2
3824,163,4
3824,1636,2
4639,3861,4
3824,13,1
3824,838,2
3824,481,1
3824,180,3
3824,1092,2
4639,648,3
4639,3744,1
3824,380,2
3824,1061,1
3824,2058,2
3824,2294,4
3824,412,3
3824,2302,1
3824,2763,3
4639,3512,2
4639,3510,2
3824,165,3
4639,3793,3
4639,3624,2
3824,2617,2
3824,2124,2
3824,3253,4
3824,3256,4
3824,377,3
3824,2710,1
3824,3082,4
3824,1907,2
3824,3255,1
3824,648,3
3824,543,2
3824,781,4
3824,1183,2
3824,2189,4
3824,320,4
3824,454,1
3824,1190,3
3824,353,3
3824,3107,3
3824,1713,3
3824,21,3
3824,733,4
32,1834,3
32,2707,3
32,2916,1
3824,367,3
32,1343,2
32,3147,3
32,1683,4
32,589,2
32,474,3
32,247,2
32,457,2
3824,590,4
3824,357,3
3824,555,3
3824,1370,2
3824,3044,4
3824,112,4
3824,1094,3
3824,2761,4
3824,3476,1
32,608,1
32,1358,3
32,593,2
32,745,2
32,50,2
32,293,3
32,2571,4
32,1617,1
3824,1799,2
3824,1641,2
3824,194,4
3824,1694,1
3824,58,4
3824,150,4
3824,2700,3
29,912,2
29,3468,4
29,1262,4
29,1204,2
29,1085,1
29,50,3
29,1225,4
29,541,1
29,2762,3
29,2660,4
29,1252,2
29,2661,4
29,318,2
29,858,2
29,3370,1
32,3079,2
32,28,4
32,2108,2
32,3159,2
29,1799,4
29,3102,1
29,2366,2
29,260,1
29,1135,3
32,1250,3
32,1296,4
30,3554,2
30,3949,2
30,1216,4
30,1265,3
30,589,2
30,2686,1
30,2571,4
30,150,2
30,1657,4
30,2997,3
30,3260,3
30,608,2
30,2762,3
30,2692,4
30,2442,4
30,162,1
30,3105,4
30,3006,4
30,1176,1
30,2966,1
30,720,4
30,1784,2
30,50,3
30,2858,4
30,296,2
30,1617,4
30,1041,2
30,1213,2
30,593,4
30,2028,4
30,527,1
30,3155,3
30,1545,4
31,3450,3
31,1485,4
31,1958,4
30,1922,2
31,3524,3
30,17,2
30,318,4
31,3525,3
31,3247,4
32,3787,4
31,2780,2
31,3341,3
31,368,1
31,934,4
31,901,1
31,3608,2
30,3911,2
31,3591,4
31,2111,2
31,2935,4
32,1208,1
30,3943,1
31,2407,3
31,2302,1
32,2028,3
31,3200,3
31,3028,2
31,1125,3
31,3040,1
32,2762,3
31,1077,4
31,946,3
31,2870,4
32,32,2
31,2065,2
31,3397,4
31,2371,3
31,11,2
32,2959,3
32,1088,3
31,3363,3
32,2020,2
31,933,4
31,2208,2
31,3349,1
31,3640,2
31,3836,1
30,1097,1
30,2544,2
31,3448,3
31,3948,2
31,21,1
31,3516,2
30,879,4
30,3072,2
30,1288,3
31,3671,3
31,3039,1
31,3685,1
31,1777,2
31,1281,3
31,898,4
31,3740,1
31,440,3
31,2001,3
31,955,2
31,3462,4
31,2144,1
31,2245,2
31,1580,1
31,1269,1
31,2423,2
31,2078,3
31,357,1
31,1937,3
32,266,3
32,3556,4
32,551,2
31,356,4
31,1297,4
31,2174,2
31,587,1
31,2355,3
31,2747,2
31,2080,3
31,2300,2
31,3088,3
31,3396,4
31,3210,4
31,905,1
31,3104,1
31,921,3
31,3451,2
31,1259,3
31,1663,3
31,1073,1
31,2000,4
31,910,1
31,2915,1
31,2064,1
31,1235,4
31,1276,3
31,1304,4
31,1230,4
31,3037,2
31,947,1
31,1265,3
31,2918,2
31,3244,1
31,3022,4
31,1307,3
31,1197,1
31,2716,3
31,1234,1
31,2874,2
31,1270,2
31,3096,2
31,3189,1
31,3012,4
31,1188,2
31,1976,3
31,961,3
31,2792,2
31,2135,2
31,2657,4
31,1129,4
31,1466,1
31,951,2
31,3675,1
31,648,2
31,480,4
31,3507,4
31,2948,3
31,1210,1
31,1136,3
31,2922,3
31,2936,1
31,957,1
31,2366,3
31,3690,4
32,3786,1
32,47,3
32,1249,2
32,3429,3
32,2858,3
32,3821,1
32,3751,4
32,1956,4
32,3101,1
32,3072,4
32,480,4
32,1784,3
2454,333,2
2454,231,2
2454,3784,4
2454,3751,4
2454,1246,2
2454,1193,2
2454,1442,1
2454,1569,2
2454,3360,2
1380,1291,3
2454,3271,1
2454,3255,2
2454,2694,3
2454,2249,3
1380,1779,2
1380,1129,1
1380,1688,1
1380,783,2
840,3785,2
33,1367,1
33,2959,4
33,1088,2
33,2926,1
33,2344,2
33,1625,4
33,3032,1
33,733,1
33,2009,3
33,3253,4
33,3699,4
33,653,3
33,509,4
33,1096,1
33,3827,2
33,1340,1
33,1245,1
33,2346,1
33,316,1
657,3117,4
33,1125,1
33,2117,3
33,3230,1
33,1792,2
33,2797,1
33,3244,3
33,1019,4
33,3250,2
33,2662,1
33,1130,1
33,3168,4
33,952,1
33,2071,4
33,3203,4
33,1372,1
33,1680,2
33,1101,3
33,3844,2
33,3868,2
33,2176,2
33,2459,1
33,2779,4
33,2649,3
33,2647,3
33,2646,4
33,2193,1
33,480,3
33,3760,2
33,2406,3
33,16,4
33,3386,2
33,454,4
33,1892,4
33,1721,4
33,3100,2
33,3418,2
33,1517,4
33,3576,1
33,2433,2
33,3044,3
33,3461,3
33,2001,4
33,3098,3
33,3186,1
33,2550,1
33,2391,1
33,345,1
33,3271,4
33,508,1
33,3671,1
33,2353,4
33,2922,3
33,3635,3
33,2916,1
33,2174,1
33,2115,1
33,3102,1
33,1356,2
33,337,1
33,3256,1
33,1079,2
33,2852,4
33,2455,3
33,1994,1
33,592,3
33,1954,4
33,3152,3
33,2313,4
33,3499,2
33,3167,4
33,32,4
33,1278,3
33,2423,3
33,2070,1
33,1785,2
33,1344,4
33,1302,2
33,1265,4
33,1086,4
33,364,1
33,1357,1
33,2206,3
33,377,2
33,866,3
33,2076,1
33,300,2
33,1127,2
33,1035,1
33,1092,2
33,2159,4
33,1012,2
33,1291,2
33,2194,2
33,969,1
33,1094,4
33,1231,4
33,34,4
33,932,3
33,3072,1
33,2661,3
33,2553,4
33,2912,3
33,3451,3
33,1674,1
33,2529,4
33,2571,1
33,1085,2
33,3727,1
33,431,4
33,1266,2
33,1206,4
33,3334,3
33,2644,4
33,2633,2
33,914,1
33,3911,2
33,2396,1
33,1961,1
33,2908,4
33,3552,4
33,971,4
33,3111,2
33,154,1
33,1208,3
33,1263,2
33,2944,3
33,1240,1
33,1956,3
33,2997,3
33,1953,4
33,1259,2
33,3340,2
33,2762,2
33,1294,4
33,1214,3
33,924,4
33,1269,1
33,2791,2
33,3682,1
33,678,3
33,1213,1
33,1219,4
33,260,4
33,930,1
33,2010,2
33,908,1
33,1250,1
33,1387,4
33,296,1
33,3735,2
33,2186,4
33,903,2
33,3362,4
33,1299,2
33,3121,4
33,1136,1
33,2132,3
33,111,4
33,3068,1
33,919,1
33,1997,3
33,3421,1
33,904,1
33,2858,1
33,1198,3
33,858,3
33,608,1
33,318,1
33,593,3
33,1196,3
33,1225,1
33,3396,1
33,2817,1
33,1210,4
33,1717,1
33,3101,2
33,527,4
453,3718,1
587,2640,3
587,1186,2
587,1124,2
587,1639,1
587,3078,1
587,1210,2
587,969,4
587,3359,1
587,3706,3
35,910,2
587,1185,3
35,3088,4
587,3246,4
587,3741,2
35,2947,4
35,3703,2
34,3257,4
34,2485,1
34,1888,4
34,2888,4
34,236,1
34,3269,2
34,550,2
34,1100,1
34,1479,3
34,605,3
34,1597,3
34,2558,3
34,1541,4
34,3259,4
34,708,4
34,543,3
34,1722,3
34,1441,1
34,339,4
34,2581,1
34,3358,3
34,7,1
34,1835,4
34,838,3
34,1569,1
34,497,4
34,2572,1
34,380,3
34,1735,4
34,2424,4
34,1188,3
34,353,2
34,587,2
34,597,1
34,163,3
34,222,2
34,356,3
34,539,2
34,2291,2
34,1680,3
34,17,4
34,2396,4
34,1393,2
34,2382,4
34,2383,2
34,2380,1
34,1381,3
34,2379,4
34,2471,4
34,2794,1
34,3388,4
34,2378,3
34,2478,2
34,2375,3
34,3387,3
34,2796,3
34,1091,3
34,2413,4
34,2072,4
34,2792,3
34,2469,4
34,2054,4
34,2369,1
34,2416,3
34,2735,4
34,3524,2
35,2385,4
34,2261,3
35,1801,3
34,2133,4
34,2145,3
35,2724,2
35,7,2
35,788,4
34,2134,1
34,2011,2
34,2100,2
34,2423,1
35,2424,1
34,3591,3
34,3039,3
34,3033,1
34,2174,2
34,2371,1
34,1079,4
35,2671,1
34,3868,3
35,1569,1
34,3424,1
35,708,1
34,2804,1
35,1733,3
35,3501,2
34,3594,4
35,2171,2
34,3623,1
35,2100,4
35,1643,4
34,3785,4
34,3597,3
34,3408,3
35,2331,1
35,838,3
34,3510,4
35,803,4
35,1408,1
36,1827,4
36,1189,3
36,246,2
35,1210,2
35,915,2
34,3536,3
35,1183,1
35,58,1
35,2633,4
35,1197,2
35,2919,2
35,2708,2
35,911,2
35,2080,3
35,28,3
34,919,3
35,2692,3
35,969,2
34,529,1
34,1704,1
34,2329,2
34,1196,1
36,2432,3
34,1207,2
34,318,4
35,1148,3
36,1393,3
36,3505,3
34,1717,2
34,3264,4
34,2160,4
34,1350,3
34,1645,1
34,2710,1
34,3499,2
34,1994,2
34,1387,4
35,3512,2
34,1997,3
34,1258,4
34,1219,2
35,3852,2
34,2747,3
35,3566,2
34,3712,1
34,3087,2
35,3189,2
35,3831,2
34,2001,3
35,3567,2
34,2081,4
35,3320,3
34,3608,4
34,1641,3
34,3450,3
35,3751,1
34,2108,3
34,2406,1
34,2671,2
34,11,2
34,2795,1
34,3253,3
35,1393,2
34,3526,3
34,837,2
34,2302,3
35,3060,2
34,1028,4
34,2109,4
34,39,3
34,2700,3
34,441,4
34,1784,2
34,1923,4
34,1500,1
34,2000,3
34,2915,2
34,3104,4
34,1968,2
34,2791,2
35,2611,2
34,2144,3
34,1197,4
34,933,4
35,2336,3
34,1307,1
34,1285,2
35,2932,3
34,3481,3
35,953,1
35,3408,1
34,3361,4
34,3088,1
34,2248,4
34,1278,3
34,34,1
35,1957,2
35,1955,2
34,1259,2
34,2716,3
35,1419,1
35,1704,1
34,2918,1
34,1,4
34,2324,3
34,1270,3
35,1103,3
35,3347,2
34,2858,4
3562,2982,1
34,745,4
34,1148,4
35,17,3
35,1272,4
35,1964,3
35,1094,2
35,800,4
35,2289,1
35,36,3
35,3359,2
3562,832,2
34,3219,3
34,1097,4
35,1231,2
34,455,2
35,1196,2
34,2432,3
34,1895,4
34,1721,4
3562,1343,3
35,1276,3
35,2966,1
35,296,4
35,123,3
35,3152,4
35,318,4
2106,2318,4
35,912,3
35,2575,2
35,1370,4
35,3176,3
35,1732,1
35,2571,2
35,1358,2
35,2762,1
35,1264,1
35,1269,2
35,965,4
35,608,4
35,908,3
35,1252,1
35,904,3
35,2186,3
35,2088,3
35,1030,4
35,1760,3
35,1220,3
35,3725,1
35,1380,4
35,2081,2
35,3675,3
35,1081,3
35,3549,4
35,2078,2
35,2087,4
35,3061,3
35,938,3
35,918,1
35,1029,2
35,914,2
35,1035,1
35,2303,2
35,2300,4
35,595,2
35,945,3
35,2863,4
35,1028,4
35,919,1
35,899,4
35,2478,1
35,3074,3
35,1201,4
35,2951,2
35,2921,1
35,2922,4
35,3508,2
35,1266,4
35,1283,4
35,3365,2
35,3681,3
149,543,1
35,3473,1
35,3812,2
149,454,1
149,1909,1
149,1092,2
35,1078,1
35,2238,4
149,628,1
149,3176,3
35,3671,3
35,3099,1
35,1278,4
35,1292,4
149,587,2
149,481,2
35,1294,2
35,1230,2
35,1136,3
35,1080,4
35,948,1
149,3354,3
35,971,2
35,3871,1
35,1946,4
35,2731,2
35,1945,4
35,2019,2
35,1013,2
35,3451,1
35,2969,1
35,154,1
35,3788,2
35,3461,1
35,1949,2
35,3467,3
35,1247,1
35,1251,4
35,2732,1
35,3030,4
35,3584,2
35,2942,4
35,2420,2
35,592,2
35,1124,1
35,2474,3
35,3649,3
35,2312,3
35,1302,2
35,2065,2
35,2926,2
35,2020,2
35,2313,3
35,1674,4
35,3700,3
35,2352,1
35,3091,3
35,3068,2
35,3685,3
35,1185,1
35,1225,1
35,1288,4
35,1217,2
35,1172,3
35,1300,2
35,728,4
35,39,4
35,2396,3
35,2858,1
35,357,1
35,3083,4
35,2682,2
35,824,2
35,2239,2
35,1198,2
35,155,3
35,1835,2
35,902,1
35,863,3
35,1096,3
2380,3646,1
2380,3285,4
2380,3717,3
2380,3565,1
2380,3755,4
2380,3534,2
2380,3513,3
2380,3298,1
2380,3301,1
2380,3555,1
2380,3623,3
2380,3793,4
2380,3948,2
2380,3751,3
2380,3831,1
2380,3578,2
4277,2792,4
4277,1286,3
4277,524,2
4277,3509,1
4277,2785,1
4277,3300,1
4277,3753,2
4277,2885,4
1246,2394,2
1290,3943,4
1290,3160,4
1922,2607,4
2060,3617,3
90,3745,3
48,355,2
48,1021,4
48,2953,1
48,575,3
48,107,2
48,1005,2
48,2050,2
48,54,1
48,2042,2
48,2082,1
48,1009,1
48,2141,1
48,2093,1
48,1015,4
48,2059,2
48,2089,2
48,1013,1
48,1016,3
48,1007,4
48,3398,1
48,1017,4
48,2015,3
48,2720,1
48,3877,1
48,2817,3
48,1562,1
48,2422,1
48,3439,1
48,798,1
48,2412,1
48,173,4
48,2404,1
48,1882,2
48,2965,2
48,15,4
48,2411,4
48,2421,4
48,836,4
48,533,1
48,1752,2
48,2532,4
48,1831,2
48,360,4
48,1100,3
48,485,4
48,1320,4
48,2533,3
48,3082,1
48,2410,2
48,1690,3
48,786,4
48,2405,3
48,1762,2
48,423,1
48,170,4
48,376,1
48,3404,1
48,1687,2
48,1792,3
48,1833,1
48,1597,3
48,2616,2
48,2126,2
48,1552,3
48,2409,4
48,2530,1
48,1479,2
48,2990,3
48,2334,3
48,2414,4
48,2989,3
48,3638,2
48,2376,2
48,2023,1
48,2058,2
48,3633,4
48,3763,4
48,2194,3
48,2115,3
48,1101,4
48,2993,2
48,3527,1
48,3635,1
48,2529,4
48,2991,4
4656,3793,1
4656,3578,2
48,1954,1
48,3639,3
48,1036,2
48,2947,4
48,1242,2
48,1387,4
48,2478,4
48,2701,3
48,1378,4
48,996,4
48,1379,2
48,599,3
48,2401,1
48,3681,2
48,2921,3
48,1283,3
48,2951,1
48,1201,2
48,1945,1
48,1207,4
48,3095,2
48,923,1
48,1104,3
48,926,1
48,1221,3
48,858,3
48,902,3
48,1944,3
48,1247,3
48,2399,4
48,1702,4
3963,2336,4
3963,1393,4
48,317,2
48,3438,3
48,60,2
3963,1358,1
3963,2599,1
48,1544,4
48,1049,4
48,1779,3
48,1894,4
48,2,4
48,1917,4
48,653,4
48,168,2
48,1371,2
48,153,4
48,2617,4
48,208,2
48,736,4
48,329,1
48,303,1
48,158,4
48,2723,3
48,2193,3
48,648,1
48,2005,4
48,2640,3
48,3479,3
48,2161,1
48,1019,4
48,733,3
48,592,1
48,1291,1
36,524,3
48,1085,1
48,1259,2
36,1249,3
48,260,3
48,1254,3
48,1198,2
48,1287,3
48,1931,4
36,2469,1
36,708,1
36,1476,4
36,3525,1
36,1297,1
36,500,4
36,3712,4
36,144,1
1120,1394,1
36,2418,1
36,449,4
36,2145,2
36,1135,2
36,3087,1
36,3263,2
36,1569,4
36,1395,2
36,2371,4
36,1449,3
36,852,1
36,3253,4
36,178,4
36,587,3
36,1875,1
36,2746,4
36,3308,4
48,3254,2
48,1377,3
48,333,2
36,2406,1
36,2424,3
36,2100,2
36,2155,3
36,2321,4
48,236,1
36,3591,3
36,597,3
36,2245,3
36,2108,4
36,3052,1
48,3243,1
48,520,3
36,380,4
36,1485,3
36,2407,1
36,11,2
48,2567,4
48,2003,2
48,339,1
36,356,3
36,1641,3
48,2413,1
36,1968,1
36,3671,1
48,410,1
48,2794,1
36,3358,1
36,3039,3
36,3552,1
36,2065,2
36,1963,4
36,3255,3
36,1081,2
36,1747,1
36,441,3
36,2000,4
48,3688,1
48,2699,1
36,2716,4
36,1923,3
48,2124,1
36,1663,2
36,1285,4
36,2797,4
36,2078,3
36,2915,3
36,21,1
48,2683,4
48,543,4
36,1517,1
36,1259,3
36,2918,1
36,2352,3
36,2243,4
36,3060,4
36,2791,2
48,372,2
48,1569,4
1873,3618,2
48,2134,2
36,1278,2
36,1079,4
36,3035,2
36,2248,3
36,3526,4
48,3477,1
36,232,3
36,3037,2
36,3361,3
48,1020,3
48,2470,1
36,34,1
36,1172,4
36,3072,4
36,3424,2
36,3836,2
36,1136,1
48,2496,2
48,1010,4
36,3504,4
36,2973,2
36,1244,3
48,2406,3
48,3033,4
48,380,3
48,2423,1
36,3952,1
48,2245,2
36,3785,2
36,3821,2
36,648,2
36,3863,4
48,3261,3
36,30,3
36,2312,1
36,551,2
36,47,3
48,2926,1
48,3397,3
48,2150,2
48,1747,2
36,1250,4
48,2302,2
48,3253,2
48,2081,1
48,934,2
36,1882,2
36,172,3
36,1831,2
36,196,4
36,3697,3
36,1320,2
48,2109,3
48,2795,4
48,1923,3
36,2094,3
36,256,2
36,1544,4
36,329,4
36,2012,3
36,1676,2
36,1909,3
48,2716,2
36,1876,3
36,1356,2
36,780,1
36,1372,4
36,1573,2
36,3156,4
36,2628,2
36,316,3
36,1527,1
48,2797,3
48,597,4
48,3396,4
48,3507,4
36,1396,1
36,1580,2
36,32,4
36,589,2
36,480,1
36,1584,1
36,1653,4
36,2571,1
36,2081,4
36,1274,2
36,588,2
36,2137,2
48,2706,1
48,2791,1
48,1257,4
48,2174,1
48,3608,4
36,2294,4
48,1125,4
48,2144,1
48,915,1
48,1073,2
48,3671,1
36,2987,3
36,3793,4
36,3114,3
36,3745,2
36,2763,4
36,2693,2
48,3552,3
48,1256,2
36,2702,2
36,3176,4
36,2395,4
36,2762,4
36,3081,2
36,2502,2
36,3753,4
36,2490,4
36,3623,3
36,785,3
36,2761,1
36,3578,1
36,2580,1
36,3175,3
2529,1739,2
36,233,4
36,2959,3
36,2605,2
36,2599,3
2529,2072,3
36,2722,3
36,2541,4
36,223,4
36,2433,1
36,3298,1
36,2699,2
36,2683,2
36,2858,4
36,2706,1
36,1127,4
36,1405,4
36,2355,3
36,1907,3
36,2687,4
36,3213,1
36,2700,3
36,1,1
2669,2447,1
2669,1220,4
2669,2076,4
2669,2860,4
48,1136,1
2529,1625,2
36,3301,2
36,1097,4
2669,2953,4
2669,944,2
36,1270,4
36,2023,3
36,2250,1
36,2671,4
48,2918,2
48,1307,3
2669,1221,4
48,910,3
2669,1626,1
48,2863,1
2669,2517,2
2669,1244,4
48,916,3
2669,3420,4
2669,3498,1
2669,3649,1
48,3629,1
48,1304,1
48,3462,1
48,2804,1
2669,1952,1
2669,3534,2
48,1772,4
48,2083,4
48,2088,1
48,3142,2
48,346,4
48,1380,1
48,3675,3
48,2946,4
48,1220,1
48,1028,2
48,1288,4
48,914,1
48,1035,2
48,899,4
48,919,2
48,239,1
48,673,3
48,48,3
48,783,4
48,1405,4
48,1566,1
48,1029,3
48,3034,3
48,3483,3
204,2450,1
48,596,1
48,1022,1
48,2078,4
204,2471,1
204,761,3
48,2987,3
48,1282,3
48,2096,1
48,2857,1
204,1779,3
204,673,3
204,1009,2
204,3698,2
48,594,2
48,1274,1
48,2087,3
2904,3176,3
204,2735,1
204,3489,2
204,3834,2
204,2968,2
204,1030,2
204,1049,4
204,2429,2
204,2054,4
204,2822,4
204,986,4
204,2628,2
204,2135,2
204,2,2
204,2470,3
204,2528,2
204,421,4
204,2133,2
204,1017,2
204,3070,4
204,3175,3
48,2816,4
204,2167,2
48,1619,2
48,466,3
48,2815,4
48,1920,3
48,991,4
48,1616,1
48,1488,1
204,2046,1
204,2987,3
204,2077,3
204,3479,2
204,2640,1
204,2005,1
204,2105,2
204,2406,3
204,3770,3
204,2115,2
204,592,3
204,3168,2
204,1275,2
48,3448,2
48,3753,4
48,1927,1
48,1208,4
48,3654,2
204,1967,4
204,349,1
204,1073,4
204,2161,3
204,1197,4
204,1031,4
48,2067,1
48,1294,2
48,1090,4
48,3062,1
48,1222,1
48,969,4
48,1250,2
48,2944,2
48,920,2
204,1198,3
204,1196,2
204,1291,4
204,260,2
204,919,4
204,2871,3
204,1259,3
48,1204,4
48,1262,1
48,912,1
204,858,1
204,1225,2
204,1242,3
204,47,1
204,1201,2
204,3653,4
204,50,2
37,1088,2
37,788,1
37,1380,2
37,597,3
37,587,3
37,339,2
37,1101,4
37,252,2
37,1457,1
37,236,2
37,1569,4
37,708,3
37,2406,4
37,361,2
37,2671,3
37,3081,4
37,2108,2
37,377,1
37,2100,4
37,1094,2
37,357,4
37,356,4
37,1721,1
37,1722,1
37,2080,2
37,2081,3
37,497,4
37,1947,3
37,1307,4
37,1265,3
37,920,4
37,1247,1
37,2396,1
37,899,3
600,3646,4
600,3617,2
600,1997,2
37,912,2
37,961,2
37,1977,2
37,1976,4
37,3565,3
37,3821,4
37,3864,1
37,648,2
37,3286,1
37,480,3
37,2791,1
37,47,3
37,1997,4
37,3159,2
600,2997,3
4058,3536,1
4058,3512,4
4058,3793,4
175,2952,2
355,2965,3
355,3127,3
1352,3543,3
1352,2976,2
175,1694,4
175,2599,3
175,2762,4
175,1203,4
175,1293,2
175,1193,3
204,1732,4
204,586,1
204,2012,4
204,333,4
204,1569,1
204,2539,4
204,1441,1
204,339,2
204,2108,1
204,543,2
204,520,4
204,344,4
204,3247,1
204,2424,3
204,1485,3
204,3809,2
204,1020,2
204,231,4
204,3614,4
204,141,2
204,3450,4
204,1367,1
204,587,1
2122,3176,2
204,1042,3
204,539,2
204,1777,3
204,500,1
204,39,4
204,357,4
204,216,3
204,3174,4
204,2671,2
2122,1882,4
267,3730,3
204,367,2
2122,504,3
204,414,2
204,588,4
204,2302,3
204,1265,2
2122,2428,4
204,597,3
204,3253,3
2122,1676,3
204,2355,3
204,1,1
204,2321,1
2122,1603,4
2122,1876,1
2122,2699,1
2122,2628,4
204,104,1
204,3114,1
204,2289,1
204,1784,3
2122,780,4
2122,316,1
2122,1573,3
2122,1909,3
2122,2916,4
204,2720,3
2122,1653,2
2122,589,4
2122,480,2
204,160,1
204,1562,1
204,2253,2
204,546,4
204,558,3
204,688,4
204,327,3
204,748,1
204,172,2
204,2986,3
204,1882,3
204,173,2
204,1004,2
204,1590,3
204,9,3
204,548,1
204,1037,1
204,1831,4
204,485,4
204,227,3
204,3697,2
204,423,2
204,836,3
204,208,3
204,20,3
204,798,3
204,315,1
322,356,4
204,1320,3
204,1377,2
204,1552,1
204,2616,2
204,1690,3
204,2722,3
204,1544,4
204,3841,2
204,466,1
204,1917,3
204,434,3
322,1259,3
204,653,1
204,95,4
204,329,1
322,1948,4
322,2870,3
322,3072,3
204,1833,4
204,1438,3
204,153,2
204,2094,4
322,3363,1
322,2858,1
204,2723,4
204,1391,3
204,786,3
204,1385,1
204,2307,4
204,1754,2
204,2763,4
204,1479,3
204,1100,1
204,2699,2
204,1597,2
204,442,1
204,2023,1
204,736,4
322,2324,4
322,1304,2
204,420,4
204,2273,4
322,1276,4
204,1573,1
204,2334,1
204,353,4
204,2808,2
204,2617,1
204,316,4
204,511,4
204,165,2
204,552,1
204,1370,1
204,494,3
123,1377,2
123,3497,2
123,2558,4
204,2916,2
204,849,1
204,3256,3
204,380,2
204,2353,2
204,733,1
204,1580,2
322,368,1
322,266,2
322,3494,1
204,1408,3
204,6,2
204,2006,4
204,1608,3
204,377,4
204,1610,4
123,2112,1
322,3074,4
123,450,2
322,590,3
322,3873,1
322,3871,3
123,415,1
123,373,1
123,2411,3
123,3249,3
123,1431,1
123,420,4
3159,2712,4
123,1721,2
3159,3186,2
123,2471,4
123,2470,3
123,45,4
123,2322,4
123,3270,2
123,3167,2
123,1615,1
123,3102,4
3159,3157,4
123,1633,2
123,1727,4
3159,2598,2
123,2915,3
123,2374,4
123,1173,3
123,1923,4
123,71,1
123,1894,4
123,1355,2
123,1987,4
123,2518,1
123,1047,2
38,296,3
123,3619,3
123,1673,4
123,436,1
123,3072,2
123,3614,1
123,2316,2
123,898,2
123,1,4
123,2852,4
123,2108,3
123,2866,1
38,3948,4
38,1380,1
123,20,3
37,605,4
37,1210,4
38,455,2
123,259,2
38,2082,1
38,13,1
37,1197,4
37,2321,3
37,3399,1
38,2059,3
38,586,4
38,1688,2
123,2798,2
38,364,4
38,588,1
38,2355,3
123,1991,2
38,34,1
38,1,4
38,2096,1
38,1620,4
38,47,2
123,3014,2
123,3791,4
195,2193,1
195,2161,3
195,60,4
38,1672,2
38,3408,2
123,3105,1
123,1127,2
38,381,3
38,1088,2
195,2355,2
38,648,4
38,3623,2
38,1917,4
38,500,3
38,141,2
38,1247,4
38,337,2
38,1704,4
38,2431,1
38,1573,4
904,2917,4
904,1994,3
904,3505,1
38,2145,3
195,1920,3
904,1674,1
38,2144,2
38,902,3
904,2313,1
904,3527,3
904,1302,1
904,3424,4
195,2429,4
904,1222,2
195,673,2
38,1777,2
38,2432,2
904,1090,3
904,1200,2
195,2005,3
195,1967,2
195,661,3
38,1246,2
904,1036,3
38,2442,2
904,1299,3
904,1196,1
38,1307,3
38,2336,4
195,2294,3
38,2324,2
38,2677,1
38,92,1
38,779,2
38,2805,3
38,1801,1
38,3259,2
38,2485,1
38,1593,3
38,74,4
38,2297,3
38,1888,2
38,1479,4
38,1894,2
38,1353,4
38,691,2
38,48,2
38,2724,3
38,236,3
38,1895,4
38,361,2
38,2581,4
38,2506,4
38,605,3
38,1835,3
38,46,4
38,64,3
38,2671,4
38,1569,3
38,1441,3
38,339,4
38,2572,3
38,215,2
38,1735,1
38,1059,4
38,2340,1
38,543,2
38,1183,4
38,440,2
38,1463,3
38,342,4
38,539,2
38,1721,2
38,708,4
38,357,4
38,377,4
38,249,3
38,838,4
38,224,2
38,2171,1
38,39,4
38,17,4
38,1393,1
38,2396,3
38,265,2
38,531,1
38,356,3
38,490,1
1988,3498,1
39,3793,4
39,86,2
38,3072,1
39,3114,1
39,2763,2
39,3745,2
39,3176,1
39,3157,3
39,2700,2
38,587,1
39,3081,3
39,2396,2
39,2395,2
39,2762,2
39,2692,3
39,2906,2
39,24,4
39,3300,1
39,3753,3
39,3354,2
39,2723,2
39,2568,2
39,3623,2
39,3174,1
39,3752,2
39,2805,4
39,3160,2
39,2526,1
39,785,3
39,2676,4
39,2716,1
39,2580,3
39,3578,1
39,3175,3
195,3703,3
195,3702,3
39,2712,3
39,2959,4
39,2599,1
39,2605,1
39,3113,1
39,2759,1
39,2772,2
39,2433,4
39,3751,4
39,223,4
39,2908,4
39,2770,1
39,2355,2
39,3005,1
39,2710,1
39,2997,2
1113,3265,3
39,2683,4
39,2706,3
39,2826,3
39,2572,3
39,1127,2
39,2858,1
39,1060,2
39,2502,3
39,1732,2
39,318,1
39,1193,4
39,1617,4
39,2027,2
39,1721,2
44,2846,4
42,2371,1
42,2111,2
42,2144,3
42,2003,3
42,3087,4
42,2134,1
42,3552,4
42,1297,1
42,3448,3
42,2406,2
42,1968,4
42,3361,1
42,1220,4
42,3526,4
42,2423,4
42,1257,3
42,3868,1
42,2915,3
42,1663,3
42,2716,3
42,1394,2
42,2064,3
42,1307,3
42,1265,4
42,1079,1
42,3421,1
42,1304,4
42,34,2
44,1243,2
42,3095,2
42,919,3
42,3359,2
42,296,4
41,1643,4
42,2858,4
42,593,2
44,968,3
42,2997,1
42,923,3
42,3114,4
44,2762,1
42,318,2
42,527,4
40,2817,2
40,2816,2
41,2762,4
40,466,1
40,2402,4
44,1982,2
44,1985,2
44,1984,3
44,1986,1
44,1983,4
44,2107,3
40,2815,1
44,891,3
42,2143,2
40,780,3
40,3441,2
40,1391,1
42,317,1
44,2462,4
44,2461,3
44,2459,3
44,2460,3
40,3519,3
40,1676,2
40,3066,1
40,161,1
42,2161,3
42,2015,4
42,3479,1
42,1073,2
42,2872,4
42,2174,4
42,367,2
42,2100,4
42,2797,2
40,2941,4
40,3643,1
44,3044,1
40,2287,1
40,2669,2
40,3628,3
40,3062,3
40,356,2
42,3807,1
42,1608,3
42,2273,4
42,2403,2
44,2622,4
40,976,3
40,3836,4
40,897,3
40,2662,1
40,3406,3
42,653,4
42,1377,2
42,2013,4
42,1049,1
40,2202,2
40,2944,4
42,3740,1
42,648,2
42,1518,1
44,1265,4
40,1242,1
40,1272,2
42,165,4
40,1208,4
40,1294,4
42,3769,3
42,494,2
41,2719,2
42,3519,4
42,3153,3
42,10,1
40,3196,1
44,1278,4
42,3623,4
42,2193,2
42,2989,1
40,1927,1
40,912,3
40,750,4
42,3763,2
42,288,1
42,3555,1
42,3256,4
42,1101,4
42,1429,1
42,733,1
42,349,3
42,2115,4
42,353,3
41,3578,4
42,2001,1
42,6,1
42,2993,3
42,2058,1
42,1275,4
44,2105,4
40,258,2
40,2537,1
40,2748,4
42,377,4
44,2046,1
44,2657,2
42,3104,1
42,2000,4
40,173,1
42,1954,3
40,688,3
41,2546,1
42,2949,3
42,457,3
42,1610,2
42,1201,1
42,1287,3
42,2948,4
44,1356,2
44,2407,3
44,2640,4
44,1396,1
44,3070,4
44,780,4
42,1222,1
42,2366,2
42,1291,2
42,1953,4
40,2471,3
40,2088,1
42,1197,2
42,1036,3
44,1374,3
42,1387,4
42,969,2
42,858,4
42,1198,1
42,1221,4
44,1127,3
40,736,3
44,1748,4
44,2916,3
40,2,4
42,3269,1
44,480,1
42,2681,2
44,1196,2
44,924,3
44,3471,2
649,1639,2
42,1924,3
42,3780,4
42,3354,1
42,435,1
42,3698,2
204,2571,3
204,457,3
204,589,3
42,2533,4
42,442,4
42,1371,1
42,24,3
44,2987,3
44,1223,2
44,745,2
44,596,3
42,788,2
42,1396,3
42,2140,3
42,1372,2
42,1573,2
42,1584,4
42,2662,1
42,2985,1
42,1019,2
42,1127,3
42,3471,1
42,924,3
42,1240,1
42,1196,3
42,1214,1
44,594,2
204,3436,4
204,169,3
204,1515,4
204,455,3
42,3802,1
42,737,3
42,880,3
42,1831,3
204,42,3
42,173,4
42,2408,2
42,2456,3
204,724,1
41,2694,2
41,2710,2
40,653,2
40,303,1
40,2094,1
42,2642,4
42,196,2
42,1590,1
42,3758,1
42,172,1
204,1726,4
204,2702,2
41,2699,3
42,1591,4
40,3269,2
40,2013,3
40,60,4
204,3500,1
204,2297,4
204,2269,1
204,2688,1
204,516,1
40,674,3
40,1375,2
204,1727,2
204,3257,4
40,2105,4
40,2054,3
40,3412,1
40,3755,4
204,1888,2
204,3165,1
204,3020,4
204,498,4
40,733,3
40,329,4
40,2161,1
204,2431,2
41,224,3
40,1129,4
204,24,3
204,1918,3
204,491,4
40,1376,3
40,3417,1
40,2414,1
204,1586,1
204,3528,3
204,3502,2
204,3246,3
204,2002,4
42,2986,4
42,1373,4
40,1374,2
40,2115,4
40,2430,1
40,2406,4
42,379,3
42,1320,2
42,2094,2
204,381,4
204,1589,2
40,1580,3
42,185,1
42,1037,4
42,2034,1
42,3937,4
42,316,3
204,3156,4
40,592,4
40,421,1
40,1085,1
40,1017,2
40,3927,3
42,1779,2
42,1544,4
204,2059,2
41,1644,1
41,2338,4
204,517,4
42,2117,1
42,66,1
42,3033,4
40,952,4
40,2987,1
40,590,1
40,3461,2
40,2968,3
40,1073,4
40,2871,3
204,1027,1
42,3770,3
42,2012,4
42,1876,3
204,253,1
42,2641,4
42,2311,3
42,748,4
40,1287,1
40,1291,4
40,1127,3
204,2112,4
204,538,1
42,1917,4
40,2366,1
40,1197,1
40,1254,2
40,1196,1
204,832,4
204,105,4
41,671,4
42,3638,4
42,2393,3
42,2011,3
42,2530,1
42,2527,2
40,1262,1
40,969,2
40,1204,3
40,1198,2
40,919,1
42,2105,3
42,1527,1
42,3704,1
204,151,1
204,3108,2
42,3701,1
42,1921,4
42,3745,4
42,2528,4
42,2407,4
42,329,4
41,1658,1
204,3107,4
42,3070,2
42,1375,3
42,1909,2
42,2009,3
204,454,4
204,802,4
41,1688,3
204,388,2
204,21,4
42,3927,3
41,1196,3
42,610,3
204,1810,1
204,292,2
204,3259,2
42,3702,3
42,1129,1
42,2455,3
42,2640,3
42,2968,4
42,1580,4
41,1210,1
204,1673,3
42,780,3
42,2288,3
42,2529,3
42,2021,4
204,1094,1
204,1682,1
204,508,3
41,2628,2
41,260,4
42,1653,3
42,3175,4
204,1747,2
42,3793,4
204,11,4
40,524,3
40,1210,3
40,3247,3
42,32,2
42,1374,2
42,1206,1
42,198,1
42,480,2
204,524,4
42,2664,1
42,1356,2
42,1376,2
42,2116,3
42,1200,1
42,3703,3
40,2524,1
40,920,1
41,1721,4
204,1095,1
204,2291,4
204,34,4
204,892,4
41,2067,3
42,1253,1
42,2571,1
42,3699,1
42,1301,1
42,541,3
42,1097,4
42,3527,1
42,1077,1
204,1694,3
204,337,1
204,1584,3
204,3255,2
204,1721,4
42,1210,3
42,260,3
42,589,1
42,750,4
42,1270,2
204,3418,4
204,628,1
204,62,1
204,2501,3
204,150,1
204,608,3
204,2268,2
41,3210,3
41,110,4
41,1339,2
42,2628,2
42,1288,4
42,1124,2
41,1033,3
42,356,4
41,531,2
42,2520,1
204,110,1
204,1704,1
204,3147,3
204,2324,2
42,2916,4
42,1193,1
204,593,4
204,2028,4
204,527,4
204,318,3
204,432,1
204,303,1
204,2701,4
204,996,1
204,1266,1
204,590,4
204,383,3
204,368,4
204,553,4
204,1379,1
134,3705,2
134,15,4
134,20,2
134,798,1
134,836,4
134,1606,4
134,548,2
134,2322,4
134,420,2
134,485,1
134,786,2
134,44,4
134,996,1
134,1801,2
134,1100,4
134,95,2
134,153,3
134,1432,2
134,511,2
134,434,1
134,3438,1
134,1438,3
134,2616,1
134,1385,4
134,1429,1
134,208,3
134,1918,1
134,464,3
134,1687,2
134,1858,1
134,3257,2
134,1391,1
134,653,4
134,2807,3
134,2617,1
134,1586,1
134,1377,4
134,1792,3
134,552,3
134,2723,3
134,2490,2
134,3107,4
134,2273,4
134,353,4
134,288,4
134,112,1
134,165,3
134,2763,3
134,198,2
134,2023,4
134,2167,1
134,1408,3
134,2353,3
134,2334,3
134,10,4
134,292,4
134,380,1
134,1370,3
134,1608,4
134,3256,2
134,494,3
134,1722,2
134,2006,2
134,733,4
134,2879,1
134,2058,2
134,6,2
134,377,2
134,474,4
134,110,2
134,457,2
134,1591,2
134,737,1
134,3802,4
134,546,3
134,327,2
134,1882,3
134,2701,4
134,173,3
134,1590,3
134,160,1
134,880,1
134,172,4
134,435,3
134,849,3
134,185,3
134,2808,2
134,1037,2
134,379,2
134,1831,4
134,1762,3
134,512,1
134,1917,1
134,1544,2
134,442,4
134,2012,4
134,788,4
134,1876,4
134,24,1
134,1573,2
134,780,1
134,1580,4
134,1909,4
134,329,4
134,1676,2
134,1527,4
134,1372,3
134,1653,2
134,3175,1
134,1356,4
134,2393,1
134,1396,2
134,2916,2
134,589,1
134,2571,4
134,32,3
134,1584,4
149,3863,1
5831,3701,3
5831,3671,2
5831,3397,3
5831,3633,1
5831,1951,2
5831,2518,4
5831,3635,3
5831,3498,4
5831,3685,3
5831,3639,4
5831,2611,4
5831,3801,4
5831,3654,2
5831,3699,1
5831,3072,3
5831,1946,2
5831,3725,4
5831,3703,1
5831,3724,4
5831,928,1
5831,2609,2
5831,80,4
5831,3751,1
5831,3730,1
735,3536,2
2544,1340,4
2544,947,1
2544,2959,3
2544,2966,2
2544,3793,3
2544,3578,3
2544,3624,4
777,3698,3
408,1094,4
777,12,2
777,349,4
48,442,2
48,1676,4
48,2094,3
48,671,4
48,2393,2
48,788,2
48,1391,3
48,2628,3
48,24,4
48,1876,2
48,316,2
2832,1088,2
2832,2746,1
48,2643,3
2832,1220,3
48,2450,4
48,2642,1
48,1373,4
2832,1035,1
2832,919,2
48,2641,4
48,2011,3
48,2105,1
48,2140,3
48,1375,2
48,3699,3
48,1205,1
48,1376,4
48,2985,4
48,2021,2
48,3070,2
48,1374,4
48,1127,1
48,1270,4
48,1097,2
48,1200,2
48,1240,1
48,1196,3
48,1210,2
48,541,4
549,3694,1
192,3617,3
43,2858,1
43,3793,4
43,2763,2
43,3114,1
43,2961,4
43,2762,4
43,2396,2
43,2394,2
43,2581,3
43,2712,2
43,2599,3
43,2605,4
43,2369,4
43,2997,3
43,3298,2
43,2707,2
43,3004,4
43,2706,1
43,1197,1
43,830,3
43,1307,4
43,1961,1
43,2371,1
43,356,3
3821,1816,3
3821,3577,4
3821,1292,4
1105,2279,4
2451,3794,1
2451,3556,3
2451,3751,2
195,47,1
44,2529,2
44,2083,1
44,3398,1
44,3397,2
44,107,3
44,3396,1
44,2709,2
44,2399,2
44,2140,4
44,2018,4
44,1022,1
44,1220,1
44,1772,3
44,953,3
44,2716,3
44,2717,4
3093,1282,1
3093,951,4
3093,3730,1
3093,3717,4
44,1282,1
3093,3286,4
3093,3316,4
3093,3239,2
3093,3616,3
3093,3885,2
3093,3752,1
44,17,3
44,1197,1
44,497,2
44,2797,4
44,2918,2
3093,3618,4
44,1028,4
44,3362,3
44,2080,2
44,551,1
3093,3578,2
44,1234,3
44,1307,3
44,2174,4
3093,3859,4
44,3028,3
44,1394,2
44,1304,2
44,1136,1
44,1270,1
44,3168,3
44,260,3
44,2628,2
44,1527,3
44,2712,2
44,1,3
44,2077,3
44,34,4
44,1079,3
44,1952,3
44,2366,2
44,3927,3
44,1235,2
44,1097,3
44,919,4
44,1240,2
44,593,2
44,3260,1
44,1148,3
44,589,1
44,2396,3
44,2571,2
44,858,4
44,3011,1
44,1193,1
44,1274,3
44,318,2
44,1198,4
44,527,2
44,3821,2
44,3717,4
44,3745,3
44,648,3
44,3755,4
44,3793,3
44,3751,1
44,1294,3
44,1064,2
44,1210,4
44,1030,1
44,2471,4
514,3538,3
1958,3534,1
2832,1923,4
2832,1784,1
48,2012,1
48,2427,1
48,2297,3
48,1892,1
48,1909,3
48,3107,4
48,3270,2
48,277,1
48,5,2
48,344,4
48,340,2
48,802,3
48,586,3
48,2424,3
48,1372,1
48,3081,2
48,350,3
48,1693,4
48,231,3
48,1459,1
48,368,4
48,780,4
48,879,3
48,1027,4
48,1801,1
48,2353,2
48,2581,3
48,1722,4
48,838,2
48,509,4
48,3259,4
48,2046,1
424,2070,2
48,1457,4
48,3247,3
48,3450,3
424,3176,1
424,2840,4
48,585,1
48,1485,4
424,1513,4
48,832,3
48,486,3
48,383,2
424,2394,1
424,3219,2
48,261,2
48,534,2
48,7,3
48,647,2
48,1907,4
48,539,1
48,1810,2
48,441,2
424,3175,2
424,2716,4
48,151,1
48,1573,4
48,104,4
48,497,1
424,3113,1
424,3408,1
424,1093,1
48,2546,1
48,454,3
424,3203,1
424,2041,2
48,280,4
48,524,4
48,2394,4
424,2997,4
48,1777,3
424,2699,2
48,1042,2
48,778,2
48,1370,1
48,10,2
48,3256,2
48,165,4
48,357,2
48,515,3
48,835,2
48,1682,4
48,1398,2
48,480,3
48,3499,4
48,2321,1
424,1270,2
424,3421,2
48,1183,3
424,1214,3
424,1200,1
48,2268,3
48,3260,2
48,2396,4
48,1797,4
424,3793,4
48,3147,4
48,1265,2
48,1411,2
48,589,2
48,3213,1
48,457,3
48,1213,2
424,3160,1
424,2355,1
424,2761,2
424,783,2
3842,1221,3
45,355,4
45,2473,1
45,2356,2
45,2849,3
45,3258,3
45,830,1
45,2375,2
45,2717,4
45,489,4
45,719,3
45,3248,2
45,2417,2
45,532,4
45,2339,1
45,2829,1
45,2622,1
45,753,1
45,2241,4
45,186,2
45,287,1
45,2037,4
45,1453,4
45,1018,3
45,2961,1
45,2598,4
45,305,4
45,218,2
45,1014,4
45,1353,3
45,435,4
45,2385,1
45,1390,2
45,2694,3
45,1541,4
45,2109,2
45,2416,1
45,1016,2
45,2205,3
45,3087,4
45,1888,2
45,153,1
45,2252,4
45,633,2
45,1441,4
45,3534,3
45,104,4
45,3450,2
45,3045,2
45,1279,3
45,144,1
45,3076,2
45,2052,4
45,1135,3
45,1701,3
45,2054,1
45,1083,1
45,1677,3
45,2012,2
45,586,3
45,2144,3
45,3812,4
45,317,1
45,3614,2
45,2657,2
45,3591,1
45,2155,3
45,1414,4
45,371,1
45,2247,1
45,2700,1
45,1566,1
45,492,4
45,2492,2
45,2723,4
45,2015,3
45,2124,3
45,2738,2
45,2496,4
45,2011,2
45,3516,2
53,581,4
45,52,4
45,1580,4
45,2671,4
45,205,4
45,2718,2
45,2870,1
45,2407,3
45,3852,3
45,2245,3
45,3253,1
45,3608,2
45,1485,4
45,3507,2
45,1958,2
45,1171,2
45,3466,3
45,1875,2
3842,1313,1
45,2779,1
45,500,4
45,3099,3
45,1968,1
45,3451,3
45,2355,1
45,2150,1
45,348,1
45,1500,1
45,3175,2
45,1784,2
45,2352,4
45,357,2
45,3448,2
45,671,2
45,2918,3
45,1923,2
45,3052,2
45,3255,2
45,1966,2
45,1641,3
45,1077,4
45,2302,4
45,2174,2
45,3061,2
45,3088,1
45,2081,4
45,3671,1
45,2243,2
45,3037,2
45,2915,2
45,1537,1
45,1914,3
45,588,4
45,1269,4
45,2791,3
45,1226,2
45,728,4
45,1278,4
45,2716,4
45,3873,1
45,3814,4
45,2321,2
45,1270,3
45,3543,4
45,2997,1
45,1292,1
45,1197,1
45,1028,2
45,1235,2
45,34,1
45,235,4
45,3097,1
45,2599,4
45,3341,4
45,1,2
45,909,3
45,1304,2
45,955,3
45,2858,2
45,3504,1
45,951,3
45,910,3
45,3114,1
45,3462,4
45,905,2
45,1632,2
45,697,2
45,3705,3
45,2415,3
45,118,3
45,2884,4
45,566,3
45,2822,4
45,1043,1
45,168,1
45,1593,1
45,3436,1
45,2581,2
45,3528,4
45,2942,3
45,2266,4
45,2468,4
45,237,2
45,2558,4
45,3257,1
45,276,2
45,74,4
45,1835,2
45,804,2
45,2146,4
45,2629,4
45,3,1
45,195,3
45,1666,2
45,2316,2
45,447,3
45,378,4
45,2262,3
45,2469,4
45,2297,4
45,3524,3
45,3269,2
45,2724,4
45,2426,4
45,1821,2
45,140,2
45,3004,4
45,2292,2
45,2424,2
45,7,4
45,252,1
45,605,2
53,3437,1
45,3259,1
45,1409,3
45,1894,3
53,1609,2
45,266,3
45,1959,2
45,468,2
45,2941,4
53,1726,3
45,35,3
45,2443,1
45,691,4
53,184,2
53,510,2
45,539,4
45,469,1
45,48,3
45,779,2
45,2340,2
53,193,2
53,1417,1
53,2950,3
45,215,1
45,937,4
45,2331,4
45,736,1
53,1522,1
45,289,4
45,1057,3
45,46,2
45,2369,1
45,3358,1
45,3684,2
45,1571,2
45,1286,3
45,587,1
45,2406,4
45,2065,4
45,339,2
45,3501,4
45,1398,2
45,3044,4
53,2421,3
45,1380,2
45,708,3
53,2264,1
53,2411,2
45,852,4
45,11,1
45,900,4
45,1639,2
45,25,1
45,911,2
45,1733,3
53,55,2
45,509,1
45,1782,3
45,3874,4
45,1680,3
45,838,4
45,1307,1
45,802,4
45,377,4
45,3699,4
45,943,2
45,1296,4
45,440,3
45,1188,2
45,2248,2
45,2100,4
53,1801,3
45,497,2
45,933,2
45,2168,3
45,3540,4
53,1043,4
53,2154,3
45,2491,1
45,3612,2
45,1265,1
45,1600,3
45,2020,4
45,39,1
45,902,2
45,899,4
45,2396,3
45,1247,4
45,916,2
45,1244,3
45,3284,1
45,915,2
45,969,2
45,914,1
45,928,3
45,3244,3
45,1230,2
45,3685,1
53,2316,4
53,3045,2
53,893,1
45,3108,3
45,1948,2
45,527,4
53,1836,3
53,309,2
45,1186,3
45,920,1
53,268,1
53,148,2
53,697,1
53,1918,3
53,1888,3
53,282,2
53,2002,2
53,1620,1
53,81,2
53,3500,1
53,2420,3
53,3478,2
53,1173,1
53,35,2
53,1290,1
53,224,1
53,259,2
53,2252,2
53,1177,4
53,3620,3
53,1816,2
53,412,2
53,580,2
53,1190,3
53,1013,2
53,522,4
53,345,2
53,506,2
53,365,2
53,1611,4
53,1884,4
53,269,1
4802,3861,2
53,1621,3
53,1395,3
53,2725,2
53,2447,1
53,372,2
53,1693,3
4802,3535,2
53,1059,4
53,3477,2
53,2023,3
53,2165,1
53,358,4
53,1589,1
53,45,1
53,3591,4
53,1660,2
53,3270,2
53,1476,1
53,838,3
53,2112,2
53,3509,1
53,1701,1
53,175,4
53,1268,4
53,1365,1
53,617,1
53,1271,3
53,1735,2
53,2919,3
53,1061,1
53,341,2
53,571,1
53,2000,1
53,448,2
53,1810,1
53,764,3
53,1729,2
53,1051,1
53,3259,3
53,1633,3
53,3255,1
53,2639,4
53,538,1
53,446,1
53,3571,4
53,1721,3
53,302,4
53,3266,3
53,3261,1
53,2268,4
53,3252,3
53,2194,3
53,1554,1
53,1279,3
53,562,1
53,281,4
53,94,2
53,2114,3
53,249,3
53,3246,4
53,3098,2
53,1680,1
53,592,3
53,1392,2
53,1211,1
53,21,2
53,3685,4
53,766,3
53,3067,3
53,846,4
53,235,4
53,307,2
53,1498,1
53,1466,4
53,3747,1
53,3078,4
53,3668,1
53,3418,3
53,493,3
53,1635,3
53,2943,2
53,1968,2
53,1639,2
53,290,4
53,431,4
53,25,4
53,322,2
53,1357,2
53,222,4
53,1060,1
53,1041,4
53,3424,2
53,1682,2
53,326,1
53,2739,3
53,272,1
53,300,1
53,515,2
53,3526,3
53,1784,2
53,232,4
53,509,1
53,2890,3
53,2750,2
2593,50,2
2593,800,1
53,501,3
53,1954,2
53,337,1
53,2291,2
53,1103,3
53,1186,4
53,1962,1
53,1300,2
53,2313,3
53,456,4
53,3100,2
53,1295,4
53,1259,4
53,1246,3
53,1393,4
53,1678,3
53,3198,4
53,1946,2
53,1302,3
53,1094,4
53,1095,1
53,1277,2
53,17,1
53,953,4
53,2248,4
3963,1265,4
3963,110,2
53,529,3
53,34,2
3963,1694,1
3963,2728,3
3963,1028,3
3963,1071,4
3963,1097,4
3963,3072,3
53,1305,1
53,1046,4
53,994,1
53,150,1
53,3260,4
3963,594,1
3963,41,4
53,1272,3
3963,2947,1
3963,596,1
3963,902,4
3963,914,4
3963,2819,4
53,1913,3
53,1280,3
53,1296,2
3963,3361,1
3963,2324,4
3963,457,1
53,920,1
3963,3549,2
3963,3451,4
3963,2333,3
3963,3362,3
53,3095,3
3963,1962,4
3963,3114,4
3963,3668,1
3963,1131,1
3963,2501,3
3963,3260,2
3963,2883,2
3963,2970,4
3963,1041,4
195,3538,3
3963,1234,3
3963,949,3
3963,2010,1
3963,1242,3
3963,3634,3
3963,1961,1
3963,1217,1
3963,150,3
3963,3028,2
3963,3201,1
3963,2132,2
3963,1294,4
3963,1283,3
3963,1214,2
3963,1944,3
3963,1096,4
3963,2761,3
3963,927,4
3963,1949,4
3963,2762,2
3963,3105,3
53,2728,4
53,1704,3
53,265,4
3963,750,4
3963,1193,3
3963,1231,1
3963,922,4
3963,260,2
3963,1207,3
53,296,1
53,1207,2
53,2019,2
3963,527,1
3963,904,2
53,3030,3
53,3307,3
53,1247,4
53,2324,2
53,1952,2
53,1213,1
53,3897,2
53,1225,4
53,318,3
53,1221,1
53,1244,3
53,3092,2
53,858,1
53,1873,3
3963,3538,2
53,3877,4
53,3393,4
53,2253,2
53,2162,2
3963,1747,4
53,126,1
53,1126,3
53,3489,4
53,1848,2
53,2193,2
53,2,2
53,1009,2
53,2043,3
53,653,3
53,3153,4
53,2143,1
53,2093,2
53,2100,4
53,1967,3
53,3438,4
53,2015,3
53,3479,2
53,2797,2
53,2174,3
53,1073,3
53,2161,4
53,2872,4
53,2005,2
53,2138,3
53,1179,1
53,922,4
53,724,3
53,3919,1
53,1991,2
53,3918,4
53,2459,4
53,188,3
53,1342,4
53,177,3
53,2120,1
53,2328,1
53,3660,1
53,532,1
53,2517,2
53,2717,4
53,1261,4
53,2787,3
53,1974,2
53,2004,1
53,2148,4
53,2793,1
53,3264,1
53,2167,3
53,3550,1
53,253,3
53,2003,3
53,565,4
53,3917,1
53,1339,2
53,3018,2
53,382,2
53,3785,4
53,1347,4
53,2789,3
53,2867,2
53,1130,4
53,3693,1
53,3930,3
53,1345,4
53,1321,4
53,330,3
53,1350,3
53,2781,4
53,1982,4
53,799,2
53,735,1
53,1278,3
53,1333,1
53,3499,1
53,1997,2
53,1387,2
53,2366,4
53,3676,3
53,1258,2
53,3605,3
53,1772,1
53,1760,4
53,829,4
53,2088,2
53,48,1
53,3600,4
53,1030,2
53,901,2
53,2017,4
53,1487,4
53,783,4
53,1688,3
53,963,2
53,1088,3
53,1380,3
53,1057,3
53,1031,1
53,1566,2
53,2746,4
53,242,4
53,1029,4
53,588,2
53,1032,4
53,2078,2
53,2081,2
53,661,1
53,1028,3
53,1035,4
53,1022,4
53,551,1
53,2087,4
53,595,1
53,2096,2
53,914,1
53,199,4
53,1282,4
53,2080,1
53,364,1
53,919,1
53,594,4
46,3280,3
46,2628,4
46,3361,2
46,529,3
46,1102,1
46,2523,3
46,847,4
46,1279,2
46,3677,4
53,2413,2
53,1711,2
53,513,2
53,1689,3
46,1261,3
46,1327,2
53,2875,1
53,123,3
46,1644,1
46,2338,2
53,1627,1
46,1717,2
46,3273,2
46,1407,3
46,1977,2
46,1976,2
46,1979,2
46,1980,2
46,1981,2
46,1978,3
46,1975,3
46,1974,1
53,492,2
53,648,2
46,1986,2
46,1984,1
46,2107,3
46,1982,3
46,891,3
46,1972,4
46,1347,4
46,1971,2
46,1969,3
46,1973,1
46,1970,2
46,366,2
46,2160,1
46,3939,4
46,1983,2
46,2710,4
46,1985,1
47,17,1
47,34,4
47,1949,1
2060,3753,1
47,249,1
47,1213,2
47,1041,3
4482,3510,2
53,950,2
53,1950,1
53,2467,2
47,608,2
47,1247,3
47,1956,1
47,2804,3
47,1208,1
47,858,3
47,36,3
47,1221,4
47,318,3
47,593,2
3768,3513,3
47,527,1
53,3452,4
3768,1466,4
3768,1997,4
3768,1249,3
47,902,2
47,1089,2
47,1193,1
47,2406,4
47,58,4
53,3156,3
53,880,3
53,2808,1
53,1882,2
53,160,3
53,3802,1
53,173,3
53,2450,1
53,2986,3
53,2642,4
53,1603,3
53,435,2
53,3033,4
53,327,1
53,3326,1
53,196,1
53,3926,3
53,788,4
53,1371,2
53,2668,2
92,1387,1
921,3150,1
921,3481,1
921,3751,2
921,3578,4
53,3704,3
53,3698,4
53,2054,2
53,2021,1
53,2091,2
53,2034,2
53,2657,2
53,316,1
53,2094,1
53,1690,3
53,674,1
48,553,4
48,1580,3
48,3175,1
53,2393,1
53,611,3
53,2377,3
53,442,1
53,2613,3
53,2311,2
53,2628,2
48,367,4
48,2294,4
48,805,2
48,2278,1
53,1334,3
53,1573,3
48,3809,2
48,1608,3
48,1527,4
48,266,4
48,500,3
48,1653,3
53,2985,1
53,1580,3
53,2232,2
53,76,2
53,2046,2
53,2641,4
48,2916,4
48,1517,3
48,2006,3
53,2105,4
53,2640,4
53,1215,1
53,3701,1
48,440,4
48,3252,2
53,3032,1
53,1527,3
53,1396,2
53,198,2
48,453,4
48,349,3
48,39,1
48,3386,3
48,161,4
48,2687,4
48,1721,4
48,588,4
48,3250,2
48,1584,2
48,300,2
48,6,4
48,356,2
48,2355,1
48,377,4
48,595,1
48,1356,4
48,1610,4
53,1356,3
53,2116,4
53,610,3
53,3702,4
53,2455,2
53,2407,1
48,364,1
48,62,2
53,1019,1
53,480,2
48,1408,1
53,2363,3
53,2529,2
53,1210,4
53,2968,2
53,3927,3
53,1584,4
53,2140,4
53,718,3
48,32,2
48,2291,1
48,2890,1
48,590,1
48,1784,1
48,3255,2
48,3418,1
48,47,3
48,1358,2
53,1270,3
53,1097,4
53,1077,4
53,32,4
53,1199,4
53,1374,1
48,1266,4
53,3932,1
53,741,2
53,541,1
53,3703,4
53,29,3
53,3471,1
48,474,2
48,3006,1
48,1694,1
48,110,4
48,34,4
53,1175,1
53,260,1
53,1206,1
48,150,1
48,1,4
48,2501,2
48,296,3
48,36,1
53,1499,4
53,519,2
53,3464,3
48,2571,1
48,2324,1
48,17,2
48,2762,3
48,1704,3
48,2761,4
48,2858,1
48,336,1
48,1617,1
48,3114,1
48,1233,2
48,2028,1
48,593,2
48,527,4
48,318,3
48,50,4
53,2315,2
53,1556,3
53,427,1
53,1861,4
53,1590,4
53,2389,1
53,1591,2
53,3835,4
48,3354,4
48,3798,4
53,2468,2
53,849,3
48,3623,3
48,3615,2
53,1779,3
53,3708,2
53,1831,4
53,3063,3
53,415,2
53,2802,1
53,736,4
53,1037,3
53,172,1
48,3624,4
48,3555,3
48,3793,2
48,3578,2
48,3745,2
49,494,4
49,3452,1
53,1917,1
48,3897,3
53,2851,3
53,1552,1
49,780,1
49,2641,1
53,170,1
53,3257,1
49,349,4
49,376,1
53,1483,3
53,436,1
53,3764,2
53,1658,3
49,1676,3
49,198,3
49,380,4
49,1101,3
49,288,2
49,2763,2
49,95,4
53,1687,3
53,18,1
53,1320,3
48,1193,1
48,2054,4
48,2152,1
48,552,2
48,1197,2
48,569,4
48,66,3
53,100,2
53,2617,2
49,3082,3
49,2617,3
53,1769,2
53,1686,3
53,1480,4
53,1047,4
49,3438,4
53,70,4
53,3249,3
53,1754,2
53,3557,4
53,1597,2
53,2273,4
49,2278,4
49,3265,3
49,89,2
49,733,4
2193,3751,3
53,1608,4
53,3697,3
53,1876,1
53,2346,3
53,1479,3
53,1805,2
53,2956,3
53,3686,1
53,165,4
49,2916,3
49,2105,1
49,2058,1
49,474,2
714,886,3
53,521,4
53,1352,4
49,112,2
49,21,4
49,3740,3
49,2006,2
53,1645,1
53,3770,2
53,1092,1
53,3863,4
53,454,4
53,22,1
53,543,3
53,494,2
53,353,2
53,1732,1
53,230,2
53,1407,2
53,280,1
53,1459,3
53,1648,4
53,832,2
53,164,4
53,1909,1
53,2288,2
53,1370,4
53,587,2
53,377,2
53,2118,3
53,2353,3
53,2058,1
53,190,3
53,349,4
49,3704,1
49,1356,2
49,2344,1
53,2916,1
53,1653,1
53,2349,4
49,1527,4
49,592,4
49,2353,4
53,1921,2
53,1845,1
53,1129,1
53,1625,1
49,1408,4
49,1580,1
49,3267,4
49,1370,2
53,3256,1
53,3527,3
53,2542,3
53,1343,4
53,1994,1
49,2640,2
49,377,1
53,319,2
53,866,1
53,2183,1
53,3267,2
53,3044,4
53,2178,4
53,1748,2
49,1210,2
49,2194,4
49,3703,4
49,1215,1
49,1374,2
49,457,1
49,2985,2
49,1200,3
49,1242,4
49,2947,2
49,589,4
49,2571,3
49,2028,3
49,2692,4
49,1036,1
49,1196,3
49,858,2
53,482,1
53,3505,4
49,1054,1
53,2952,2
53,247,4
53,561,1
53,16,2
53,47,3
49,1267,4
53,1610,2
53,1674,2
53,2278,1
53,3476,4
53,1249,3
53,2571,4
53,1036,1
53,457,4
53,1240,1
53,2186,3
53,293,2
53,1214,4
53,1089,3
49,2908,1
49,13,2
49,3615,2
49,661,2
49,2394,4
49,783,3
49,2294,3
49,1566,1
49,3213,1
49,2081,3
49,1907,2
49,3000,4
4802,12,2
49,741,2
49,364,4
49,2355,1
49,1274,1
49,2700,1
49,1,3
49,2687,1
49,595,2
49,594,3
49,2761,1
49,3114,1
49,1148,2
49,159,3
49,3785,3
49,648,3
49,3755,4
49,3793,4
49,1997,1
49,3578,3
49,3751,4
49,480,1
49,527,2
2478,2997,4
49,3101,2
49,1584,4
49,556,2
49,2628,3
2669,36,3
2669,608,3
2669,1213,4
2669,356,2
2669,589,2
2669,1704,4
2669,593,3
2669,246,4
2669,318,1
2669,3301,3
2669,3355,4
2669,3755,3
2669,3300,3
2669,3753,3
2669,3513,2
2669,3916,4
2669,3408,2
2669,3554,2
1639,3225,3
2669,3536,4
1639,3578,2
2669,3481,1
62,2939,3
62,3414,2
62,3516,2
62,934,4
62,932,1
62,1226,4
62,2183,4
62,3088,3
62,1103,2
62,949,3
62,3365,3
62,1086,4
62,1203,4
62,915,4
62,969,1
62,1946,2
62,3871,4
62,910,3
62,2664,4
62,2186,4
62,1283,4
62,1944,2
62,916,3
62,899,3
62,904,2
62,1104,2
62,1945,2
62,922,1
62,926,3
62,3602,2
62,3600,1
62,2079,2
62,2946,1
62,2747,3
62,3168,3
62,2870,4
62,2729,1
62,2529,4
62,2820,2
62,3296,1
62,1035,2
62,1209,4
62,3507,4
62,3330,3
62,2857,2
62,2067,1
62,2782,2
62,3350,1
62,2300,1
62,2863,1
62,1947,4
62,1950,1
62,3789,2
62,924,3
62,1084,2
62,1276,4
62,909,2
62,1262,2
62,1219,3
62,3634,2
62,1267,4
62,1207,3
62,3011,1
62,1304,1
62,3468,2
62,1952,3
62,2177,4
62,1371,1
62,3430,3
62,2531,2
62,2657,1
62,3729,3
62,1380,3
62,2009,3
62,3015,4
62,2528,2
62,3812,1
62,2640,1
62,1345,3
62,2527,2
62,1161,1
62,2533,2
62,3702,3
62,2779,3
62,3671,1
62,3421,2
62,3508,3
62,1082,2
62,3200,1
62,3738,2
62,3244,3
62,3420,4
62,3074,2
62,1078,4
62,3198,2
62,3498,4
62,1073,3
62,3037,2
62,1077,4
62,1214,3
62,3363,3
62,2819,3
62,1955,2
62,3724,1
62,1303,1
62,3362,1
62,3152,3
62,1292,4
62,1208,3
62,1263,2
62,1964,1
62,3201,3
62,1193,3
62,260,1
62,3545,4
62,1235,1
62,3504,1
62,1252,1
62,1244,2
62,3735,4
62,1230,3
62,1294,3
62,2021,4
62,3423,4
62,3142,3
62,1088,3
62,3529,3
62,3706,2
4116,3879,3
4116,3555,1
4116,3578,3
62,1246,4
62,1199,1
62,3684,1
62,2467,2
62,2987,4
62,1962,4
62,1096,1
62,1258,1
62,3110,4
62,1956,3
62,541,3
62,1296,1
62,2130,2
4680,3831,2
62,2802,4
62,1373,4
62,3704,1
62,1375,3
62,2641,3
62,3740,4
62,1376,2
62,2001,4
62,2115,2
62,3197,4
62,2985,4
62,1291,3
62,1374,4
62,1210,3
62,3703,1
62,1275,2
62,1240,2
62,1356,1
62,1408,2
62,1916,3
62,2916,4
62,1372,4
62,6,4
62,2028,4
1449,1095,2
2904,3578,1
2904,3357,3
195,3527,1
50,3861,3
50,2241,4
50,1544,4
50,804,4
50,2135,2
50,3755,3
50,144,4
50,3578,1
50,3155,1
50,3512,1
50,480,3
50,266,4
50,1466,4
50,2312,1
50,2948,4
50,1282,2
50,2791,2
50,3565,2
50,3717,4
50,3646,2
50,3409,4
50,3785,3
50,3594,4
50,3483,3
50,3821,1
50,648,1
50,3616,4
50,3786,4
50,3510,2
50,3863,3
50,3509,3
50,3751,4
50,2160,3
50,1600,3
50,3556,4
50,3793,3
50,2858,3
50,902,2
50,524,3
50,3390,3
50,2007,1
50,2338,3
50,23,3
4791,2379,3
149,1237,2
53,1218,2
53,1274,1
53,903,3
53,589,3
53,1617,3
53,924,1
53,904,2
53,1212,4
53,608,4
3159,3534,4
149,1292,1
149,3471,2
3159,2340,1
53,593,2
53,1248,3
53,50,3
53,745,3
53,1219,4
149,1772,1
5222,3821,1
53,2402,2
53,2322,3
53,1920,3
53,1391,1
53,2815,2
53,2106,2
53,1676,3
53,1619,4
53,780,4
53,1408,1
53,1184,2
53,1205,2
53,3448,4
53,356,4
53,1222,3
53,3342,2
53,969,4
53,1200,1
53,2662,2
53,1242,4
53,1960,2
53,1208,4
53,3654,2
53,1299,1
53,2028,4
53,3196,3
53,1196,3
53,1294,2
53,1090,3
53,912,3
53,432,4
53,2012,3
53,1378,4
53,2478,4
53,368,3
53,590,4
53,1266,3
53,3671,3
53,1201,3
53,3565,2
53,2987,4
53,3793,4
53,1623,3
53,3114,4
53,3745,2
53,3157,1
53,2840,4
53,2841,2
53,2396,4
53,2762,2
53,2395,4
53,1513,2
53,2692,3
53,3512,3
53,2394,4
53,2598,1
53,968,3
53,2502,1
53,2490,4
53,2901,1
53,2581,2
53,2723,3
53,3174,1
53,3752,4
53,913,1
53,3053,3
53,2761,4
53,2720,3
53,2606,4
53,2580,3
53,2716,4
53,3578,2
53,3175,3
53,233,3
53,2712,4
53,2959,1
53,2575,4
53,2605,3
53,2718,4
53,2336,1
53,2599,4
53,2369,3
53,1093,4
53,1911,4
53,2722,3
53,223,4
53,3751,3
53,3016,1
53,3203,4
53,2541,4
53,2041,3
53,2770,1
53,2355,1
53,2038,4
2895,2188,4
53,2710,1
53,2997,2
53,3285,1
2895,3618,4
53,3004,4
53,3179,3
53,2699,4
53,2683,1
53,1127,4
53,2706,3
53,2572,2
53,2858,4
52,2706,3
55,356,2
55,150,3
55,1784,4
55,457,3
55,1266,1
55,296,4
55,589,4
55,1213,3
55,2761,3
52,3646,3
52,3821,4
51,1895,4
51,1485,3
52,3785,2
52,3861,1
51,39,1
51,348,3
52,144,2
51,2395,4
51,1517,2
51,11,2
52,3617,4
52,2858,4
51,1923,2
51,2599,3
51,799,3
52,1918,1
52,3113,4
52,2126,2
51,3255,3
51,2396,2
51,3114,2
51,588,2
51,34,1
52,3020,4
52,1100,1
51,1,3
52,1552,2
52,886,3
51,1265,2
52,517,2
52,423,2
52,70,4
51,2858,2
51,2500,3
52,376,3
52,3697,4
52,1379,1
52,1518,4
52,1676,1
52,1385,4
52,996,4
52,288,2
52,2628,3
51,3554,4
51,3897,2
52,736,1
52,1876,3
52,2699,3
52,292,2
52,3274,2
52,3107,4
52,165,1
51,318,2
52,2826,2
52,1047,3
52,493,4
52,1608,4
52,780,2
52,1370,4
52,2617,2
52,733,2
52,112,1
52,648,1
52,145,3
52,1580,2
52,1429,4
52,368,4
52,3208,2
51,3484,1
51,3409,3
52,353,3
52,2916,2
52,1573,2
52,2167,2
52,380,1
52,2763,2
51,3286,1
51,3594,1
51,3553,4
51,3821,4
52,2353,1
52,555,4
52,21,2
52,349,2
51,3618,4
51,3793,3
649,32,2
52,1277,3
52,511,3
52,6,3
52,1408,3
52,589,4
51,3863,2
51,3159,3
51,3785,2
51,3556,4
51,3617,2
52,1610,2
52,110,4
52,480,4
52,474,3
52,2028,4
52,457,3
52,1233,1
51,1721,1
51,1337,3
649,3052,2
51,3527,4
51,1617,3
51,2294,1
52,3952,4
52,3916,1
52,3948,2
1329,3616,4
52,527,2
52,1589,3
52,93,1
52,3252,4
52,593,2
53,1425,4
53,1193,2
53,694,1
53,1961,2
53,902,3
54,3507,3
54,3422,4
54,34,1
54,1079,4
54,2791,3
54,1641,4
54,3037,4
54,3421,1
54,909,2
54,2150,1
54,235,4
54,3671,2
54,1948,3
54,3363,4
54,3685,3
54,1394,4
54,1278,1
54,1235,1
54,2300,3
54,2788,2
54,1304,3
54,898,2
54,1269,3
54,3504,1
2451,3617,1
54,3873,4
54,1292,2
54,1230,3
54,1276,4
54,3362,2
54,3361,2
54,1136,4
54,3049,1
54,1234,1
54,3072,2
54,3114,2
2451,1250,4
54,3217,3
54,1206,2
54,260,1
54,1016,3
54,1193,3
1593,3821,2
1593,3785,3
1593,3512,3
2451,1997,2
2451,3578,4
55,2762,3
55,110,1
55,3114,3
55,1704,3
55,527,1
55,50,4
55,678,1
55,318,1
55,105,2
55,2687,4
173,290,3
173,3364,2
173,1068,1
173,858,3
173,1221,3
173,3362,1
58,3593,1
58,2807,2
58,66,3
58,3663,2
58,519,1
58,3664,4
58,2643,2
58,1862,4
173,2203,4
173,942,1
173,2066,1
173,930,1
58,1882,4
58,160,1
58,737,1
58,880,3
58,1591,2
58,2701,3
58,3802,2
58,2808,1
58,2456,3
58,3024,3
58,2408,1
58,2986,1
58,173,4
58,849,2
58,2642,3
58,327,3
58,435,4
58,172,4
58,2450,3
58,1831,1
58,1779,4
58,1373,4
58,1037,4
173,3913,1
173,3910,4
173,3949,3
58,1544,3
58,788,2
58,2531,1
58,2615,3
58,185,2
58,3660,4
58,2034,3
58,2668,1
58,1603,4
58,3033,4
58,2038,3
58,196,4
58,3698,3
58,3826,3
58,780,4
58,3923,4
58,3937,2
58,2613,2
58,2530,4
58,3269,1
58,2012,2
58,3697,1
58,674,1
58,316,1
58,2364,2
58,611,1
58,2054,1
58,2311,4
58,3704,3
58,1375,4
58,3070,2
58,2657,3
58,671,3
58,2640,2
58,2011,3
58,2528,3
58,2454,4
58,1396,1
58,1019,2
58,2407,2
58,2105,1
58,1909,4
58,3175,4
58,1653,2
58,3699,1
58,2116,2
58,2117,1
58,1584,1
58,2140,2
58,924,1
58,1010,2
58,2089,4
58,1883,2
58,2118,3
58,2891,3
58,2846,1
58,2124,2
58,1124,1
58,3893,1
58,2734,4
58,3176,2
58,3948,1
58,356,1
58,3448,3
73,3704,3
73,2115,3
73,2985,2
73,592,2
73,1275,3
58,3101,4
73,3527,1
73,1210,3
73,1376,2
58,1125,2
58,1268,2
58,367,4
58,3148,2
73,1198,3
73,1291,2
73,3703,4
73,1240,2
73,1222,2
73,1036,2
73,1200,3
58,342,2
58,3210,2
58,2057,3
58,2078,1
58,1466,3
58,1954,3
58,2706,3
58,2005,3
58,3868,2
58,2025,4
58,1747,1
58,1210,2
58,1393,3
58,2795,1
58,3476,2
58,595,1
58,3039,2
58,39,4
58,2463,4
58,357,1
58,2333,1
58,3072,1
58,695,2
412,1244,4
412,3571,3
58,2085,3
58,497,4
58,2139,1
58,2867,4
58,1301,1
58,3060,4
58,3723,4
58,3526,3
195,3918,4
195,1265,2
58,3108,1
58,1186,2
58,2915,1
58,1120,3
195,442,2
195,2140,3
56,514,2
56,2302,4
56,440,2
56,2321,3
56,2706,2
1105,3510,4
56,1641,3
56,588,3
56,2542,1
56,2395,4
56,1923,2
56,3060,1
56,1845,1
56,3114,2
56,34,4
56,1060,3
56,39,3
195,1270,2
195,1917,3
56,3948,2
904,3471,3
55,3672,2
55,3101,4
904,2866,3
904,2871,1
904,1193,4
904,111,3
904,260,2
904,858,3
904,2348,2
904,47,3
56,1183,1
56,1408,2
56,151,2
195,2505,3
56,2427,1
56,2890,1
56,110,4
56,2028,3
56,2359,3
56,2355,4
55,912,4
56,474,4
55,593,1
55,246,2
56,1635,1
56,2329,4
56,1729,1
56,36,3
56,1500,1
56,457,4
56,364,4
58,3260,3
58,1674,2
58,968,1
55,3250,1
56,25,1
58,661,1
58,3499,1
56,3246,4
58,1246,1
58,2329,4
58,2359,2
56,2396,4
56,150,2
56,628,4
58,1500,2
58,2144,3
56,1704,4
56,6,2
56,161,3
58,2791,2
58,1022,4
58,2336,1
58,2137,2
58,1097,1
58,1295,2
56,50,3
58,1663,3
58,2321,1
56,2571,3
56,246,1
56,1095,2
56,2762,3
58,1517,2
56,2580,3
58,2384,1
58,2176,4
56,1358,3
56,1089,3
56,2289,3
56,1,4
56,318,4
56,2997,4
58,2916,3
56,608,3
56,296,1
58,1259,4
58,1639,3
58,2959,4
58,471,3
58,1641,4
58,1994,2
56,593,4
56,1617,2
58,1298,1
56,1213,1
58,2455,1
58,1350,2
58,3700,3
56,2858,4
56,3728,2
58,1961,3
58,3927,1
58,3481,4
58,3552,3
58,1220,3
56,527,3
56,1911,2
56,3019,2
56,902,3
56,778,3
56,2786,3
58,1060,3
58,1253,1
58,2291,3
58,2644,2
58,392,4
58,151,2
58,1923,2
58,2716,3
58,3088,2
58,1982,3
58,1955,1
58,2857,1
58,235,1
58,1073,3
58,2918,4
58,1307,1
58,1285,2
58,596,3
58,1682,1
58,741,1
58,2184,4
58,2076,3
58,562,2
58,223,3
58,1610,2
58,2395,1
58,509,4
58,1921,1
58,3198,3
58,2580,3
58,2018,4
58,2871,4
58,3246,1
58,1997,4
58,2725,2
58,2919,1
58,1270,1
58,293,3
58,1041,1
58,1968,4
58,2313,4
58,3671,4
58,3019,4
58,2890,1
58,457,2
58,594,3
58,1282,3
58,17,4
58,2571,2
58,2174,3
58,1960,4
58,1321,1
58,3098,2
58,2467,1
58,1090,2
58,162,4
58,3751,2
58,2020,2
58,1694,4
58,2728,1
58,3471,1
58,34,2
58,1242,2
58,903,2
58,1231,2
58,1333,1
58,2762,1
58,1080,4
58,1274,3
58,1873,4
58,1213,3
58,926,1
58,1249,4
58,1136,1
58,2300,1
58,1224,4
58,1411,2
58,1358,3
58,2010,3
58,1230,4
58,778,3
58,3160,4
58,1288,3
58,1103,4
58,1222,4
58,920,1
58,1185,4
58,2744,3
58,2324,4
58,2997,4
58,720,4
58,2396,2
58,1206,3
58,3083,1
58,111,2
58,1217,3
58,2064,4
58,3114,4
58,1394,2
58,913,1
58,1089,3
58,1219,4
58,541,1
58,912,1
58,908,2
58,1258,1
58,750,3
58,3451,2
58,1267,3
58,593,2
58,954,2
58,904,2
58,1235,4
58,260,2
58,2804,4
58,1294,2
58,296,1
58,1617,4
58,2858,4
58,919,2
58,1247,1
58,318,1
58,1250,4
58,527,2
58,1204,3
58,1225,2
58,608,3
58,1311,2
58,2348,4
58,1205,4
58,1690,2
58,153,3
58,1801,3
58,1371,2
58,517,2
58,1918,4
58,748,1
58,1590,1
58,2735,1
58,2410,3
58,1391,2
58,95,3
58,3864,4
58,3404,3
58,2002,4
58,2402,3
58,368,2
58,3438,1
58,736,1
58,3274,2
58,2393,3
58,2533,1
58,2405,4
57,1090,3
57,2804,2
57,1242,4
57,1258,2
58,1101,3
58,2409,1
58,379,1
58,2094,1
57,1196,1
57,1225,4
57,1274,2
58,1320,3
58,1597,3
58,3755,3
58,1378,1
57,1198,4
57,3694,3
57,1228,2
58,3107,4
58,2617,1
58,1586,2
58,329,1
58,1552,4
58,2532,3
58,1587,1
58,2826,1
58,2365,2
58,2641,4
58,1527,2
58,1377,1
58,1372,3
57,3864,1
57,3797,3
57,1977,2
58,1370,2
58,70,3
58,2001,4
57,3820,2
57,3821,3
57,3717,4
57,3646,1
57,3799,4
57,891,4
58,3740,1
58,353,3
58,1376,1
58,2527,1
58,1580,3
58,2406,2
58,2193,1
57,1544,3
57,3286,2
57,2152,3
57,3785,1
57,3484,4
57,70,3
57,2033,2
57,3300,1
57,3786,4
57,3794,1
57,3513,1
57,648,3
57,522,3
58,2628,3
58,1129,3
58,2662,4
58,2115,3
58,2985,2
58,3527,4
57,3755,4
57,3744,1
57,2135,1
57,2657,1
57,3861,2
58,377,2
58,2991,3
57,3753,4
57,661,4
57,3624,2
58,2989,2
58,1374,3
58,3153,1
58,2006,4
57,3793,4
57,3556,4
58,3639,1
58,1573,4
58,1356,1
58,610,1
57,1466,4
57,480,3
57,551,1
57,2348,4
59,1224,3
59,1617,3
58,2993,3
58,1408,4
58,1275,4
59,1254,4
59,916,1
59,950,4
59,951,3
59,1219,4
57,2160,3
57,3578,3
57,1249,4
58,969,3
58,1291,1
58,163,1
58,480,2
58,2000,2
59,955,1
59,913,3
59,1225,2
57,47,3
57,3751,2
57,2791,4
58,1215,1
58,288,4
58,2363,2
58,2529,3
58,21,4
59,1537,3
59,908,2
57,3429,3
57,2858,1
59,1212,3
59,3095,1
3970,3793,4
58,1261,4
58,1036,3
58,2948,1
58,2366,3
58,1127,4
58,3635,1
3970,2617,4
59,904,2
58,3578,4
58,2872,1
58,2912,4
58,592,4
58,3418,1
58,1287,4
58,3702,3
58,2949,4
59,910,2
59,1204,3
58,1387,2
58,2944,2
58,2288,3
58,2194,3
58,1200,1
58,3703,4
58,589,4
58,110,4
59,650,3
2832,1371,4
2832,1372,1
2832,1374,2
2832,1375,2
58,1197,4
58,2947,4
58,1214,4
58,1240,3
58,2028,3
58,1304,3
58,1198,2
58,2692,1
58,2019,1
58,1264,1
58,858,4
58,3654,3
58,1196,3
59,3910,2
58,1676,2
2832,25,1
57,2395,4
59,357,3
59,2080,1
59,1307,4
2832,3489,1
59,1947,2
59,3668,3
59,1230,3
59,1197,4
59,497,3
58,32,3
57,1199,1
2832,2803,4
59,1265,1
59,1094,3
59,976,4
59,1188,1
59,2692,4
59,28,1
59,928,3
58,1199,4
59,969,4
57,1394,3
59,898,1
57,3160,1
59,1251,1
59,1293,2
59,3168,3
59,1272,4
59,3334,1
59,3350,3
59,3091,2
59,1300,1
58,1965,2
59,1957,2
59,1084,2
58,1208,4
59,3201,2
59,3089,4
59,1228,1
58,2021,1
59,41,3
59,36,2
59,1949,3
59,1247,1
58,2968,3
59,2398,2
59,1952,4
59,1193,2
59,978,2
59,920,1
59,1953,1
58,1748,3
59,265,3
59,924,4
59,3469,1
58,1175,2
59,1208,4
59,919,1
59,3742,1
59,1276,1
59,3811,1
58,29,3
59,615,4
59,1207,2
59,1217,4
59,1233,2
59,912,3
59,1237,4
59,318,4
59,3808,2
59,923,4
59,2019,4
59,3134,1
59,3816,3
57,2310,1
57,1894,2
57,1976,4
57,2890,3
57,441,3
57,1221,1
58,3328,2
58,1193,4
58,1760,2
58,3835,1
59,661,3
59,144,3
58,2746,3
58,1221,1
58,2315,1
59,480,4
59,3675,4
59,1466,2
149,3000,2
149,3741,1
59,1249,4
59,1250,4
59,2966,3
59,2858,3
59,2728,2
59,1246,4
59,902,1
59,260,2
59,3688,4
2436,2861,3
2436,3698,2
2436,1272,3
60,2583,1
5996,3751,4
60,113,1
60,1589,4
60,1754,3
60,164,3
60,1092,3
60,648,4
60,1892,4
60,3476,4
60,350,3
60,1625,3
60,1459,4
60,1711,4
60,1422,2
60,1597,2
60,513,2
60,3044,3
60,1617,2
60,1645,2
60,3176,2
60,3386,3
60,356,4
60,1641,3
60,2355,1
60,21,2
60,1180,2
60,1500,2
60,2961,1
60,1731,1
60,3712,4
60,2302,2
60,2390,3
60,235,2
60,2718,4
60,357,2
60,1,3
60,2396,4
60,1894,2
60,2617,4
60,2094,3
60,60,3
60,1356,3
60,2,1
60,3489,4
60,1544,1
60,1676,4
60,329,1
60,736,2
60,10,3
60,1552,3
60,1372,2
60,158,4
60,112,2
60,2045,4
60,2153,4
60,316,1
60,688,2
60,2628,4
60,986,2
60,380,3
60,2046,4
60,3269,2
60,3175,2
60,590,1
60,1580,2
60,3066,2
60,368,4
60,1042,4
60,216,1
60,2023,2
62,3033,2
62,2408,3
62,2468,3
62,2717,4
62,2413,1
62,2472,3
62,2416,3
62,2054,4
62,2011,3
62,2752,3
62,2369,1
62,2003,3
62,3552,1
62,3422,3
62,3524,4
62,2469,2
62,2457,3
62,3501,4
62,2407,1
62,2746,2
62,3039,2
993,3624,3
62,2795,4
62,2797,1
62,2463,3
62,1220,3
62,2144,2
62,2716,4
62,1081,3
62,2174,2
993,3793,2
62,1079,3
62,1270,2
62,3361,3
62,3613,1
62,2064,4
62,3104,4
62,2243,1
62,2352,3
62,1307,1
62,1172,2
62,225,4
62,1247,4
62,750,4
62,1344,4
660,3513,1
1605,3225,2
1605,3079,4
1605,1812,3
62,956,3
62,1029,3
62,906,4
62,3334,2
62,1938,3
62,596,1
62,960,2
62,2018,2
62,898,4
62,1281,1
62,2206,2
62,2940,1
62,1282,4
62,931,4
62,3929,3
62,1269,4
62,930,3
62,953,1
62,929,1
62,3095,2
62,928,2
62,3435,3
62,1212,2
62,923,2
62,3629,4
62,974,4
62,2212,4
62,1099,3
62,955,1
62,959,1
62,1256,4
62,954,3
62,2648,2
62,594,2
62,920,2
62,965,3
62,905,3
62,1934,2
62,2366,3
62,3307,1
62,1931,2
62,2147,3
62,2755,3
62,2146,3
62,2290,3
62,3109,3
62,3844,2
62,2738,3
62,2145,3
62,3478,3
62,3448,2
62,2474,2
62,592,2
62,2069,2
62,3251,3
62,1395,1
62,1958,3
62,2245,2
62,1286,2
62,2065,4
62,2000,2
62,3685,1
62,2757,3
62,2070,3
62,1227,4
62,1097,4
62,3019,1
62,1674,3
62,1961,4
62,1302,3
62,1173,3
62,3543,1
62,1968,2
62,1090,1
62,2194,2
62,3424,4
62,1259,3
62,1222,1
62,1293,3
62,1299,2
62,3091,4
62,1185,1
62,3068,3
62,2919,4
62,2020,4
62,1225,3
62,1196,4
62,1242,3
62,3072,3
62,431,2
62,1914,1
62,339,4
62,412,3
62,2405,2
62,2406,4
62,279,2
62,1092,3
62,3101,1
62,2728,4
62,1284,2
62,1254,1
62,913,3
62,912,2
62,111,3
62,1228,2
62,50,1
62,1213,2
62,16,1
62,1221,3
62,858,3
62,664,3
62,2154,4
62,640,4
62,455,2
62,437,4
62,182,1
62,360,2
62,1363,1
62,2269,1
62,3705,4
62,1779,2
62,172,3
62,707,3
62,418,2
62,185,4
62,3247,3
62,79,3
62,132,2
62,3841,3
62,1513,2
62,445,2
62,782,3
62,2252,1
62,780,3
5333,1488,4
62,2002,2
62,830,3
62,382,1
62,1727,2
62,3,1
62,1629,4
62,653,4
62,1541,3
62,1888,3
62,2822,3
62,100,4
62,2,3
62,1463,3
62,207,3
62,7,2
62,630,1
62,2628,2
62,2023,2
62,1477,4
62,2316,1
62,465,4
62,3557,4
5333,2375,3
5333,2418,3
62,1366,2
62,806,4
62,3528,3
62,1783,2
62,597,2
62,2297,2
62,802,4
62,1409,2
62,3107,1
62,1735,1
62,122,2
62,105,3
62,410,2
62,587,3
62,451,3
169,1997,3
62,1488,4
62,3020,1
62,224,3
62,329,1
62,1620,1
62,2331,2
62,1432,2
62,454,2
62,500,4
62,350,1
62,85,2
62,521,2
61,3190,3
61,3908,4
62,1614,1
62,164,4
61,3743,1
61,3564,1
62,3103,4
61,3238,3
62,2622,3
61,3752,1
61,3646,4
62,2436,1
61,3826,2
61,3785,1
62,1527,2
61,3273,2
62,450,3
62,254,3
62,3252,3
61,3882,4
62,21,4
62,368,2
62,2424,3
61,3511,1
61,3784,3
62,2272,4
61,3948,1
61,3615,3
62,2712,2
62,1573,3
62,230,4
62,371,1
62,1643,4
5333,580,2
61,3617,3
61,3861,1
62,3723,4
62,848,2
62,381,3
62,2124,1
61,3897,1
62,3263,3
62,1730,2
61,3864,2
61,3889,1
62,2058,1
62,78,1
62,2314,4
61,3755,4
61,3316,3
61,3623,3
61,3744,4
61,3827,1
62,3518,1
62,11,3
61,3555,1
61,3793,3
61,3578,3
61,3624,1
61,3452,4
61,3753,2
62,480,3
62,475,2
61,3252,4
62,237,4
62,1784,2
62,1589,3
62,29,3
62,733,1
61,1721,4
62,2302,2
61,2643,1
62,1396,4
62,708,2
62,377,3
62,1343,4
62,1721,3
61,762,3
61,786,4
62,457,1
62,508,3
62,3386,3
62,3418,3
62,1625,2
62,474,1
62,1747,1
62,3450,4
62,1177,1
62,2278,3
62,3105,3
62,288,4
62,1639,3
62,1245,3
62,1414,3
62,509,2
62,269,4
62,361,2
62,1678,2
62,2268,1
62,1050,2
62,1680,4
62,2539,3
62,1401,4
62,141,1
62,428,2
62,3108,4
62,2395,4
62,3176,1
62,265,3
62,1635,1
62,32,2
62,3499,4
62,3145,2
62,1089,4
62,590,2
62,1466,4
62,2112,2
62,1704,4
62,1883,4
62,36,2
62,1450,3
63,2596,2
62,593,1
62,1094,4
62,281,4
62,2435,4
62,2858,4
62,296,1
63,2427,1
62,1095,1
62,2341,2
62,1249,4
62,1266,3
62,318,3
63,2694,3
63,2997,4
63,2710,3
62,608,3
62,3100,4
62,25,4
62,82,2
63,2827,3
63,2707,4
63,2683,2
63,2555,1
63,2699,4
62,2762,1
63,3793,2
63,2600,2
63,2987,3
63,2672,2
63,2337,1
63,2070,1
63,2693,3
63,3114,4
63,2907,3
63,2700,4
63,3176,2
63,2806,3
63,2841,1
63,2762,2
63,2485,1
63,2395,3
63,3273,4
63,3081,2
63,2396,2
63,2692,2
63,1513,1
63,2560,3
62,3481,1
62,3317,3
63,2502,1
63,968,2
63,2490,1
63,3753,1
63,2581,2
63,2310,4
63,2723,4
63,3160,2
63,3174,2
63,2392,4
63,785,1
63,2761,4
63,2390,3
63,2713,4
63,2606,2
63,2318,2
62,1198,1
62,3471,2
63,3175,3
63,2580,4
63,3578,2
63,3510,4
63,2716,1
63,2688,1
63,2333,4
62,110,2
62,1617,3
62,222,3
63,2959,2
63,3409,3
63,2712,4
63,3115,2
63,2599,1
63,2678,3
63,3543,2
63,2881,3
63,2759,1
63,2772,4
63,2722,1
63,3751,3
63,2541,1
63,223,2
63,3005,3
63,2770,2
63,2976,1
63,2188,3
63,2858,1
63,2572,2
63,2706,4
63,2826,3
63,2375,3
63,1673,1
63,2023,3
63,1707,3
63,912,2
63,3006,3
63,2505,1
1941,3324,3
1941,3148,4
68,1278,3
68,2078,2
68,1500,2
68,1136,2
68,3396,1
68,2863,4
68,1256,4
68,1230,1
68,2858,3
68,2997,2
68,910,1
68,208,4
68,3671,3
68,3467,4
68,1209,1
68,1304,2
68,3030,4
68,2908,2
68,3571,3
68,3751,1
68,2706,3
68,3827,1
68,3785,4
68,745,2
131,1748,1
131,1859,2
119,1278,4
119,2995,4
1635,2554,1
242,1293,4
737,1208,4
64,3005,2
64,2858,1
64,3755,2
64,3555,1
64,1754,2
64,1407,3
64,1717,2
64,3273,4
64,2710,3
64,3578,3
64,110,1
64,1214,2
64,2723,4
64,1215,3
64,316,3
64,1291,3
64,2115,4
64,2762,3
64,2700,2
64,1416,4
64,3793,1
242,2300,2
64,2913,1
64,524,1
64,2028,3
64,1210,4
64,1682,4
64,1198,1
195,1021,3
195,2088,2
195,1359,3
195,1848,3
195,355,2
3610,841,4
3610,3379,4
3610,1924,4
3610,3931,2
3610,2351,1
3610,3923,2
3610,2519,2
3610,2454,3
3610,1943,1
3610,1945,3
3610,2652,2
3610,2656,1
3610,2661,3
3610,2634,1
3610,2363,3
3610,1283,3
3610,3340,4
3610,969,1
3610,2731,4
3610,1301,1
3610,1334,1
3610,900,1
3610,2287,4
195,370,3
195,186,1
195,2378,4
3610,915,4
3610,2645,1
3610,2669,1
3610,2670,1
3610,3659,4
3610,2781,1
3610,3365,3
3610,1946,4
3610,910,4
3610,3930,2
195,3869,3
195,3247,3
3610,1008,2
3610,1178,4
3610,1016,2
3610,2043,3
3610,2186,4
3610,3153,1
3610,3549,2
3610,932,2
3610,952,4
3610,2667,2
73,2716,3
3610,3404,1
3610,1019,3
3610,1237,2
3610,1103,3
3610,3088,1
3610,3871,4
3610,2664,2
3610,3405,2
3610,2662,4
3610,933,3
73,2174,1
73,3210,1
73,2000,4
73,1968,4
4802,1748,3
73,1394,2
73,2918,3
73,1270,3
73,1197,3
3610,2660,2
3610,1104,4
3610,3872,1
3610,1203,4
3610,2967,2
3610,669,4
3610,2726,2
3610,3736,1
3610,926,4
3610,1248,3
4802,1527,2
73,66,4
65,1270,1
65,1196,2
65,1374,3
73,2448,4
73,405,1
73,2053,2
3610,1012,3
3610,2182,1
3610,2019,1
3610,1086,2
3610,3196,4
3610,3368,3
3610,1944,1
3610,1250,1
3610,916,4
3610,3678,4
65,3638,4
65,1371,3
65,3702,4
73,519,2
73,2701,4
65,3252,4
3610,903,4
3610,3364,3
3610,3559,4
3610,949,2
3610,3035,4
3610,2183,4
3610,922,3
3610,904,3
3610,908,3
3610,1253,2
65,780,4
65,500,4
65,1923,4
73,185,4
73,1544,3
73,435,3
65,2353,4
73,849,3
73,196,2
65,3157,3
73,2393,2
73,1917,3
65,1580,4
3610,2935,2
65,595,4
65,2803,2
65,648,2
65,3386,2
73,1573,3
73,2012,2
73,1909,1
73,671,2
3610,918,2
3610,3089,1
3610,3792,3
3610,2430,4
3610,3778,3
3610,2635,2
3610,2637,2
3610,2936,4
3610,2651,2
3610,1941,4
73,1921,1
73,1584,2
73,32,1
195,2054,4
195,3264,2
65,3255,3
65,597,3
5395,3175,3
65,1672,3
65,608,1
65,1343,1
65,1784,4
65,2268,1
65,377,2
195,575,1
65,150,1
65,356,2
65,1610,3
65,2571,2
195,552,4
65,50,4
65,3114,2
65,3623,1
65,3755,1
65,1097,4
195,1064,2
65,480,4
65,1230,3
3610,3334,4
3610,898,3
3610,931,4
3610,2920,2
3610,2650,4
3610,3632,2
3610,3849,1
3610,3936,2
3610,1284,4
3610,928,1
3610,3095,1
3610,1026,2
3610,3928,2
3610,3643,4
3610,946,1
3610,1942,1
3610,3642,4
3610,2654,3
3610,3611,3
3610,1269,1
3610,2202,3
3610,2203,3
3610,960,4
3610,913,2
3610,2940,3
3610,923,4
3610,953,3
3610,929,3
3610,943,4
3610,3097,3
3610,1281,4
3610,3929,1
3610,930,2
3610,1069,2
3610,3628,1
3610,2927,1
3610,2099,1
3610,912,3
195,1409,1
3610,3435,2
3610,1212,3
3610,2176,3
3610,2398,3
3610,1937,2
3610,1939,2
3610,941,4
3610,973,1
3610,906,3
3610,2066,4
3610,3532,3
3610,927,3
3610,1934,4
3610,1256,2
3610,2211,3
3610,3447,3
3610,3134,1
3610,2212,4
3610,3139,3
3610,3739,2
3610,959,2
3610,2633,1
3610,2644,2
3610,3086,4
3610,955,4
3610,3307,4
3610,978,1
3610,2208,3
3610,917,2
3610,2904,1
3610,962,3
3610,2210,2
195,2133,3
3610,965,1
3610,2366,1
3610,1340,3
3610,936,1
3610,920,3
3610,944,1
3610,961,2
3610,2648,4
3610,940,2
3610,905,2
67,902,1
3610,1933,4
3610,950,4
3610,1099,4
3610,947,3
3610,1260,4
3610,1931,3
3610,954,3
3610,1929,1
3610,3932,2
67,1962,2
3610,3310,1
3610,3629,2
67,994,1
67,909,4
411,1073,2
3610,3232,2
3610,3306,4
3610,2010,2
3610,3140,1
3610,2227,1
3610,3133,1
3610,1348,4
3610,3132,1
3610,3022,3
3610,2221,4
3610,3742,3
3610,957,4
3610,1925,2
3610,3641,3
3610,2823,1
67,1287,1
66,1961,3
67,2398,4
66,1919,2
67,1954,1
67,3424,2
66,1259,3
67,2067,4
67,3471,2
67,3685,1
67,150,2
66,2694,1
195,1378,2
3610,1198,2
66,1272,3
3610,2748,4
67,1263,3
67,1185,4
953,1250,4
3610,1291,2
3610,2115,4
67,3167,4
66,1090,2
67,3152,3
67,3334,1
3610,3452,4
66,110,1
66,1196,1
3610,1036,4
3610,165,1
67,1955,1
67,1939,2
195,344,1
66,2399,4
3610,3879,3
66,2135,2
66,661,1
3610,3484,1
3610,3409,4
66,2657,4
66,3755,1
3610,3751,3
67,954,4
67,36,1
67,3035,3
67,25,3
67,1946,2
66,3863,2
66,3753,2
66,524,1
195,500,1
66,551,2
66,480,3
67,1678,1
66,3578,4
66,2791,1
195,2539,4
66,2858,1
67,1094,4
1165,2028,1
66,818,4
66,344,3
195,3052,3
195,2867,1
66,637,1
66,356,4
66,2028,4
67,2929,3
67,1944,2
67,3359,1
67,1704,3
67,971,2
67,1272,4
195,2880,4
195,1485,4
67,1084,1
67,3362,1
67,3467,4
195,1081,1
67,1945,4
67,973,3
67,908,2
67,1953,3
67,1247,4
67,318,3
67,1276,1
67,1952,4
67,3504,2
67,3735,1
67,1956,1
67,1207,2
67,1213,1
67,923,3
746,2692,2
195,1641,2
195,2797,2
195,587,3
195,1747,1
67,277,1
1546,3751,4
1546,57,2
195,21,4
67,2135,3
67,3507,1
67,961,1
67,2791,1
67,1997,2
67,951,2
67,2858,3
67,1250,1
67,1408,3
67,111,2
68,3069,2
68,3548,1
68,3112,3
67,480,4
67,2915,1
68,1197,4
68,1968,2
68,2918,3
67,2160,4
68,2750,4
68,3067,2
68,2804,1
68,2248,4
67,587,4
195,364,3
68,3863,3
68,3578,2
195,2478,3
195,2701,3
516,3624,2
68,920,4
68,2762,4
68,3524,4
68,492,3
68,1926,3
68,1947,4
69,476,2
69,1120,3
69,590,3
69,446,4
69,321,1
69,617,2
69,3148,4
69,1834,1
69,1699,4
69,2434,1
69,562,4
69,1810,3
69,1357,3
69,161,1
69,1721,1
69,1682,2
69,1653,1
69,14,2
69,85,3
69,1784,1
69,2725,4
69,1794,3
69,2439,4
69,26,1
69,1747,1
69,538,1
69,1466,2
69,1584,2
69,1183,3
69,40,2
69,2943,1
195,2027,3
195,1562,3
69,509,4
69,866,4
69,25,4
69,1635,3
69,337,1
69,428,2
69,431,2
69,2336,3
69,1041,1
69,58,2
69,3418,3
69,2890,2
69,515,3
69,1673,2
69,1704,2
69,17,2
69,272,4
69,265,1
69,1233,2
69,1095,1
69,232,1
69,3006,1
195,2616,2
69,296,1
69,1358,4
69,2858,4
69,3083,3
69,593,4
69,2329,2
69,1904,2
195,3763,1
195,367,3
195,431,3
69,2969,2
69,1196,3
69,2028,4
69,356,2
69,1291,1
195,516,4
195,3448,4
195,2427,2
1974,2863,2
70,3793,2
70,2987,1
70,3114,4
70,3157,3
70,3176,4
2868,3910,3
70,2396,2
70,3081,1
70,2700,1
70,2762,4
70,2395,4
70,43,4
70,1513,1
70,3273,2
70,2394,3
70,2490,4
70,3753,3
70,3623,1
70,3053,3
70,3354,1
70,3174,2
70,2995,2
70,2716,3
70,3578,2
70,2688,2
70,3175,2
70,3510,1
70,2959,4
70,3408,1
70,2336,1
70,2828,4
70,2599,1
70,2605,1
70,2881,3
70,3751,1
70,2541,1
70,223,2
70,2770,2
70,2355,4
70,2979,1
70,2997,3
70,2694,4
4813,3751,3
70,3155,1
70,3593,1
70,2683,4
70,2858,1
70,1127,2
70,2826,2
70,2572,3
70,2706,4
70,551,4
70,908,1
70,1804,3
70,2580,1
70,260,4
92,3553,3
92,3594,1
92,3617,4
92,216,2
92,104,1
71,2959,3
71,2712,1
92,1461,3
92,2423,1
71,3408,4
71,2605,1
71,1093,2
71,223,4
71,3005,3
71,3285,4
71,2997,3
71,2694,1
71,3298,3
71,2710,3
92,3512,4
71,2683,4
71,3717,4
71,3755,1
71,2792,1
71,648,4
71,3510,2
71,3155,4
71,480,1
71,3785,3
71,2948,3
71,2791,3
71,1250,2
71,1198,2
71,1831,1
71,2640,2
71,1617,3
71,1432,2
329,2720,2
329,2392,4
329,2799,4
329,1707,1
329,2798,1
329,470,1
329,243,3
329,374,1
329,2953,1
329,419,2
329,1410,2
329,19,1
329,3130,3
329,102,4
329,3248,2
329,765,1
329,2431,1
329,429,3
329,4,3
329,355,4
329,153,3
329,2027,2
329,688,4
329,830,1
329,612,1
329,1588,2
329,2436,2
329,88,2
329,3146,1
329,818,4
329,833,1
329,829,4
329,1468,4
329,2606,2
329,218,1
329,2587,2
329,3258,4
329,2335,2
329,537,4
329,719,2
329,2052,1
329,203,1
329,1821,1
329,333,3
329,2504,2
329,1911,2
329,3869,2
329,784,1
329,2683,3
329,2296,4
329,1592,2
329,585,4
329,3247,2
329,2694,3
329,532,4
329,1409,1
329,231,3
329,2836,3
329,586,3
329,3254,3
329,339,1
329,500,3
329,1513,4
329,3045,4
329,2004,2
329,205,4
329,2567,3
329,838,1
329,1377,3
329,2723,4
329,144,1
329,414,1
329,171,3
329,785,1
329,3264,2
329,344,4
329,2447,1
329,1405,3
329,410,2
329,1875,2
329,3450,1
329,141,4
329,2770,2
329,3174,3
329,2384,1
329,356,3
329,3263,1
329,1414,3
329,1485,4
329,492,1
329,1367,2
329,2539,2
329,2302,3
329,3052,4
329,45,4
329,125,3
329,1806,3
329,728,2
329,1883,4
329,3253,4
329,2690,2
329,2759,1
329,1923,3
329,1641,2
329,2793,4
329,2390,2
329,2321,4
329,2124,2
329,3157,2
329,2395,2
329,3175,2
329,21,1
329,1747,4
329,1919,1
329,348,2
329,1885,3
329,1060,4
329,1500,3
329,1517,1
329,2883,2
329,34,1
72,3105,2
72,3418,4
72,150,4
72,1187,4
72,2028,3
72,17,3
72,608,1
72,593,1
72,82,4
92,2500,3
72,1580,4
72,500,3
72,3869,4
72,1747,3
72,2321,1
72,39,3
72,3247,4
72,597,4
72,235,3
72,3175,2
72,3108,1
72,11,4
72,1784,1
72,1188,3
72,587,1
72,2997,2
72,3255,2
72,2324,1
72,356,2
72,2359,4
72,2858,1
72,2396,4
72,3889,1
72,3301,1
72,3798,2
72,3124,2
72,3753,1
72,3827,1
72,3952,4
72,3897,1
2059,70,4
1113,101,4
2059,3785,3
73,2700,3
73,1732,3
73,1517,2
73,39,4
73,2572,1
73,3450,3
73,3253,2
73,1883,2
2059,648,3
72,3101,4
72,1304,1
2059,3745,2
73,597,2
72,1704,4
72,1210,3
2059,3578,4
2059,524,2
2059,3507,1
73,356,3
2059,2966,3
73,104,2
73,2879,4
73,180,3
73,1923,4
73,663,4
73,1784,3
73,1641,2
73,1175,1
73,2321,1
73,223,3
73,1265,1
73,2355,1
73,1,1
73,34,4
73,2599,2
73,2997,2
73,1148,1
73,2170,4
73,2196,3
73,546,2
73,2807,2
73,2412,4
73,1556,4
73,1606,2
73,990,4
73,1591,3
73,1882,2
73,3440,3
73,692,2
73,3439,4
73,704,2
73,2322,2
73,1004,3
73,1562,2
73,173,3
73,1590,1
73,485,3
73,172,3
73,379,1
73,836,2
73,3113,1
73,2986,4
73,466,2
73,1831,2
73,3208,3
73,9,2
73,2625,1
73,1431,2
73,786,4
73,1037,2
73,2808,1
73,653,1
73,3438,4
73,2699,4
73,1320,2
73,1479,1
73,95,2
73,1690,3
73,2826,2
73,2126,3
73,511,3
73,1918,3
73,434,4
73,1597,4
73,2334,1
73,780,2
984,3911,4
73,2002,2
73,1429,4
73,1608,3
73,3107,3
73,165,3
73,442,1
73,1858,4
73,2490,3
73,1769,2
73,861,1
73,198,3
73,1722,1
73,2273,2
73,377,3
73,3267,3
73,353,3
73,1370,4
73,2167,3
73,1527,2
73,2353,1
73,1610,1
73,457,1
73,110,1
73,2028,1
73,2571,1
73,2692,1
73,589,2
73,44,3
73,153,3
73,1015,1
73,208,2
73,168,1
73,2094,4
73,1676,1
73,464,3
73,8,3
73,1615,1
73,1377,3
73,2723,1
73,2617,1
73,316,4
73,112,3
73,1552,2
73,329,4
73,1356,2
73,733,4
73,2628,3
73,2046,3
73,1372,3
73,380,2
73,1215,3
73,3175,4
73,1580,1
73,590,1
73,2916,2
73,480,1
73,1261,4
73,3863,4
242,2788,3
73,3578,3
73,3864,2
73,240,4
73,3821,4
73,2399,3
73,3484,3
73,70,2
73,2792,4
73,3409,4
73,3785,4
73,3717,3
73,3510,4
73,2791,2
73,3793,4
73,3624,3
73,3751,4
73,1997,3
73,2858,3
73,3753,1
73,1994,4
73,720,4
73,1961,1
73,2193,3
73,1196,3
123,1835,4
1425,2170,4
1425,102,3
1425,374,3
1425,505,3
1425,1793,1
123,2537,3
1425,419,4
1425,612,3
1425,2798,3
1425,765,3
1425,460,4
1425,355,1
1425,2953,1
1425,274,3
1425,267,4
1425,3031,1
1425,1461,4
1425,327,2
1425,1431,2
1425,3841,2
1425,3450,4
1425,87,2
1425,344,2
1425,542,4
1425,2169,2
1425,1111,4
1425,1649,2
1425,2616,2
1425,1805,1
74,356,3
74,2542,3
74,1721,2
74,246,4
74,3362,3
1130,915,3
1130,3461,2
1130,2046,4
1130,1019,1
1130,590,3
1130,3745,1
1130,919,1
1130,733,3
1130,2427,3
1130,3702,4
1130,1275,3
1130,6,3
1130,3527,4
1130,3062,1
1130,1954,3
1130,1374,4
1130,2529,4
1130,2944,2
2316,2399,4
2316,3751,1
92,1784,4
92,3247,4
92,1923,4
92,3477,2
92,2081,2
92,39,4
92,367,1
92,2174,4
92,223,1
92,2396,4
5539,3241,2
633,347,2
195,2407,2
195,32,1
242,3624,4
242,3452,4
1426,3578,4
242,1672,1
242,1304,2
242,833,2
242,3755,3
242,3148,2
192,3408,3
75,2572,4
75,2124,4
75,2082,4
75,2581,2
75,1405,3
75,2431,4
75,3175,4
75,500,1
75,2496,3
75,2321,2
75,1580,1
195,405,3
75,1923,2
75,1517,2
75,1485,2
2860,3535,4
75,700,4
75,146,1
75,2162,2
75,575,4
75,1592,3
75,169,4
75,2828,3
75,181,2
75,2559,2
75,2354,3
75,616,1
75,1489,4
3821,1035,1
75,2053,2
3821,3515,2
75,1707,4
75,13,1
75,2384,1
75,558,3
75,631,3
75,2059,4
75,1015,1
75,1064,4
75,239,2
75,1021,3
75,1474,3
75,2052,4
75,355,3
75,673,4
75,34,3
75,87,4
75,2005,2
75,1282,1
75,531,1
75,238,2
75,837,3
75,1582,4
75,3114,1
75,3400,4
75,609,3
75,2953,4
75,2092,2
75,1018,2
75,258,2
75,885,2
75,546,1
75,2720,1
75,48,3
75,8,2
75,586,4
75,1967,2
75,2057,4
75,1702,1
75,2,3
75,1688,4
75,3483,2
75,711,4
75,709,1
75,1030,3
75,1551,3
75,364,4
75,2429,4
75,317,1
75,2054,1
75,60,2
75,1654,1
75,1806,1
75,1359,4
75,2081,4
75,1919,1
75,1848,2
75,3034,3
75,262,3
75,1566,1
75,1025,2
75,158,4
75,2085,4
75,2089,4
75,2846,2
75,362,4
75,577,3
75,2018,3
75,2709,4
75,801,4
75,1367,4
75,2294,4
75,1022,1
75,2087,4
75,551,1
75,1032,3
75,107,4
75,2161,4
75,2080,3
75,1588,3
75,661,4
75,2430,3
75,2083,3
75,3159,2
75,1907,2
75,1,4
75,3157,1
75,2899,2
75,2123,3
75,3438,2
75,1033,3
75,2142,2
75,2090,4
75,2096,3
75,783,1
75,2687,1
75,596,1
75,1713,2
75,588,1
75,986,1
75,594,2
75,1013,2
75,595,2
75,2141,2
75,1920,2
75,1029,3
75,1028,1
75,1097,4
75,2078,4
75,919,3
75,3751,4
75,2137,1
75,1073,2
75,2355,1
75,502,4
75,1196,2
75,19,2
75,1210,1
75,2628,2
75,3054,3
75,634,1
2106,902,3
2106,1339,4
195,2582,2
498,923,1
498,1276,1
498,3304,2
498,2110,1
498,2518,1
498,3740,3
498,2011,2
498,2003,2
498,3448,1
498,3087,2
498,2100,3
498,2470,1
498,1965,4
498,2406,3
498,2245,2
498,3608,4
498,2247,2
498,2000,2
498,3308,2
498,2150,4
498,2463,4
498,3070,1
498,3521,2
498,2174,1
498,1968,3
498,2144,3
498,2736,1
498,3361,3
498,2352,3
498,3104,2
498,2797,1
498,2065,3
498,3210,4
498,1285,1
498,3685,1
498,1081,3
498,1079,2
498,2926,1
498,1197,4
498,2349,4
498,3424,3
498,2248,4
498,1270,2
498,3072,1
498,1958,3
498,2918,3
498,2791,4
498,2973,3
498,3422,4
498,1259,2
498,1238,1
498,1307,1
498,3386,1
498,778,3
498,25,1
498,1358,1
498,2324,2
498,232,2
1556,3618,1
498,3105,1
498,2336,2
498,265,1
498,345,4
498,3260,2
498,1233,1
498,150,2
498,2333,4
498,290,1
498,1179,3
76,474,1
76,3148,4
76,3105,2
498,2028,2
498,608,2
76,1393,3
76,778,3
76,2501,4
76,497,2
76,1584,2
76,2890,2
76,529,2
76,441,4
76,3418,2
76,2359,1
76,2396,2
76,1912,2
76,345,2
76,293,3
76,17,3
76,1041,3
76,3147,3
76,2390,2
76,47,1
76,337,3
76,536,4
76,1095,1
76,1446,3
76,2542,2
76,2336,2
76,1704,4
76,1411,4
76,3160,3
76,2686,1
76,1249,1
76,2289,2
76,800,3
76,265,2
76,2959,2
76,2692,4
76,2912,2
76,318,3
76,1089,3
76,2700,2
76,1213,3
76,1358,3
76,593,1
76,1537,2
76,2762,1
76,2858,1
392,3175,4
392,1073,1
76,296,3
76,2571,4
76,1,4
76,608,2
76,1617,4
76,1223,4
76,50,4
76,1233,1
76,745,2
76,720,4
76,1148,4
76,3710,1
76,1101,1
76,2355,1
76,2457,1
76,3045,1
134,368,4
134,367,4
134,2502,1
134,2302,3
134,588,3
134,3108,3
134,21,4
134,223,2
134,356,3
134,1641,4
134,1747,2
329,1073,2
329,1077,3
134,3174,1
134,1784,4
134,1517,4
329,3421,3
329,1278,3
134,1265,2
134,1500,2
329,3733,4
329,1955,4
134,2997,4
134,1,4
134,3114,3
329,1080,3
329,1292,4
329,1234,1
329,1136,3
329,1208,4
329,1294,1
329,1235,2
329,3504,1
329,1193,3
329,1252,3
329,393,2
329,2959,3
329,3844,1
2395,260,4
587,3617,4
2395,233,1
2395,3078,2
587,3616,3
2395,3173,1
587,2352,2
587,576,2
1448,2310,4
1958,1615,4
1958,1370,3
1958,230,3
1958,1645,2
1958,160,1
1958,2976,1
1958,1883,4
1958,216,2
1958,1257,2
1958,153,1
1958,1490,2
1958,2804,1
1671,3018,2
1671,2554,4
1671,1345,1
1671,1333,3
1671,2648,3
1671,1340,3
1671,1258,2
1671,3249,4
1671,880,3
1671,2851,1
1671,1831,3
1671,3557,4
1671,3063,4
1671,2856,4
1671,2181,4
1671,1092,2
1671,2419,3
1671,288,3
1671,481,2
1671,230,2
1671,1648,3
1671,1683,4
1671,1805,1
1671,2344,3
1671,3731,3
1671,3102,3
1671,2118,3
1671,2183,2
1671,1407,4
1671,3546,3
1671,2176,1
1671,2917,4
1671,2202,2
1671,3849,1
1671,965,3
1671,1076,3
1671,457,3
1671,1267,3
1671,1921,3
77,2702,4
77,2907,4
77,3081,1
77,2762,4
77,2700,2
77,2395,4
77,3753,3
77,2723,2
77,3053,1
77,3174,3
77,2805,2
77,2882,3
77,3578,1
77,2959,2
77,2712,4
77,3408,4
77,2599,3
77,2881,1
77,2759,2
77,2433,3
77,3751,3
77,2541,2
77,3005,3
77,2771,4
77,2770,4
77,3298,2
77,2694,4
77,2997,3
77,2710,1
77,3004,4
77,2683,2
77,2707,3
77,2858,2
77,2188,4
77,2572,3
77,2706,4
77,3826,1
77,536,2
77,1131,1
195,1619,2
195,1556,2
195,1120,3
1873,237,1
195,2291,1
78,2135,4
78,1024,2
78,2017,4
78,3600,3
78,107,3
78,661,1
78,1566,1
78,1032,3
78,901,4
78,783,4
78,199,4
78,1081,1
78,938,4
78,1416,2
78,2081,1
78,1029,1
78,1057,3
78,2080,3
78,551,3
78,900,2
78,1022,2
78,918,1
78,3606,3
78,3549,2
78,3599,3
78,594,2
78,1951,2
78,364,3
78,2078,3
78,945,2
78,1947,4
78,2096,1
78,914,3
78,2087,3
78,899,3
78,1035,1
78,2971,2
195,2001,1
195,1370,2
78,750,2
78,3072,1
78,728,4
78,2020,1
78,2436,4
78,356,4
78,2333,4
1733,2,3
1733,2275,3
1733,2054,4
1733,1049,3
1733,2470,1
1733,2193,2
1733,2093,4
1733,303,2
1733,2133,2
1733,1377,4
1733,2005,2
1733,1676,4
1733,380,4
1733,2115,2
1733,2046,3
2060,3173,3
1733,1580,1
1733,1275,4
1733,3175,2
1733,592,4
1733,3168,1
1733,1291,4
1733,1073,3
1733,1259,3
1733,260,1
2030,2089,3
2030,3611,4
2030,48,4
2030,2294,1
2030,2138,4
1733,1095,1
1733,1245,3
1733,2912,1
1733,318,2
1733,919,3
2030,3429,3
2030,3751,4
1733,1411,3
1733,2908,1
1733,1208,3
1733,1247,1
1733,1952,2
1733,3090,1
1733,1228,3
1733,1213,3
1733,296,1
1733,1193,4
1733,2682,2
1733,1178,2
1733,724,4
1733,1717,3
1733,2560,1
1733,2120,4
1733,3273,2
1733,1623,3
1733,742,3
1733,1327,2
1733,2898,3
1733,1987,2
1733,2026,2
1733,842,2
1733,2717,3
1733,196,1
1733,2428,2
1733,2900,1
1733,1342,2
1733,2163,1
1733,2483,4
1733,2121,1
1733,332,1
1733,2901,3
1733,3837,1
1733,2451,1
1733,3840,1
1733,879,4
1733,1690,3
1733,1346,4
1733,3013,3
1733,188,2
1733,220,1
1733,2517,4
1733,2976,3
1733,328,4
1733,1974,3
1733,3839,2
1733,1762,3
1733,2519,4
1733,382,2
1733,2167,2
1733,1128,2
1733,532,4
1733,2793,2
1733,1347,3
1733,1334,3
1733,2004,2
1733,3660,2
1733,2003,4
1733,1130,1
1733,512,2
1733,177,4
1733,610,3
1733,3693,4
1733,2148,4
1733,2826,1
1733,3018,4
1733,1339,2
1733,565,1
1733,2525,3
1733,2747,1
1733,3081,4
1733,3727,2
1733,2710,4
1733,1321,2
1733,3576,3
1733,968,2
1733,2746,3
1733,799,3
1733,3676,3
1733,3499,3
1733,1345,4
1733,1278,4
1733,1258,4
1733,3543,3
1733,1265,1
1733,1197,1
1733,3608,3
1733,39,3
1733,2064,2
1733,1,2
1733,1963,1
1733,235,3
1733,2879,1
1733,1392,3
1733,2289,1
1733,176,2
1733,3362,4
1733,1080,1
1733,2997,3
1733,1304,1
1733,1235,4
1733,3504,4
1733,1136,2
92,435,3
92,256,4
92,1544,2
92,1876,1
92,2046,2
92,2364,2
92,3269,1
92,24,3
92,2012,4
92,3033,4
92,76,4
92,748,4
1733,2399,3
1733,2792,3
1733,804,3
1733,71,3
92,2407,1
92,2011,1
92,3927,1
92,1527,1
92,1580,4
92,1019,3
92,788,2
92,1573,3
92,3175,3
92,2093,1
92,2455,3
92,480,2
92,32,3
92,2571,4
92,1200,2
92,589,2
79,2126,4
1733,490,4
79,1597,1
79,350,4
79,1909,4
1733,714,2
1733,3000,1
1733,2348,3
79,3044,1
79,2686,3
79,3176,1
79,2024,3
79,2873,3
79,800,3
79,164,2
79,1617,1
79,3476,2
79,3861,1
79,3409,2
79,3744,4
79,3512,1
79,648,3
79,3483,2
79,3510,1
79,3785,3
79,3793,3
79,3624,4
79,1997,1
79,3159,3
79,1968,3
79,2407,3
79,2138,2
79,3341,2
79,1270,3
79,40,1
4701,1235,4
195,3949,1
1246,1449,2
3074,3556,1
2060,2011,4
2060,2012,1
2060,1302,1
2060,3510,2
2060,3861,2
2060,3578,3
1421,2883,3
80,3249,1
80,1588,3
80,1416,4
80,1917,1
80,3173,2
80,2628,4
80,1566,4
80,48,2
80,3252,2
80,3247,1
737,3160,3
80,24,1
80,2059,2
80,1408,1
80,1356,1
80,661,4
80,597,1
80,2355,4
80,2294,1
80,2427,4
80,3157,1
80,1265,3
80,231,2
80,364,1
80,3809,2
80,2006,2
80,2687,3
80,3148,4
80,356,2
80,3418,2
80,589,2
80,3147,3
80,1721,3
80,3105,4
80,1,3
80,62,4
80,2028,3
80,3114,4
80,608,2
80,2762,2
81,260,4
81,3421,3
81,1258,1
81,330,4
81,2971,1
81,3093,1
80,527,4
81,1394,1
81,1233,1
80,110,1
81,3543,3
81,3334,4
81,1299,2
81,1284,3
81,924,4
81,3836,1
81,1214,1
81,913,4
81,3468,2
81,482,3
81,246,3
81,973,3
81,965,3
81,2028,2
80,920,2
80,593,1
80,3404,1
81,908,4
81,1196,4
81,1198,2
81,968,2
81,1084,2
80,1193,4
81,3265,3
81,1234,4
81,1952,2
80,1210,2
81,1274,2
80,480,4
81,1348,2
81,1224,3
81,3194,2
81,1276,1
81,2924,1
81,2186,2
81,2010,4
81,1207,1
81,1294,1
81,2858,1
81,1193,2
81,1300,2
81,1247,3
81,1213,1
81,3811,3
81,942,3
81,1221,4
81,1178,4
81,3362,2
81,3683,2
81,2303,4
81,1617,3
81,1304,4
81,3742,3
81,1099,1
81,1267,4
81,1199,2
81,1260,4
81,3435,3
81,750,2
81,951,2
81,905,2
81,111,3
81,1201,1
81,978,3
81,912,4
81,1228,1
81,1263,3
81,903,4
81,1230,3
81,296,2
81,1218,4
81,3629,4
81,3730,2
81,3741,2
81,1252,1
81,1931,4
81,69,1
81,3948,1
81,223,3
81,955,3
81,904,1
81,2921,2
81,2879,3
81,1210,4
192,1739,1
192,1495,2
192,2153,4
192,692,1
192,181,2
192,1744,3
192,3802,4
192,886,3
192,546,3
192,502,3
192,2412,2
192,2986,3
192,1497,4
192,1556,4
192,1499,3
192,737,1
192,1882,2
192,1591,1
192,3440,2
192,172,4
192,1626,4
192,420,1
192,1004,1
192,204,4
192,20,3
192,71,1
192,9,3
192,1831,1
192,836,2
192,694,1
192,1431,1
192,1752,1
192,1432,1
192,1599,3
192,44,1
192,1479,1
192,2170,3
192,533,4
192,2625,3
192,423,2
192,227,1
192,786,4
192,548,4
192,2722,1
192,2322,3
192,485,4
192,1544,2
192,1801,4
192,504,1
192,517,2
192,1917,1
192,434,4
192,1918,4
192,1616,4
192,2616,4
192,70,1
192,2334,1
192,494,3
192,2617,2
192,1792,4
192,2167,1
192,1825,1
192,748,4
192,1047,2
192,3107,1
192,3178,1
192,1866,3
192,2353,3
192,2273,4
192,2490,4
192,1676,4
192,2879,4
192,861,3
4482,2718,3
82,356,4
82,1573,4
82,2826,1
82,10,4
82,1370,1
82,1722,3
82,3686,3
82,3044,1
82,832,4
82,1407,2
82,230,2
82,3256,3
82,733,3
82,587,1
82,2278,2
82,2353,3
82,349,1
82,1610,3
82,1343,4
82,377,3
82,457,4
82,1617,1
82,2762,1
82,3316,3
82,3513,4
82,3185,4
82,1183,1
82,21,4
82,451,3
82,805,4
82,3108,1
82,508,1
82,1747,1
82,802,4
82,1721,2
82,3100,3
82,16,1
82,3252,4
82,55,3
82,431,2
82,2501,2
82,2268,1
82,161,4
82,590,2
82,62,3
82,1411,4
82,1784,3
82,150,3
82,3105,4
82,3147,3
2598,1250,1
2598,1203,3
2598,3359,2
82,1704,3
82,1358,3
82,1393,4
82,608,3
2598,1387,1
2598,1200,3
2598,1036,1
82,296,4
82,593,2
82,110,2
2598,593,4
2598,1270,2
82,318,1
82,527,1
2598,1262,4
2598,2858,1
82,880,3
82,2701,3
2598,1240,1
2598,541,4
2598,1214,1
2598,527,1
82,256,1
2598,1196,4
2598,260,4
2598,1198,2
82,185,4
82,379,4
82,748,2
82,788,4
2598,1221,4
82,24,3
82,1762,1
82,2722,1
82,1320,1
2598,858,1
82,780,3
82,3697,2
692,2797,3
692,2100,3
692,2174,2
692,1097,4
82,1580,1
82,32,3
82,1372,1
82,1584,2
82,718,1
82,160,3
82,1590,2
82,1644,1
82,1732,4
82,1459,1
82,3176,2
82,350,4
82,1892,4
82,1645,2
82,3476,3
82,1092,1
82,1625,1
82,3273,2
82,1197,2
82,3156,4
4465,1365,2
87,1215,1
87,1610,2
1866,2805,1
228,3717,3
228,3793,3
192,2976,3
82,2791,2
82,1270,3
82,1259,1
82,1968,4
82,1307,3
82,2858,3
82,589,4
82,2916,3
82,480,2
82,2571,2
82,3821,4
82,648,1
82,3755,4
82,3793,1
82,3578,1
82,3510,2
82,3863,2
82,3753,1
82,2424,2
82,1801,2
82,3072,4
796,2291,1
796,1938,2
796,3194,1
796,2988,2
796,25,2
796,281,2
796,1096,4
796,944,2
796,3360,1
796,3461,3
796,2067,2
796,943,1
796,1962,1
796,954,3
796,1957,4
796,2312,4
796,3062,2
796,3135,1
796,960,2
796,3169,2
796,1946,2
796,2202,1
796,3471,4
796,2070,4
796,2929,3
796,953,1
796,1302,2
796,1964,3
796,2739,1
796,2313,2
796,2132,4
796,3546,2
796,3498,1
796,3271,3
796,1012,3
796,3198,1
796,971,4
796,1103,2
796,1272,2
796,1231,2
796,1935,1
796,920,4
796,3147,2
2514,3730,1
2514,903,4
2514,904,3
195,2143,4
195,458,4
796,3100,2
796,1253,3
796,1208,4
796,3871,4
796,3098,4
796,3668,1
796,1393,3
796,3152,1
796,1944,4
796,1950,4
796,3359,2
796,3122,2
796,924,4
796,3733,2
796,1955,4
195,379,1
195,1372,4
195,2657,3
195,1391,2
195,2034,1
195,1269,2
796,973,3
796,1929,3
796,1090,1
796,3196,1
796,3350,3
796,531,4
796,1293,2
796,1263,2
796,3811,1
796,2075,2
796,3201,4
796,150,3
796,908,3
796,1104,1
796,919,4
796,1228,3
796,3742,4
796,111,3
796,3068,3
796,2728,4
796,1247,1
1287,1203,3
1287,2677,2
1287,2762,1
1287,3008,2
1287,2571,1
1287,265,4
1287,150,2
1287,232,2
1287,36,3
1287,1912,1
1287,2396,3
1287,621,3
1287,2542,2
1287,2324,4
1287,608,4
1287,3114,2
1287,1,3
1287,2501,2
1287,483,4
1287,247,4
1287,2028,2
1287,1354,1
1287,2708,1
1287,308,2
1287,457,4
1287,2599,3
1287,307,2
1287,3083,3
1287,1233,1
1287,406,1
1287,1446,1
1287,3013,2
1287,2966,2
1287,2997,2
1287,176,4
1287,1089,4
1287,1537,2
1287,246,1
1287,306,3
1287,1213,4
1287,28,4
1287,1694,1
1287,290,3
1287,593,1
1287,2858,3
1287,318,3
1287,1617,1
1287,527,2
1287,296,3
1287,1148,3
1287,29,4
1287,50,3
1287,2609,1
1287,745,1
1287,1312,2
1287,2812,3
1287,1631,3
1287,1860,2
1287,3946,2
1287,3916,1
1287,3952,4
1287,3948,4
1287,3911,2
1287,1898,1
1287,1482,3
1287,1230,2
1287,384,3
1287,2717,4
1287,112,3
1287,1050,3
1356,3328,3
1356,2985,4
1356,367,1
1356,1034,2
1356,608,2
1356,1221,4
1356,1333,3
1356,1252,4
1356,1407,2
1356,2058,3
1356,1610,3
1356,47,4
1356,474,2
1356,2391,2
1356,2762,1
1356,1249,2
1356,1089,1
1356,50,4
710,3265,1
692,3265,2
796,1217,2
796,912,2
796,3011,2
796,1193,1
90,1218,2
90,3265,4
796,3095,2
796,1207,4
796,1250,2
796,1225,3
796,593,1
796,527,4
796,3468,4
796,318,2
796,923,2
796,443,2
796,3077,3
796,722,2
796,1189,3
796,246,3
796,2568,1
796,2986,2
796,3717,4
796,3529,2
796,2112,1
796,112,2
796,2023,3
796,3744,1
796,3701,3
796,3427,3
796,2268,4
796,3019,3
796,1084,2
796,2917,1
796,296,4
796,1213,3
796,3735,1
796,1260,3
796,608,1
796,898,1
796,3361,2
796,2788,2
796,951,1
796,2804,4
796,3462,1
83,3877,3
83,2162,1
1336,3952,2
83,1654,1
83,1702,1
83,558,2
83,673,4
83,60,3
83,317,3
83,3489,3
83,2054,3
83,2,4
83,2021,3
83,2628,3
83,1967,3
83,2143,2
83,2453,1
83,2105,3
83,653,1
83,2138,1
83,2100,1
83,2161,2
83,2193,3
83,367,1
83,2140,4
83,2005,3
83,2872,4
83,260,2
83,2797,3
83,2174,1
83,1097,4
83,247,4
83,3479,1
83,2968,1
83,1073,1
83,3755,1
83,3744,1
83,3555,1
83,2987,1
83,2701,2
83,3798,3
83,3114,2
83,2763,4
83,3176,2
83,2961,1
83,2700,3
83,2396,3
83,2724,2
83,2762,3
83,3081,2
83,2692,1
83,1513,2
83,2093,3
83,2013,1
83,2394,4
862,3830,1
83,968,3
83,1959,1
83,2502,4
862,3302,1
83,2581,1
83,2622,2
83,2723,4
83,2734,2
83,3174,2
83,2629,4
83,913,4
862,3553,4
862,3514,1
83,2390,4
862,3239,3
83,2690,2
83,2995,1
862,3515,2
862,3626,1
862,3851,2
862,3319,3
83,2716,2
83,3175,2
83,3578,1
83,2688,1
862,3317,4
862,3298,4
83,2712,3
83,2959,4
83,3159,2
83,2861,2
862,3617,1
862,3787,3
862,3535,4
862,3556,4
862,3320,1
83,2336,1
83,3408,3
862,3859,3
862,3571,2
862,3289,4
862,3481,3
83,2546,3
83,2369,2
83,2881,2
862,3751,1
862,3408,3
862,3536,4
862,3794,1
862,3783,4
83,2541,4
83,223,1
862,50,4
862,2064,3
862,296,3
83,2355,1
862,247,1
862,1136,3
862,1446,1
862,1292,2
83,2694,1
83,2710,1
83,2975,4
862,1247,2
862,750,2
862,111,2
862,1233,4
862,1214,2
862,1206,3
862,3429,1
83,2683,2
83,3155,4
83,2699,3
862,2973,4
862,903,1
862,260,2
862,1198,3
862,908,1
862,3504,2
83,1127,4
83,3534,2
83,2858,3
862,745,1
862,1219,2
862,527,4
862,3083,2
862,1193,3
862,1300,1
862,1225,4
862,3569,4
862,3410,1
862,2276,3
862,3181,2
862,2262,4
862,190,2
862,2971,3
862,3914,4
84,1394,3
84,2858,1
84,1222,4
84,750,1
84,527,1
84,592,4
84,941,4
84,1196,2
84,1198,4
84,457,2
84,1291,1
84,1210,4
83,2424,4
83,2948,1
83,1270,1
84,2571,1
84,1197,4
84,1240,4
84,1200,2
84,1214,1
83,2519,3
83,1573,4
83,1196,3
83,276,4
84,260,3
84,2028,3
84,110,4
84,2628,2
84,3578,1
1389,246,4
84,1799,2
1389,3545,4
84,1199,4
84,2617,3
84,1215,4
4682,3197,3
4682,2353,3
84,480,1
84,2502,2
4682,377,3
4682,3256,3
84,2985,4
4682,1954,3
84,435,2
84,356,3
4682,1785,3
4682,2384,2
1389,1237,2
1389,1225,4
1389,3811,3
1389,1299,3
4682,1173,3
4682,1035,2
4682,3507,4
4682,3168,2
4682,1251,3
85,3510,2
85,3914,1
4682,1084,1
85,3825,2
85,3299,1
85,3325,2
85,3273,3
85,3617,2
85,3238,1
85,3298,1
85,3755,1
85,3409,1
4682,2183,3
4682,3088,1
85,3324,2
85,3408,3
85,3859,4
4682,1253,1
85,3578,1
4682,2768,1
4682,3538,1
4682,1453,3
4682,595,1
85,2125,3
85,2028,4
85,3809,1
4682,3745,3
85,1101,3
85,879,2
5233,3468,3
1113,1923,1
1220,3578,1
86,1344,1
86,904,4
86,903,4
86,2184,1
86,1013,4
692,849,1
692,316,4
692,1009,4
692,1967,2
692,2406,3
692,2161,1
692,3175,4
692,3699,2
692,2879,4
692,2968,4
692,3168,2
692,1073,1
1710,3863,2
692,3504,4
692,3006,1
692,1243,4
692,3068,1
692,1225,2
692,3730,4
692,1179,4
692,1917,1
692,1552,1
453,2750,4
692,1687,3
692,2617,3
692,1320,3
692,2405,1
692,292,2
692,42,2
692,3020,4
692,1690,2
692,3698,3
692,1047,3
692,1769,3
692,2273,4
692,2002,4
692,112,3
692,2990,2
692,1608,2
692,165,2
692,2989,2
692,1429,4
692,3638,1
692,2334,1
692,2013,4
692,1101,3
692,2880,2
692,3274,2
692,2540,2
692,3623,3
692,380,2
692,2723,4
692,1573,3
692,1527,2
692,2985,2
692,2167,4
692,3639,3
692,1370,4
692,2058,2
692,2991,1
692,3107,3
692,2763,3
692,2353,4
692,2115,4
692,349,2
692,3418,2
692,3763,1
692,2916,2
692,2949,4
692,2993,4
692,3256,1
692,2278,3
692,555,4
692,377,2
692,6,1
692,2529,1
692,1291,3
692,2947,4
692,1197,2
692,1912,2
86,2628,1
86,3269,1
86,754,4
86,1544,3
86,609,1
86,362,4
86,153,1
88,2915,3
88,3072,3
88,3210,1
88,2973,4
88,3361,2
88,1961,4
88,1394,3
88,1674,4
88,1172,3
88,1293,3
88,1259,2
88,1079,3
88,1300,2
88,1956,2
86,552,1
86,1580,3
86,3175,4
86,1015,3
86,480,3
86,158,2
86,2006,2
88,3068,4
88,541,1
88,1307,2
88,1962,1
88,1957,3
88,1090,3
88,1198,1
86,2005,3
86,2716,1
86,3623,3
86,648,2
88,2710,1
86,2997,2
88,924,1
88,1594,3
88,1228,4
88,3334,4
88,1203,4
88,2028,4
86,2617,4
88,1704,3
88,1231,3
88,3359,3
88,1084,4
86,2236,4
88,3067,3
88,1945,2
88,1208,3
86,1035,2
86,1210,2
88,318,2
88,527,1
88,1207,4
88,908,3
88,1244,4
88,608,1
88,111,4
88,2927,2
88,1299,4
88,1225,4
86,1688,1
88,954,4
88,912,4
88,3788,4
88,1221,3
88,923,3
88,858,4
88,2321,4
88,2302,2
88,1747,4
88,2997,3
88,11,1
88,1265,3
88,1923,4
88,1446,3
87,2000,2
87,3633,4
87,3062,2
87,2347,2
87,480,1
87,2948,3
87,1408,1
87,3793,2
87,3624,1
87,3639,2
87,733,3
87,3555,2
87,377,2
87,3178,2
87,2006,4
87,2529,4
87,1112,3
87,1916,4
87,1785,4
87,3418,4
87,2533,1
87,555,2
87,390,2
87,2949,3
87,1912,3
87,2366,2
87,3384,3
87,438,4
87,2527,3
87,21,1
87,1954,4
87,2947,2
87,145,4
87,1291,2
87,589,3
87,1387,3
87,457,4
87,1036,2
87,110,1
87,3578,3
87,2194,4
88,1230,3
87,260,3
87,1201,1
87,2571,4
87,1196,3
87,1240,3
87,1277,3
88,2324,3
87,2028,2
87,1198,4
88,3730,4
88,1250,2
87,2157,3
87,3672,2
87,585,3
87,1032,1
87,583,1
87,826,4
87,1649,4
87,1197,1
88,1284,1
88,110,1
88,1193,4
88,480,2
88,1968,2
1647,3146,1
1647,3646,2
1647,1732,3
1647,2797,2
1647,3555,3
987,1484,3
2786,1212,3
2786,2330,3
1873,1835,1
3378,3565,1
3378,648,4
3378,3751,1
89,733,3
89,2947,4
89,1136,2
89,1080,4
89,2431,4
89,1961,3
89,920,3
89,1193,2
89,2028,4
89,3173,4
90,260,4
90,150,1
90,2028,4
90,1250,4
90,858,3
90,3108,2
3428,3753,1
3428,47,3
3428,3155,2
943,3618,2
943,2340,3
943,3408,1
943,3787,2
943,1441,4
943,1959,2
943,3128,3
943,2966,1
195,3246,3
4126,1396,1
4126,1573,1
4126,3699,3
4126,1909,2
4126,1748,2
4126,2968,1
4126,3576,1
4126,1274,4
4126,29,1
4126,3354,1
1912,3408,4
2020,3188,4
195,2284,4
3314,1225,2
195,296,1
2114,1869,3
2114,1805,2
987,2020,2
988,3181,2
988,3617,3
91,920,1
91,912,1
91,1265,2
91,969,3
91,898,4
91,1278,1
91,497,3
91,2791,4
91,2599,4
91,3060,2
91,1307,3
91,1060,3
91,21,1
91,3104,3
91,1500,2
91,2863,4
91,3543,4
91,921,1
91,2997,3
91,1294,1
91,3671,3
91,2174,4
91,1197,2
91,2788,3
91,3035,1
91,1394,4
91,2918,1
91,1238,2
91,910,2
91,3421,2
91,1079,1
91,1276,4
91,947,3
91,2396,2
91,514,3
91,3363,2
91,1226,4
91,492,3
91,2073,4
91,110,4
91,2418,4
91,268,1
91,111,3
91,3386,3
166,8,4
1050,3911,3
671,3624,4
671,1219,4
671,908,3
92,2144,1
92,1641,4
92,3040,3
92,440,3
92,514,4
92,3608,2
92,2797,1
92,3398,1
92,356,2
92,2359,1
92,3396,4
92,2355,4
92,2169,4
92,3534,4
92,2874,3
92,2716,3
92,569,2
92,486,4
92,1777,3
92,551,3
92,2080,3
92,1197,3
92,1270,3
92,3253,1
92,1265,2
92,357,3
92,588,3
92,1,3
92,2978,4
92,3114,1
92,2997,4
92,2599,1
92,2791,2
92,3481,1
92,1307,4
92,1080,1
92,1136,4
92,910,1
92,3252,1
92,2114,2
92,1968,3
92,3155,4
92,3271,1
92,2336,4
92,2125,3
92,3418,2
92,3255,4
92,1271,4
92,1099,1
92,1393,1
92,2329,3
92,1682,4
92,953,1
92,3471,1
92,1961,4
92,3078,1
92,1097,1
92,2398,2
92,3147,2
92,110,4
92,1358,1
996,1682,4
996,2291,3
996,1639,1
92,217,4
996,25,4
996,300,4
92,919,2
996,1060,3
996,1094,1
996,1095,3
92,17,2
996,3100,1
92,3548,1
996,1673,1
92,593,3
92,1704,4
996,1393,4
996,800,2
92,1873,2
92,920,4
996,1885,3
92,3178,1
92,1673,4
92,3554,1
92,318,2
92,34,4
92,3408,1
92,36,2
92,2858,1
92,527,2
92,3897,2
92,2804,3
92,3864,1
92,3484,4
92,3616,2
92,3513,3
92,3753,3
92,3409,2
92,648,1
92,3555,2
92,3861,4
92,3785,1
92,3751,2
92,3510,1
92,3578,1
92,1997,1
92,1721,3
92,1821,3
92,3454,4
92,1693,4
92,86,3
770,1721,3
770,1373,1
770,3660,3
770,3401,1
770,2668,2
770,2615,1
770,2525,3
770,2054,1
770,2093,2
770,1274,1
770,3699,1
1733,3821,4
1733,3785,4
1733,3617,2
1733,3744,1
1733,3618,2
131,79,2
131,3416,3
131,509,1
131,159,3
131,81,2
131,2003,4
131,2105,1
5333,3617,2
1639,1179,1
1639,2987,3
1639,1260,1
1639,2531,3
1639,1371,1
1639,2528,1
3610,65,1
3610,1240,4
3610,3354,4
3610,1610,4
3610,1704,2
3610,2605,4
3610,421,3
93,3911,4
93,2807,1
93,839,1
93,1556,2
93,2153,2
93,2818,1
93,502,2
93,1681,3
93,2643,3
93,2422,3
93,667,1
3610,1210,1
3610,2408,2
3610,260,4
3610,1676,1
3610,1373,4
3610,1356,1
3610,1372,2
3610,1374,3
3610,1375,1
3610,1371,2
93,1590,3
93,2701,4
93,1606,2
3610,3217,3
3610,1376,3
93,1499,4
93,204,4
93,2816,3
93,405,4
93,2404,2
3610,986,4
3610,2953,4
3610,169,3
93,2642,4
93,172,3
93,2815,3
93,1591,1
3610,3173,1
93,3257,1
93,420,3
93,2373,1
93,173,1
93,153,2
93,1373,4
3610,593,4
93,2322,3
93,2808,3
93,466,1
93,1752,4
93,168,3
93,44,2
93,485,4
93,1544,4
3610,493,3
93,2549,3
93,1438,4
3610,63,4
93,1037,4
93,2468,1
3610,19,4
93,2405,1
93,786,4
93,1391,3
93,208,1
93,736,4
93,1586,2
93,2735,2
93,1479,2
93,2002,3
93,1690,2
3610,2762,3
93,1876,4
93,2616,2
93,95,2
93,1918,3
93,3697,3
93,1320,2
93,292,4
93,434,4
93,780,4
93,2723,4
93,1769,4
93,1552,2
93,1792,1
93,464,3
3610,1918,4
3610,2001,2
3610,2002,4
93,1378,1
93,2699,3
93,3698,4
93,1608,1
93,303,1
93,442,4
93,2376,2
93,1377,2
93,1676,2
93,3452,1
93,1429,1
93,165,3
93,316,2
93,2490,3
93,1587,4
93,1385,2
93,329,2
93,3107,1
93,2476,1
93,2763,1
93,2826,1
93,648,1
93,1375,4
93,288,1
93,2273,3
3610,2470,3
93,1573,1
93,2617,2
93,380,2
93,2990,4
93,3740,3
93,368,4
93,112,2
93,145,4
93,480,1
93,3704,2
93,10,4
93,198,1
3610,2372,2
3610,39,1
93,3623,2
93,2167,2
93,349,4
93,2006,3
93,2115,1
93,3082,1
3610,141,1
93,1275,1
93,6,4
93,861,4
93,2193,3
93,1372,2
3610,2407,2
3610,3671,2
3610,2100,4
93,1356,1
93,474,2
93,1580,3
93,2058,3
93,377,3
93,353,4
93,163,2
3610,3591,1
93,3267,3
93,3444,3
93,969,2
93,1129,3
93,555,3
3610,3448,3
93,733,4
93,2916,4
93,3793,4
93,2194,4
93,2288,2
93,3527,1
93,2949,2
93,2944,2
3610,2747,4
93,457,3
93,3827,4
93,1201,4
93,1610,2
3610,3087,3
93,592,2
93,3753,1
93,1215,3
93,3703,3
93,2692,4
93,2000,3
3610,2003,2
93,1210,2
93,2278,3
93,1197,3
93,1127,3
93,1240,1
93,2571,3
93,1291,4
93,2924,3
93,1200,1
93,1036,2
3610,1883,3
3610,2134,4
93,1233,3
93,1218,4
93,2028,4
93,1198,2
93,589,2
93,2019,3
3610,2011,3
3610,2797,3
3610,2174,1
93,1388,1
3610,3526,1
93,2409,2
93,2533,2
93,2532,1
93,3638,2
3610,3552,4
3610,587,3
93,2640,3
93,2528,4
93,2991,2
93,3639,4
3610,1285,4
3610,2000,3
93,1387,1
93,3702,4
93,1954,4
93,1214,4
3610,1079,3
3610,1259,1
93,3054,4
93,48,2
93,1405,3
93,1688,3
3610,1307,4
93,595,4
93,1907,3
3610,2918,1
3610,2716,2
93,588,2
93,364,1
93,610,1
93,2137,3
93,3751,1
93,3213,1
93,2987,1
93,741,1
93,2355,4
93,1274,1
93,720,2
93,2139,4
3610,1270,4
93,3889,2
93,3877,4
93,2162,3
3610,3865,4
93,3439,4
93,3440,3
93,1702,3
93,2054,1
93,673,3
93,653,2
93,2143,2
93,2015,4
93,2105,2
93,2100,2
93,2872,2
93,2021,2
93,3479,4
93,2161,4
93,1073,4
93,2174,1
93,1967,3
93,247,4
93,2797,2
93,2005,1
93,1097,3
93,260,1
93,1196,1
93,3063,4
93,21,4
93,1599,4
93,2628,3
95,3147,1
95,1921,1
95,1249,2
95,2762,1
95,1393,3
95,446,4
95,337,2
95,529,2
95,3246,1
95,1095,3
95,1358,2
95,2324,2
95,36,4
95,73,4
95,527,1
95,1280,1
95,593,3
95,318,2
94,2003,2
94,1261,2
94,1349,4
94,3837,1
94,1321,3
94,3018,4
94,1994,1
94,3917,4
94,2377,1
94,2716,3
94,2455,2
94,3576,4
94,1130,3
94,1258,1
94,2288,2
94,2118,4
95,2002,1
95,3266,1
94,551,2
94,1961,2
94,3933,1
94,908,3
94,2085,1
95,1732,1
95,1396,2
95,47,3
95,1179,4
95,2268,1
95,1466,1
95,608,2
95,1089,2
95,1213,2
95,471,1
95,2718,2
95,1485,4
95,3175,1
95,2542,3
95,3358,4
95,2572,4
95,1446,1
95,3129,3
95,2321,2
95,2355,3
95,345,1
95,1784,2
95,1500,3
95,356,3
95,1923,2
95,3060,4
95,357,4
95,1265,3
95,2359,1
95,3255,4
95,1542,1
95,1537,3
95,1641,3
95,223,1
95,2396,2
95,2997,4
95,648,3
95,1597,2
95,2699,3
95,1586,1
95,1917,4
95,349,4
95,1370,3
95,1858,2
95,380,4
95,1608,3
95,368,4
95,112,2
95,2490,1
95,10,2
95,377,1
95,2273,3
95,1356,3
95,2353,3
95,1610,2
95,2916,2
95,2278,3
95,733,4
95,3107,3
95,1580,4
95,3256,3
95,288,3
95,457,4
95,3418,3
95,589,3
95,2028,4
95,1233,2
95,2167,3
95,110,1
95,2571,4
95,480,3
95,3006,3
95,2890,2
95,1135,2
95,1193,4
95,1196,2
95,2947,1
95,920,2
95,3821,1
5539,2076,1
5539,2852,1
5539,2349,4
5539,1186,4
5539,2929,3
5539,3098,4
5539,1968,4
5539,1965,2
5539,1295,3
5539,1957,4
5539,2791,3
5539,1956,4
5539,2872,2
5539,1096,1
5539,2020,4
5539,1231,4
5539,3925,1
5539,1200,3
5539,1090,2
5539,3613,4
5539,1293,3
5539,1222,3
5539,1305,3
5539,2313,1
5539,1960,4
5539,1199,2
5539,3342,3
5539,3090,4
5539,3811,4
5539,1299,1
5539,1300,1
5539,3067,2
5539,1225,2
5539,1228,3
5539,2333,4
453,1243,3
878,3821,4
878,3864,4
878,3617,2
878,3785,4
878,3863,3
97,3035,2
97,1103,4
97,3365,4
97,3871,3
97,2186,3
97,971,2
97,3341,3
97,2565,2
97,916,1
97,1250,3
97,1944,1
97,899,2
97,1945,4
97,969,1
97,3196,3
97,1248,1
97,2664,1
97,3736,4
97,1104,4
97,922,2
97,1283,1
97,910,3
97,908,1
97,904,4
97,973,4
97,3061,2
97,1936,2
97,2018,1
97,953,1
97,1938,4
97,906,1
97,943,2
97,2398,2
97,1269,2
97,1940,4
97,918,1
97,2936,1
97,1282,1
97,951,1
97,3870,2
97,946,2
97,2937,3
97,942,1
97,928,2
97,2612,3
97,2204,1
97,930,4
97,1935,4
97,1939,3
97,1284,2
97,1254,4
97,1069,2
97,913,2
97,3435,4
97,3095,3
97,3097,3
97,2203,1
97,923,2
97,1212,1
97,2644,2
97,2899,3
97,1934,2
97,1929,4
97,959,4
97,944,4
97,3932,2
97,907,3
97,2904,2
97,2208,1
97,1340,4
97,2648,2
97,936,3
97,2210,4
97,950,3
97,965,2
97,1931,3
97,594,2
97,945,2
97,920,2
97,954,3
97,1256,2
97,905,1
97,940,1
97,947,4
97,919,2
97,1066,4
97,2366,4
97,3244,2
97,1078,4
97,3194,1
97,3284,3
97,3204,1
97,3724,2
97,3037,3
97,3201,1
97,1350,3
97,3384,1
97,1964,2
97,3545,2
97,3093,4
97,3471,4
97,1235,1
97,3702,1
355,3785,4
355,3617,3
97,1234,2
97,3363,3
97,3152,4
97,3498,1
97,1206,2
97,1997,1
97,1294,1
97,3362,4
97,2932,2
97,3551,2
97,1278,4
97,1292,3
97,3359,4
97,1077,2
97,2871,2
97,3735,1
97,1387,2
97,1208,3
97,3421,3
97,1214,4
97,3730,1
97,260,2
97,1252,3
97,1303,1
97,1244,3
97,1221,4
97,2303,4
96,1727,4
96,1210,2
97,2997,4
97,2289,1
96,830,4
96,1614,1
96,1193,3
97,2028,2
97,1265,2
97,1041,1
97,1449,2
97,2858,1
97,1596,2
97,50,3
97,593,1
97,1537,1
97,296,2
97,1507,2
97,1617,4
97,318,3
97,2314,1
97,2739,3
97,858,2
97,111,1
97,3087,4
97,2043,1
97,912,1
1306,2611,4
624,2291,1
1306,2572,4
3412,3457,2
3412,3355,1
3412,3481,4
3412,3751,3
98,318,2
98,296,2
98,527,2
98,593,1
131,728,3
98,3821,1
98,2241,1
98,648,1
98,1129,2
98,2657,1
98,2791,1
98,3578,4
98,3507,4
98,1997,3
98,1250,1
98,1562,3
98,920,2
98,2302,2
98,2028,4
98,1210,3
98,3244,2
195,247,4
5222,3784,1
99,2858,3
99,3114,2
99,1824,2
99,527,4
99,2028,2
5222,3793,1
99,2268,1
99,50,4
99,318,2
99,1042,2
99,3186,3
99,920,1
99,2012,1
99,1416,1
99,1027,1
1252,648,3
1252,3785,2
1252,3578,3
1252,3751,4
1252,3510,3
5333,10,1
326,3451,1
326,1278,3
326,933,3
326,1259,1
326,1288,2
326,2080,4
326,1080,4
326,1,3
326,898,4
326,3072,2
326,1230,1
326,1136,1
4697,3565,3
929,3671,1
929,32,3
929,2770,3
929,2136,3
929,344,2
131,1257,1
131,1441,1
929,1405,4
929,333,1
929,747,3
929,3261,1
929,2706,3
929,852,2
929,663,2
929,3263,3
929,3497,3
929,543,2
929,3235,3
929,2796,3
929,2072,3
929,3253,2
131,17,2
929,3087,3
929,585,1
131,2710,4
929,3255,1
929,180,3
929,2518,1
929,3052,1
929,1777,4
929,2001,4
929,3450,4
929,785,2
929,1883,2
929,1485,2
929,3809,3
929,2247,1
929,2108,4
929,2746,3
929,2867,1
929,3591,4
929,2100,2
929,2261,3
929,2111,3
929,2109,2
929,2502,4
929,1517,2
2114,3744,2
929,1125,3
929,1923,2
929,39,3
929,2124,1
929,3760,1
929,551,4
1556,1968,2
131,1366,1
131,1339,4
131,627,3
131,778,1
131,319,2
131,2115,1
131,3020,4
131,3686,2
131,1196,3
131,628,4
131,597,2
131,2011,2
131,1543,4
119,8,1
119,2628,3
119,333,1
119,2354,1
119,2468,4
119,2478,4
123,3100,2
123,3210,3
123,3498,3
123,1711,3
123,597,1
123,2418,2
123,603,3
123,451,2
123,2236,4
123,225,3
123,2402,3
123,736,3
123,3098,3
123,998,3
123,333,3
123,737,3
123,875,3
123,1616,1
123,2461,4
123,1083,4
123,491,3
123,1807,4
123,924,4
123,2399,4
3391,3481,2
123,3689,2
123,3688,2
123,1350,2
123,2789,1
123,3271,1
123,1715,2
123,2174,3
123,2242,2
100,265,2
100,1208,1
100,919,2
100,608,3
100,1213,3
123,1975,2
123,1974,1
123,1976,4
100,924,2
123,2423,2
123,2795,1
123,2794,2
100,318,4
100,527,4
100,593,2
100,1562,4
100,1499,1
123,1587,4
100,15,3
123,3525,3
100,3257,1
100,1544,4
100,2367,3
100,3441,2
123,231,1
123,2302,1
100,208,1
100,1373,2
100,2535,1
100,1371,4
100,2409,2
100,2405,1
100,292,1
123,3258,4
100,1597,3
100,1049,2
100,1586,4
100,780,1
100,2393,2
100,1375,3
123,3020,2
100,1101,4
100,3827,4
100,329,3
100,1722,3
100,3274,2
100,288,2
100,648,2
100,2628,3
123,2875,2
100,2640,3
100,2115,3
123,3108,1
100,368,2
100,1356,4
100,380,3
100,3107,4
100,2527,4
100,1372,1
100,1580,3
100,2406,4
123,3869,2
123,370,2
100,592,2
100,3702,3
100,1408,2
100,1954,1
100,349,3
100,480,3
100,1197,2
100,21,2
123,2252,1
123,1887,2
100,969,1
100,110,2
100,1200,4
100,2571,1
100,1291,2
100,1387,2
100,2028,2
100,1304,2
100,2427,1
100,1196,3
100,1221,1
100,858,1
100,800,2
123,2023,3
100,2567,2
100,3536,1
100,3948,2
100,1210,1
100,541,4
100,1198,3
100,260,1
100,1676,1
123,2387,3
123,2429,1
123,2150,2
123,1729,1
123,95,2
1862,3948,4
123,3684,1
123,1580,2
123,88,2
123,648,4
123,1091,2
123,2072,3
453,3697,2
123,81,3
123,2551,2
123,36,3
123,1984,1
123,2107,4
123,1982,1
123,1983,4
149,2,1
149,2100,4
149,1097,3
123,1885,3
123,1186,2
149,1289,1
1425,432,3
1425,3365,4
1425,948,3
1425,1104,4
1425,2351,2
149,10,1
149,2406,4
1425,2096,1
149,3175,3
149,3699,1
1425,3462,3
1425,3086,3
1425,955,3
1425,3307,3
123,3710,3
123,3766,3
149,3168,4
149,1259,3
149,1073,1
1425,951,4
1425,2205,3
1425,2935,3
1425,898,2
149,2871,1
1425,3248,1
1425,833,3
1425,1731,4
727,3536,2
123,1389,3
1425,65,1
1425,743,1
123,3465,1
1425,256,2
1425,1021,1
1425,135,2
149,1080,3
1425,2042,4
1425,174,3
1425,370,4
1425,5,3
1425,1581,3
1425,203,4
1425,186,1
1425,2387,3
1425,575,4
1425,520,4
1425,818,1
1425,2325,2
1425,1665,2
1425,429,2
123,2260,4
1425,830,2
1425,1020,3
1425,1588,3
1425,719,2
1425,500,1
1425,3869,2
1425,3254,1
1425,1855,1
1425,2539,3
123,2978,3
1425,1367,3
1425,597,2
1425,1457,4
1425,3247,2
1425,1485,1
1425,852,1
1425,1614,3
1425,2124,3
149,3536,3
1425,3809,3
1425,333,2
1425,799,2
1425,585,1
1425,3052,4
1425,1042,3
1425,104,2
149,349,1
149,3635,2
149,3633,3
149,2344,2
123,2473,1
123,1621,2
149,1112,2
149,3702,3
1425,2321,3
1425,1641,2
1425,663,3
1425,3208,1
1425,514,2
1425,1317,3
1425,1875,1
1425,3253,1
1425,2359,3
1425,1425,1
149,507,4
149,2948,3
149,1374,1
149,1954,2
149,2529,4
1425,324,2
1425,1923,1
123,11,2
123,1321,1
149,1304,1
123,3649,2
123,2329,3
1425,2045,3
1425,169,4
1425,1015,1
149,170,3
149,2002,3
123,2378,3
123,2380,2
123,2382,2
123,3868,1
123,2379,4
123,2383,3
123,2381,3
149,3764,1
149,81,2
149,521,2
149,3301,1
149,3272,1
149,2023,1
149,2985,1
149,2110,2
149,2000,2
149,592,3
149,2764,3
149,3328,4
149,3763,4
149,2194,2
149,1227,1
149,2917,4
149,1963,1
149,3210,1
149,1965,1
149,1663,4
149,1078,2
149,2795,4
149,101,3
149,3543,1
149,1747,3
149,2352,2
149,1246,3
149,1625,1
149,2797,1
149,3104,4
149,1220,1
149,3527,1
149,1393,1
149,1343,3
149,1295,2
149,1202,3
149,1127,1
149,2693,3
149,3498,4
149,2949,2
149,1079,2
149,2243,3
149,3499,1
149,3359,1
149,1256,2
149,2067,2
149,1293,1
149,1210,4
149,778,1
149,32,4
149,1408,3
149,3733,4
149,2716,1
149,337,4
149,1197,2
149,446,1
149,3551,1
149,3360,2
149,456,4
149,3608,3
149,1270,4
149,3703,1
149,1294,3
149,2919,3
149,2918,4
149,3083,4
149,1036,4
149,2947,3
149,1222,4
149,1704,3
149,1258,4
149,1961,3
149,3683,4
149,1594,3
149,2859,2
149,306,3
149,1234,3
149,2396,3
149,1266,2
149,1136,1
149,3424,3
149,1240,4
149,1387,1
149,1206,4
149,2064,3
149,1228,3
149,2300,4
149,1200,2
149,1263,2
149,2973,4
149,1953,4
149,1859,4
149,1208,3
149,1244,1
149,1952,1
149,750,3
149,2020,1
149,3135,1
149,1247,2
149,3504,3
149,2132,4
149,1288,2
149,162,4
149,1090,1
149,2744,3
149,3421,4
149,2303,3
149,246,1
149,1225,4
149,318,2
149,527,4
149,919,1
149,541,1
149,1272,1
149,111,4
149,1299,3
149,1214,2
149,1252,1
149,3811,3
149,1221,2
149,1230,1
149,1949,2
149,1204,3
2071,1266,1
2071,50,1
2071,3396,1
149,1198,2
2071,1687,4
2071,1566,2
2071,1610,1
149,858,2
149,1196,1
2071,1653,2
2071,3159,2
2071,3764,1
2071,608,3
2071,3671,1
2071,1292,4
149,3510,2
1789,50,1
1789,1213,4
987,125,1
2688,2912,1
2688,3821,3
1599,110,4
101,3841,4
101,208,2
101,2412,2
101,2642,1
101,360,4
101,1544,4
101,2616,3
101,292,4
101,1320,1
101,2735,3
101,376,4
101,546,1
101,3268,3
101,1385,2
101,2524,4
101,2826,3
101,3208,4
101,849,4
101,2763,2
101,145,2
101,466,4
101,3697,2
101,420,4
101,1438,4
101,2421,4
101,485,2
101,1562,3
101,2001,2
101,2404,3
101,2405,1
101,1676,3
101,736,4
101,2411,2
101,1375,2
101,3082,3
101,1552,3
101,1356,3
101,329,1
101,648,1
101,1876,1
101,1371,3
101,552,4
101,2723,2
101,1373,1
101,1372,1
101,780,3
101,1722,4
101,368,4
101,1376,1
101,2273,1
101,2628,4
101,2402,3
101,2409,1
101,1587,2
101,2699,2
101,165,2
101,2617,4
101,1801,4
101,3438,3
101,2353,3
101,3755,4
101,2006,3
101,1374,2
101,3555,3
101,2094,2
101,377,3
101,2406,2
101,2640,4
101,2991,3
101,1275,4
101,1580,4
101,3527,2
101,3793,3
101,480,4
101,3440,2
101,380,4
101,2872,2
101,2000,3
101,21,3
101,2916,4
101,2948,3
101,1214,3
101,3418,1
101,2571,3
101,1954,3
101,474,1
101,1200,3
101,1240,1
101,2947,3
101,2949,2
101,589,3
101,1287,1
101,260,4
101,1036,2
101,1196,1
101,1198,1
101,3936,2
101,3946,2
101,3948,2
101,1835,3
101,2794,3
101,3397,1
101,71,4
101,1210,1
101,1011,3
101,3259,3
102,111,2
102,377,4
102,3872,2
102,1912,2
102,1270,1
102,3175,4
1246,3481,3
1246,2581,2
1246,1721,1
1246,3745,2
996,1203,2
996,1207,4
996,1918,2
996,2540,1
996,2616,4
996,521,2
996,1729,4
996,999,4
996,1589,4
996,2268,2
996,2231,4
996,2580,3
996,1179,2
1733,2165,3
1733,2970,4
1043,2000,1
1043,3104,1
1043,592,1
1043,1227,4
1043,6,4
1043,2985,2
1043,2391,1
1043,1179,1
1043,2130,1
1043,296,2
1043,3362,3
1043,1213,1
1043,1084,4
1043,608,2
1043,50,1
103,1556,2
103,2153,1
103,546,4
103,172,3
103,15,3
103,2253,1
103,1499,2
103,3841,4
103,2808,3
103,160,4
103,849,3
103,1831,3
103,393,1
103,379,4
103,1591,2
103,1590,4
103,836,3
103,2549,3
103,1833,2
103,2881,2
103,2002,3
103,153,4
103,1037,3
103,208,1
103,3257,1
103,1918,3
103,434,4
103,3113,1
103,1917,2
103,3697,2
103,1801,3
103,517,2
103,1479,4
103,292,2
103,95,2
103,485,2
103,533,1
103,1687,4
103,1792,2
103,1385,1
103,442,2
103,552,3
103,1552,2
103,2094,3
103,2699,1
103,1616,3
103,748,3
103,1391,4
103,198,3
103,1876,3
103,165,4
103,494,4
103,329,1
103,1754,4
103,3107,4
103,2600,4
103,1608,2
103,89,4
103,780,1
103,316,2
103,3418,3
103,2167,3
103,9,1
103,1676,1
103,1573,1
103,1370,3
103,1722,4
103,2006,4
103,349,3
103,2723,3
103,3267,1
103,380,4
103,1047,1
103,2826,2
103,2058,2
103,2278,1
103,1372,1
103,2353,1
103,1356,2
103,1408,3
103,733,4
103,2916,4
103,1527,2
103,474,2
103,21,2
103,589,4
103,1610,3
103,457,1
103,2571,3
103,2028,1
103,110,2
103,2399,3
103,1544,3
103,2160,2
103,551,2
103,70,3
103,524,2
103,648,1
103,1129,1
103,3578,4
103,3300,2
103,3159,2
103,2791,1
103,3753,4
103,3745,1
103,2657,3
103,1250,4
103,480,2
103,3555,3
103,3751,1
103,1282,4
103,912,2
103,1021,2
103,1580,4
103,454,2
195,692,1
195,1882,3
195,880,3
195,2408,4
195,256,4
195,196,4
195,1320,2
195,24,4
195,2377,2
195,76,4
195,2311,1
195,2094,2
195,2232,4
195,1584,1
693,3717,4
693,3484,2
693,3755,1
693,3515,4
693,3753,4
693,3185,3
693,3354,4
195,93,4
195,513,1
195,1502,3
195,224,4
195,1835,1
195,353,2
104,2987,2
104,2701,2
195,3699,1
104,2840,2
104,2841,2
104,2724,3
104,3219,2
104,3053,1
104,785,1
104,2688,3
104,2959,1
104,3175,3
104,2861,2
104,1911,3
104,2369,1
104,2722,4
104,3016,1
104,223,2
104,2770,1
104,2710,4
104,2355,4
104,2683,4
104,2826,3
104,2706,2
104,2574,3
104,2023,4
104,3649,4
104,3083,2
104,3763,3
104,1193,1
104,858,4
195,58,4
195,293,3
1635,3431,1
1635,688,4
1635,1432,2
1635,2409,3
1635,2524,4
105,2115,3
105,861,2
105,3639,3
105,3153,1
105,163,4
1635,544,1
1635,2530,1
105,3555,2
105,3256,4
105,2872,1
105,3527,3
105,2006,2
105,2951,3
105,3418,2
105,555,2
105,1374,1
105,2600,2
105,3384,4
105,3029,4
105,3793,4
105,3104,3
105,1408,1
105,2949,3
105,457,2
105,2288,2
105,1127,3
105,2991,4
105,6,3
105,1220,1
2008,3147,4
2008,47,3
2008,3770,4
1635,3633,1
1635,3405,2
105,3836,3
105,1210,2
105,1201,2
105,2529,1
105,474,4
105,2944,2
105,1242,4
2008,16,4
2008,1732,1
2008,1653,1
2008,3267,4
2008,1921,2
2008,3728,3
105,3578,1
105,2194,1
105,1222,1
2008,319,4
2008,2819,3
2008,190,1
2008,2391,2
105,1291,3
105,1200,4
105,3654,4
105,2947,2
105,589,1
105,2692,1
105,1304,3
2008,3551,4
2008,1358,1
105,2912,3
105,1387,4
105,2028,2
105,1214,4
105,2571,1
105,1287,3
2008,1407,1
2008,1267,1
105,1221,2
105,1196,1
105,858,1
105,260,4
2008,593,4
2008,1089,1
2008,2762,4
2008,904,1
2008,1234,2
105,3946,4
2008,1171,1
2008,1883,3
2008,1060,1
2008,1175,1
2008,2395,2
2008,1449,2
2008,2318,2
2008,2396,1
2008,223,1
2008,3421,1
2008,2788,1
2933,3534,1
2008,348,1
2933,3948,3
2008,1073,2
2008,2289,2
2008,1080,3
2008,1292,4
2008,1294,1
2008,3819,3
2008,2997,1
2008,1235,2
105,1957,1
105,468,3
105,2901,2
105,1197,3
105,1515,3
2008,1573,4
2008,610,3
2008,3527,4
2008,1527,3
2008,1220,1
2008,592,3
2008,1916,3
2008,474,1
2008,21,2
2008,1047,1
2008,2194,4
105,480,4
2008,3104,2
2008,1240,1
2008,589,4
2008,1036,3
2008,457,1
2008,1387,2
2008,3418,2
2008,1196,2
2008,2028,4
2008,1304,2
2008,260,2
2008,1214,1
2008,1198,3
2008,1228,4
2008,1193,3
2008,1136,2
2008,2959,2
2008,527,4
2008,318,2
2008,2020,3
2008,25,2
2008,1265,3
2008,899,1
2008,1230,1
2008,1344,3
2008,707,2
2008,1179,3
2008,922,2
2008,1252,1
2008,3328,4
2008,3783,3
2008,3752,4
2008,3785,4
2008,3794,2
2008,3852,1
2008,3317,4
453,3006,3
879,969,3
879,900,3
879,933,2
879,492,2
879,947,4
879,2208,1
879,916,2
879,1244,4
879,1136,4
879,3929,4
879,955,1
879,905,2
879,898,4
879,3384,1
879,1513,2
879,2724,1
879,2013,3
879,2502,3
879,2581,4
879,2805,2
879,2622,3
879,2716,3
879,2997,1
106,377,2
106,1357,2
106,3699,4
106,2065,4
106,440,2
106,1183,1
106,1265,2
106,1059,1
106,914,2
106,1210,3
106,2081,1
106,915,2
106,902,2
106,3685,2
106,933,1
106,911,1
106,2100,4
106,534,2
106,2080,3
106,3044,4
106,838,2
106,357,1
106,1639,3
106,1307,2
106,2020,2
106,1674,2
106,2243,4
106,920,2
106,969,4
106,1094,2
106,497,4
106,945,4
106,265,2
106,28,1
106,1188,4
106,928,4
106,916,3
106,1277,1
106,1296,1
106,2396,2
106,3097,4
106,899,1
106,2746,3
106,2028,4
106,586,2
106,908,2
106,1968,4
1369,1284,2
107,2863,2
107,1925,3
107,1674,4
107,3093,3
107,1147,2
107,2852,2
107,3361,1
107,3703,3
107,2181,1
107,2212,4
107,2949,3
107,1035,4
107,3230,2
107,949,3
107,3365,3
107,933,4
107,1429,2
107,1226,4
107,1029,2
107,3198,2
107,1084,3
107,2020,1
107,1942,4
107,2186,1
107,929,2
107,1704,3
107,2664,4
107,2819,1
107,861,4
107,1231,2
107,1272,2
107,2917,1
122,1250,1
122,2858,1
107,3702,3
107,2947,4
107,1242,1
107,3545,1
107,1929,4
107,1233,4
107,1258,3
107,2936,2
107,916,4
107,3468,1
107,951,3
107,2210,4
107,1086,3
107,2550,2
107,3811,3
107,1956,3
107,1293,1
107,3726,4
107,920,4
107,960,4
107,1198,1
107,1947,2
107,910,3
107,3201,1
107,2948,1
107,3788,1
107,1939,4
107,2908,2
107,969,3
107,2919,2
107,260,4
107,3683,3
107,924,4
107,3340,4
107,1103,4
107,1090,2
107,950,1
107,1203,1
107,1661,1
107,1283,3
107,2132,3
107,1250,3
107,1193,2
107,3362,4
107,3006,3
107,2648,1
107,2396,3
107,593,4
107,3097,2
107,1945,2
107,1276,1
107,3359,4
107,1213,3
107,1247,1
107,1248,1
107,913,4
107,3467,2
107,3735,1
107,1949,2
107,899,1
107,2010,3
107,594,1
107,1219,2
107,908,4
107,919,1
107,318,4
107,923,1
107,3469,4
107,2762,3
107,2300,1
107,1294,1
107,912,2
107,541,1
107,111,1
107,1267,3
107,1204,2
107,1617,4
107,608,2
107,750,2
107,1252,4
107,858,4
107,3370,2
107,947,1
107,3929,1
107,2143,3
107,1079,2
107,1125,1
107,1167,1
107,1721,1
123,996,1
123,303,3
123,458,2
123,1379,1
123,2012,3
123,383,2
123,368,2
123,3792,1
123,3093,2
123,553,2
123,3871,2
123,1283,4
123,1094,1
123,2944,1
123,2202,3
123,2890,2
123,920,1
123,1944,3
123,3196,1
123,1250,3
123,47,4
123,3849,3
123,904,2
123,1269,2
123,1500,4
123,296,4
123,910,4
123,1783,2
123,707,2
123,1344,3
123,3334,3
123,1179,3
123,2186,1
136,435,4
123,1267,1
123,1252,1
136,3869,3
136,2356,3
136,236,4
136,1821,3
123,3168,3
136,380,4
123,2067,2
123,3330,4
123,1084,1
136,368,1
136,1405,2
136,2797,2
136,3448,4
136,224,2
136,2004,2
136,2141,3
123,2408,1
123,2642,4
123,2450,2
136,1391,4
136,3618,4
136,141,3
123,2054,4
136,1916,1
136,2697,2
136,3552,4
123,3770,1
123,2011,1
136,532,2
1242,3952,3
123,2455,1
123,2407,2
1242,3747,3
136,3087,3
136,2100,4
123,1199,2
136,2463,4
123,2662,1
123,3404,2
123,3405,4
136,3526,4
136,2124,4
136,3398,3
136,2109,3
136,1517,2
123,2478,3
136,171,2
136,441,3
123,3508,3
123,3671,1
123,3074,2
136,1079,3
136,1732,1
136,410,2
136,223,2
136,562,3
123,3494,1
136,3046,3
136,39,4
136,3538,1
136,345,3
136,1073,1
136,471,3
136,1285,2
136,3794,3
136,1078,2
136,2716,1
136,1,4
136,2926,2
123,2122,2
136,1259,2
136,1641,2
123,2263,4
123,2121,2
136,1449,1
136,2791,2
123,2118,2
136,2174,2
136,2395,3
123,3505,3
123,3101,4
123,3706,4
136,1261,1
123,1208,1
123,3201,3
136,3473,3
136,2318,4
123,3741,4
123,111,3
136,1734,4
136,2804,4
136,1230,4
123,3403,4
123,1290,4
123,3109,2
123,2420,1
136,631,4
136,48,4
136,1760,1
123,2145,1
123,2001,1
123,2262,2
136,327,2
136,2083,3
136,783,2
136,1088,4
136,2657,3
123,3308,1
123,1395,3
123,3591,1
136,2080,4
136,588,3
136,2087,1
136,1093,3
136,1298,3
136,1029,3
136,2857,3
136,1022,2
136,1035,4
123,2114,4
136,594,3
136,2096,4
136,2078,1
136,551,1
123,3699,4
123,3448,4
136,1932,1
123,3111,3
123,1968,2
123,1958,4
123,1124,2
136,1856,2
123,3211,1
123,2750,3
136,1289,2
123,3685,3
123,1960,3
136,3007,2
136,1111,1
123,3169,2
123,2312,1
136,2677,3
123,3360,3
123,1227,3
123,2313,1
123,1246,4
864,2248,1
123,2020,2
123,1674,4
123,1231,4
864,223,2
123,1293,2
136,3910,2
864,2502,4
123,1228,4
123,1873,2
123,318,3
864,3500,2
864,2770,3
123,2334,2
123,1805,1
123,1573,2
123,3557,1
864,348,4
123,2707,2
123,1645,2
123,1792,2
123,1488,4
123,350,2
123,2267,4
123,1092,2
123,3686,4
123,1608,3
123,733,1
123,454,1
123,1459,3
123,280,1
123,1518,1
123,832,3
123,164,3
123,587,2
123,22,4
123,2353,3
123,1909,2
123,1407,3
123,16,2
123,628,3
123,3044,3
123,1841,1
123,1625,4
123,2542,3
123,1343,1
123,3728,3
123,2391,2
123,1089,4
864,199,3
123,1388,4
123,2524,4
123,3430,3
123,2409,2
123,2367,3
123,2527,3
123,2640,1
3591,3578,1
864,509,2
123,1953,3
123,2991,2
123,2741,3
123,2410,2
123,2815,2
123,2802,1
123,3698,4
123,3389,1
123,3441,1
123,2403,3
123,2956,2
123,3197,1
123,2405,1
123,1378,1
123,1101,4
123,2476,3
123,2115,3
123,2457,4
123,2985,2
123,2288,2
123,3763,4
123,592,1
123,1129,1
123,3029,2
123,2406,4
123,3527,1
123,2000,3
123,1210,4
123,1196,4
123,1222,2
123,1275,4
123,1291,4
864,265,2
123,377,2
123,21,1
123,380,2
123,2058,1
123,1112,1
123,480,1
123,2278,3
123,3256,2
123,3418,4
123,2916,2
123,1610,4
123,1912,4
123,589,4
123,110,2
123,2571,2
123,3362,2
123,1136,1
123,1294,1
123,1234,2
864,1735,4
123,2918,1
123,1259,2
123,3104,2
123,1270,3
123,2791,4
123,1307,1
123,2248,1
123,921,1
123,2133,4
123,1027,2
123,1562,3
123,1017,1
123,273,1
123,2401,2
123,934,4
123,1892,1
123,2745,1
123,1804,2
123,3204,2
123,145,4
109,1028,3
109,1035,3
109,3675,4
123,1552,4
109,2080,3
109,2135,2
123,25,1
109,594,2
123,1245,3
123,2347,1
123,2245,4
123,1816,4
123,1620,1
123,3244,1
123,416,1
108,3925,1
108,3927,3
108,3938,4
123,2146,2
123,500,1
123,848,3
123,474,4
123,647,2
123,3708,1
108,1449,1
109,1018,3
123,2352,3
123,2797,3
721,2011,4
721,1270,1
721,2012,1
109,903,3
109,924,4
109,1269,1
123,1266,1
108,3948,1
123,3001,4
108,3913,2
108,3911,1
123,969,1
108,1976,1
108,1977,2
123,919,3
109,1920,2
108,2792,3
108,1544,3
123,2194,4
108,266,1
108,2657,1
108,3555,2
109,1097,2
108,648,1
108,1286,2
108,144,4
108,1129,1
108,3675,1
108,480,3
123,1213,3
108,522,4
108,3578,4
108,551,3
108,2948,2
108,3755,4
123,3529,3
108,1282,3
108,1250,3
108,1171,4
108,2791,4
123,555,3
108,2858,3
108,1249,3
109,780,2
123,101,4
123,2928,1
108,593,1
108,3521,1
108,2700,3
108,1037,4
108,1270,1
108,2006,4
123,2728,1
109,2054,3
109,1359,1
123,1956,1
109,2470,4
109,2115,3
123,3499,1
109,480,3
123,1036,3
123,1370,1
123,165,2
123,1097,1
123,1090,1
123,590,4
123,1263,3
123,805,1
123,1207,2
123,905,2
123,1242,2
123,1962,1
123,953,4
109,2136,3
109,1073,4
109,3361,4
109,1517,4
109,2946,4
109,3072,1
109,3028,4
109,1307,3
109,1294,2
109,3061,3
109,1234,4
109,912,1
4771,2608,3
4771,2321,1
2688,3785,2
2688,2448,3
2688,3755,2
2688,3286,4
587,1922,2
109,317,1
125,3948,3
109,1230,2
109,1304,4
109,2863,4
109,1291,1
109,1,1
109,1196,3
109,1247,4
109,750,1
109,1198,1
1639,2298,4
1639,1499,2
1639,2688,2
1639,2713,2
1639,2505,2
109,2640,2
1639,662,3
109,3633,2
109,3868,2
109,1282,3
109,1580,2
109,2405,2
1639,3949,4
109,539,3
109,919,3
109,1876,3
109,2406,4
109,3671,3
109,1278,1
109,1374,1
109,1375,3
109,1373,3
109,1371,3
109,1376,2
109,1078,3
109,2791,2
109,2792,1
109,2015,2
109,955,4
109,908,2
109,933,1
109,930,1
109,932,4
109,2355,3
109,2,1
109,2098,1
109,1702,1
109,364,3
109,1731,1
109,551,2
109,3175,3
109,3033,4
109,3751,2
109,1210,3
109,1193,4
109,3296,4
109,260,3
109,1270,4
110,3316,4
110,3452,4
110,3623,4
110,1673,2
110,3930,4
110,3918,3
110,1544,2
110,3484,3
110,804,2
110,3917,1
110,2792,4
110,3300,1
110,144,2
110,648,3
110,3755,1
110,3555,4
110,524,3
110,3793,2
110,3578,3
110,3481,2
110,2858,1
110,1249,1
110,762,3
110,1562,1
110,2389,4
110,2568,2
110,1627,2
110,153,4
110,2126,3
110,2387,4
110,2986,1
110,1918,4
110,2002,3
110,3301,4
110,70,2
110,1620,4
110,3717,4
110,434,4
110,1711,1
110,1377,2
110,2605,3
110,2616,4
110,2001,1
110,999,1
110,367,3
110,2231,1
110,3701,1
110,1732,2
110,1645,2
110,592,2
110,2985,1
110,1729,4
110,1805,3
110,2280,1
110,2268,1
110,2952,1
110,2580,2
110,866,4
110,293,4
110,2194,1
110,2542,4
110,47,3
110,1912,4
110,1213,3
110,2912,3
110,2692,4
110,296,1
110,1617,3
110,608,4
110,50,1
110,1089,3
110,3897,3
110,3949,2
110,3948,2
110,3896,2
110,2628,4
110,480,1
110,3752,4
119,241,3
110,356,1
110,805,2
119,1702,4
119,1367,4
119,1920,4
119,1021,4
119,158,1
119,2,4
119,783,1
119,1015,3
119,616,2
119,586,4
119,2048,4
119,2089,1
119,2085,2
119,986,2
119,709,3
119,1907,1
119,1919,1
119,1013,3
119,595,1
119,588,1
119,2137,3
119,2087,3
119,1022,1
119,594,2
119,596,2
119,2059,1
119,3034,2
119,2096,1
119,2052,4
119,2097,3
119,837,3
119,1025,3
119,1282,3
119,34,2
119,2876,4
119,2294,2
119,364,3
119,1032,1
119,1073,3
119,1097,1
119,1,3
119,1028,3
119,2429,2
119,160,4
119,1909,2
119,2114,4
111,367,4
111,500,3
710,2329,2
111,1042,2
111,1643,3
111,16,3
111,1641,1
111,1711,4
111,477,1
111,1542,2
111,3252,3
111,3082,3
111,1517,3
111,342,3
111,1845,1
111,2671,2
111,454,4
111,2770,4
111,450,1
111,2006,4
111,1370,2
111,357,3
111,222,1
111,2359,4
111,1883,3
111,3256,1
111,3108,3
111,1639,4
111,11,1
111,281,1
111,3809,1
111,1747,3
111,538,4
111,1923,3
111,1672,1
111,21,3
111,3100,3
111,3079,4
111,852,3
111,2916,4
111,2302,4
111,377,2
111,1722,4
111,144,1
111,3255,2
111,2294,2
111,151,4
111,52,1
111,1625,1
111,2686,3
111,2336,2
111,440,3
111,1094,1
2860,2858,1
111,590,3
111,480,1
111,1343,1
111,1860,3
111,474,1
111,1682,1
111,300,3
111,364,1
111,32,4
111,2997,4
111,1914,1
111,1095,2
111,2321,1
111,2272,1
111,1357,3
111,1265,2
111,497,1
111,986,1
111,1188,2
111,2268,4
111,36,3
111,1784,3
111,254,1
111,1584,2
111,2692,1
111,1147,3
111,529,1
111,2762,3
111,1617,4
111,50,2
111,318,1
111,593,2
111,246,2
111,1148,2
111,296,1
111,356,3
111,3101,1
111,2248,4
111,2028,4
111,1589,2
2022,926,4
2022,3267,2
2022,1885,3
117,2019,1
1218,838,2
117,2193,3
2114,2011,2
2114,1302,4
117,996,1
117,2478,4
117,3806,3
727,2490,2
112,2182,1
112,3706,1
112,1179,1
112,3334,1
112,1344,1
112,2940,1
112,2203,4
112,541,3
112,930,2
112,3683,3
112,942,1
112,1617,2
112,1069,1
112,922,1
112,1248,2
112,2186,3
112,1252,1
112,1260,4
112,1284,1
112,2066,4
112,3435,4
112,2085,1
112,588,4
112,2102,4
112,1032,2
112,2700,3
112,2899,3
112,2078,2
112,364,1
112,2987,1
112,2355,3
112,3159,3
112,2080,4
112,2087,2
112,1907,4
112,2096,2
112,596,4
112,595,2
112,2139,2
112,1022,1
112,2687,4
112,3034,1
112,594,1
112,3000,4
112,3114,2
112,1282,4
112,3213,2
112,3429,4
112,1,4
112,1223,2
112,1024,1
112,741,4
112,2761,1
112,2138,4
112,745,3
112,1148,1
112,3101,3
112,1325,1
112,1293,2
112,913,3
1448,2435,2
117,3873,3
117,2527,3
117,553,4
117,2951,1
117,3671,2
117,1304,3
117,1266,4
117,3508,4
117,829,1
117,1381,3
117,2088,2
117,1380,2
117,2877,1
117,1031,2
117,1951,3
117,1028,4
117,1083,2
117,2565,3
117,914,4
117,551,4
117,2135,2
117,1220,2
117,2971,1
117,919,1
117,2078,1
117,2863,4
117,899,4
113,3895,1
117,66,3
113,3883,2
117,880,3
117,2643,1
117,3190,4
117,256,2
117,2053,1
113,3238,4
117,3156,2
117,2408,3
117,1762,4
117,2665,3
117,2642,1
117,2450,1
113,3285,4
113,3821,4
113,3409,1
113,3452,1
113,3623,2
113,3646,2
113,3916,2
113,3408,1
113,3327,1
113,3536,2
113,3354,1
113,3190,1
113,2807,2
117,2615,4
117,1779,1
117,1373,3
117,3032,1
117,2986,4
117,2365,4
117,3926,4
117,2530,4
114,455,3
114,1848,2
117,2901,4
117,2531,1
114,2566,2
114,2709,4
114,362,3
114,1367,1
114,1018,1
117,2532,4
117,3417,2
113,185,3
113,1831,1
113,2672,3
113,1037,4
113,2094,1
113,435,2
114,48,1
113,1603,4
114,1030,3
114,1009,3
113,316,4
113,780,2
113,1573,4
113,2699,1
117,2012,3
117,1876,3
117,1375,2
117,2641,2
114,2090,4
114,3400,4
114,2354,2
114,2141,3
114,2,2
114,107,1
114,586,4
117,2046,1
117,674,1
117,2034,4
117,2533,1
113,1676,4
113,1580,2
113,1527,2
113,1653,2
113,32,2
117,3770,3
117,2528,1
117,3033,1
114,1014,4
114,2116,3
113,589,4
113,2571,2
117,3375,1
117,2640,1
117,3702,2
117,2657,4
117,480,4
117,3927,2
117,1653,1
117,1301,1
114,1588,4
114,2005,1
114,3397,3
113,3799,4
113,611,2
113,1976,3
113,891,3
113,1977,1
117,1909,3
117,3527,3
117,2985,3
113,3484,3
114,2161,1
117,1748,3
117,1253,1
117,2662,4
117,3175,1
114,60,4
114,1566,1
114,3398,1
117,3659,1
117,1199,2
117,2529,2
117,1584,4
117,1396,4
117,1127,2
117,3471,4
113,1544,1
113,3534,1
114,2294,1
114,1031,3
114,1017,2
114,2355,1
113,70,1
117,541,2
117,3658,4
117,2010,1
117,924,4
117,750,3
114,2899,1
114,1073,2
114,2089,3
114,2138,2
114,2077,1
114,1019,2
114,3034,1
113,3513,2
113,3755,1
113,2657,1
113,648,4
113,3745,1
113,3917,1
113,3555,1
113,3793,3
113,3753,1
113,3624,2
113,3481,3
113,3300,1
114,3287,4
114,1025,3
113,3510,2
113,3578,3
113,3512,2
114,2137,3
114,661,4
114,616,3
113,2858,4
113,480,1
117,2635,2
114,13,1
114,1012,3
114,2099,1
114,2087,2
114,588,2
114,34,4
114,2033,2
114,2078,4
114,2096,2
117,1328,2
114,595,1
114,1023,1
114,2081,3
114,2384,3
114,2085,1
114,1032,1
113,1971,2
113,1985,4
113,2028,4
113,1101,4
114,364,1
114,1028,2
114,1029,1
114,1,4
114,1097,1
114,2761,1
114,2018,3
114,596,4
114,919,2
114,531,2
114,1282,4
114,2080,1
113,527,2
1329,1702,4
113,1197,1
113,3259,4
113,2717,3
114,2686,4
114,1959,2
114,2622,2
114,3160,3
1329,1091,3
1329,2245,3
1329,2371,1
1329,2915,3
117,1322,1
117,2878,3
114,2712,2
1329,2411,2
117,2368,1
117,2460,1
117,3942,1
117,2515,2
117,606,4
117,3941,2
117,1996,3
1329,2264,2
117,2113,4
1329,3478,2
114,2369,1
114,3543,2
114,2147,2
114,3751,4
1329,1246,2
1329,1674,4
114,2997,2
133,2617,2
1329,1302,4
1329,1242,1
114,2858,3
195,2677,1
1329,193,4
114,506,4
114,2259,3
114,3873,3
114,1513,1
114,908,1
117,1326,4
117,2448,1
117,891,4
117,2462,4
117,3663,3
117,1979,4
117,2461,4
117,1978,2
117,12,2
117,1993,4
133,1620,3
117,2652,3
117,3843,1
117,1992,4
117,1329,4
133,1624,1
133,1670,3
117,3017,1
117,3919,4
117,1969,3
117,1988,3
1329,3173,4
117,2327,1
117,2119,4
117,3939,2
117,3938,1
117,2149,2
117,1976,2
1329,2702,3
133,1614,2
1329,2002,2
133,1727,2
133,1619,3
1329,1488,1
1329,1810,1
1329,1027,2
1329,838,1
117,2122,4
117,1987,2
117,3840,1
117,611,1
117,3024,2
117,1995,3
117,1388,1
117,3918,2
117,273,3
117,3708,1
117,2328,4
117,2121,1
117,2719,3
117,1924,4
117,724,1
117,1999,1
117,2315,2
117,2451,1
117,2026,2
117,2525,1
117,2995,4
117,2787,4
117,2517,1
117,332,2
117,407,4
117,2668,4
117,328,4
117,177,1
1329,3705,4
1329,782,4
1329,415,4
1329,185,1
117,2717,3
1329,2840,2
1329,2699,3
1329,1658,4
1329,1792,2
1329,165,3
1329,1518,4
117,3662,4
1329,474,2
1329,2027,3
1329,6,2
1329,2391,1
117,1327,3
117,2710,2
117,3016,2
117,2519,1
117,1128,4
117,2634,3
117,2637,1
1329,1689,1
117,3013,3
117,1339,4
117,2097,2
117,2633,3
1329,1625,1
117,3476,1
117,3081,4
117,1345,1
117,253,4
117,2645,4
117,1997,1
117,3018,1
117,1337,2
117,1278,3
117,1387,3
117,2459,1
117,2664,1
117,2644,2
3457,457,3
3457,1625,1
3457,47,3
117,2648,4
117,1214,2
117,1219,1
3457,2912,3
3457,628,2
3457,3105,3
3457,125,3
3457,714,2
3457,1060,1
3457,246,2
3457,2762,1
3457,1704,2
3457,50,3
3457,1089,4
3457,318,3
118,1957,1
118,3424,2
118,1246,1
118,2917,3
118,2194,1
118,1674,4
118,3098,1
118,3683,4
118,1090,2
118,1961,3
118,1224,2
118,1097,2
118,1217,3
118,1240,4
118,541,3
118,3360,3
118,1517,4
118,3039,3
118,3060,2
118,2706,2
118,1747,1
118,852,4
118,2144,4
118,39,4
3457,3535,3
118,3552,1
118,3255,4
118,3035,2
3457,3326,4
3457,3623,1
118,3448,4
118,2174,2
118,367,2
3457,3948,2
118,892,2
118,1294,3
118,1304,4
3457,3408,2
118,1226,2
3457,3897,1
3457,3509,3
3457,648,1
3457,3753,3
3457,3481,2
118,1663,4
118,2424,3
117,3877,2
118,3396,1
117,2162,2
118,3072,3
118,1580,2
118,357,4
117,2043,2
117,1009,2
118,1257,1
118,2000,4
117,3489,2
117,2453,3
117,1920,2
118,1923,3
118,223,3
118,2321,2
118,1968,4
117,2105,2
117,1019,4
117,2021,2
117,367,4
117,2054,3
118,2797,1
118,1394,2
117,2100,2
117,3153,4
117,1073,4
117,1097,4
117,3479,1
117,260,3
118,1234,2
118,898,2
117,673,4
117,2092,4
117,2123,1
117,3054,4
118,2915,2
118,1079,4
117,1405,3
117,1064,3
117,1030,1
118,356,2
118,3481,3
118,3751,3
118,1269,1
117,1688,3
117,1566,2
117,2141,4
117,3615,4
117,1907,2
117,2090,2
118,497,4
118,1288,3
117,2081,2
117,1205,1
117,2294,2
118,3361,2
118,2716,2
118,1500,2
117,2087,4
117,2137,4
117,588,2
117,2096,4
117,2687,1
117,1023,4
117,595,2
117,2394,2
118,2918,2
118,3421,4
118,2791,1
118,1307,2
118,1784,2
118,2978,2
118,2804,3
117,596,1
117,364,3
117,2080,1
117,2018,3
117,1032,3
117,2138,2
115,240,3
115,611,3
115,1977,2
118,2248,4
115,2135,2
115,1976,4
118,2599,3
115,1544,4
115,3918,4
117,2700,3
117,2116,1
117,594,2
117,741,3
115,70,3
115,3409,1
118,3114,1
118,2858,3
118,905,1
118,1270,2
118,1,3
115,2792,2
117,1282,3
117,720,3
118,1136,2
115,2657,2
115,648,3
118,3897,4
115,3917,4
115,3755,3
115,1129,4
115,3555,3
117,2817,2
115,480,2
115,3481,1
115,3510,1
118,2405,4
118,552,2
415,2022,3
117,2818,2
117,1556,2
115,3159,2
115,3751,1
118,674,1
118,1894,2
415,2985,2
415,1374,3
115,2858,1
115,2791,2
115,3578,4
118,2094,4
118,1587,1
118,1544,4
117,1499,4
117,1681,2
117,2720,4
117,546,2
117,160,2
118,1552,1
115,3908,3
118,3745,4
118,1917,4
117,2153,4
117,3440,2
117,2549,4
117,2701,4
415,3699,3
118,2641,3
117,1562,4
117,393,4
115,3948,2
117,737,4
117,327,2
117,3705,3
117,405,1
415,2150,4
118,2528,3
415,2739,4
415,1321,3
415,1968,3
118,112,2
415,1097,2
117,1591,3
117,1606,1
118,2470,1
118,3479,1
118,3070,2
415,1210,3
117,2322,1
117,1544,2
117,3113,3
115,3190,4
415,1302,1
415,2194,2
118,2006,2
118,941,1
118,380,1
115,3863,1
115,3793,4
115,3745,1
115,3354,1
115,3300,4
117,1385,1
117,172,3
117,694,1
117,1590,3
415,2987,1
415,1096,3
118,3699,4
118,1376,1
118,590,4
118,3175,2
117,2808,2
117,1037,4
415,2076,1
415,1300,3
415,1295,1
415,1960,3
415,1186,4
415,2929,1
415,3169,1
117,1438,3
118,2987,3
118,1197,3
117,748,2
117,168,3
118,1259,2
117,1831,1
117,2616,4
415,1242,3
117,3841,4
117,204,3
117,849,2
118,1204,1
118,1262,2
415,1956,1
415,1296,3
415,1222,2
117,173,1
117,1100,4
117,533,1
415,1198,3
415,1289,3
115,3101,1
115,836,4
117,1391,2
117,153,1
117,434,1
415,1196,4
415,1394,3
415,1231,4
115,1407,4
415,3683,3
415,1228,4
117,3802,4
117,1918,1
117,3697,4
117,736,2
415,1225,3
117,1690,4
117,1917,1
117,3438,2
117,1320,3
117,95,4
117,1377,4
117,2094,3
117,1379,1
117,2002,3
117,1552,4
117,44,1
415,2367,4
415,1371,2
117,2699,1
117,1049,3
415,2013,2
117,1801,2
118,329,1
117,552,4
118,95,1
117,1573,3
117,329,1
118,316,1
415,1380,3
118,2990,4
118,2723,1
117,1479,1
117,2826,1
415,2528,1
415,3771,3
118,2273,2
118,507,2
117,2628,2
117,1676,1
117,2334,1
117,2427,2
117,1616,1
117,165,1
118,1616,2
118,3740,4
118,2989,2
415,1125,4
415,3807,3
118,2393,1
118,3197,3
118,736,2
118,165,4
415,2074,1
117,3107,2
117,2617,3
117,1370,3
117,377,3
117,3082,1
117,2393,2
415,1082,4
415,3498,2
118,3755,3
118,2476,4
118,3704,3
118,2105,2
117,780,1
117,10,3
117,1608,4
117,1722,3
117,3418,1
117,349,1
118,648,3
118,494,1
118,1375,4
415,1955,2
117,442,1
117,251,4
117,2006,3
117,1372,3
117,2916,4
415,3037,3
415,3814,2
415,1387,4
118,780,3
118,2193,1
117,1527,4
117,2167,1
117,2353,2
117,316,3
117,2058,4
117,1785,1
118,1573,4
118,1101,2
118,733,1
118,3827,3
118,1676,1
415,3359,3
415,1234,1
118,2993,3
118,861,3
118,3635,1
118,3639,2
118,2115,4
118,2640,3
118,2167,2
118,3633,2
118,2617,2
117,3267,3
117,1356,1
117,1580,3
415,1208,2
415,260,1
117,3256,3
117,353,3
415,1230,2
118,10,2
118,3256,4
118,349,2
118,1129,1
118,3624,4
117,2028,1
118,3107,1
118,1372,1
118,3082,1
118,198,3
118,3555,4
117,3754,2
117,3593,4
118,2763,2
118,1275,2
118,2353,4
118,1722,4
118,1356,1
415,2729,3
115,2028,1
115,1729,1
115,2011,3
415,3788,2
118,474,4
118,2628,3
118,3836,1
118,2001,2
118,3793,4
118,3702,2
415,1963,2
415,3668,2
118,2985,1
118,1220,3
117,3825,2
117,3565,4
415,1333,4
415,3296,2
118,2948,2
118,2406,3
118,2949,2
118,592,3
415,1207,4
117,3821,4
415,1219,4
415,1267,4
415,1952,1
415,1204,4
117,3882,4
117,3717,1
415,3153,3
415,1301,3
117,3287,4
118,3062,3
118,1127,2
118,3654,2
118,3527,1
415,1253,4
118,2278,1
117,3859,4
415,2731,4
415,2664,4
117,3623,4
118,2916,1
118,3578,4
118,2571,3
118,1374,2
118,480,4
118,21,4
117,3408,2
118,2872,3
118,110,2
118,1222,2
118,2947,1
118,2944,2
118,1291,1
415,2176,2
117,3793,2
117,3948,4
415,973,1
415,931,4
415,1282,4
415,953,1
118,589,1
118,1200,1
118,2028,2
118,1036,3
118,940,4
118,457,3
118,1196,2
118,3703,2
118,1242,1
118,260,3
415,3435,1
415,923,3
415,913,1
118,3406,3
118,1198,3
415,2366,3
415,954,4
415,3249,3
415,2600,2
415,3445,1
415,1732,3
415,733,1
415,2346,2
415,454,4
415,3015,2
415,2118,3
415,2110,1
415,1653,3
415,3102,3
415,2287,1
415,1921,1
415,1127,2
415,1748,2
415,2916,3
415,906,1
415,2571,4
415,2183,4
415,2391,3
415,1086,3
415,1200,2
2478,2617,2
415,2160,4
415,3551,2
415,1274,3
415,2762,4
415,457,1
415,678,3
2478,1356,2
415,924,1
415,608,3
415,593,3
415,111,4
415,903,1
2478,1211,1
415,904,1
2478,11,4
2478,2739,4
2478,2294,4
2478,2268,1
2478,1625,2
2478,2406,1
2478,3147,4
3340,3624,4
2478,272,3
2478,300,3
2478,1909,2
2478,1663,4
2478,1747,3
2478,1729,1
2478,3061,1
2478,2936,1
2478,377,3
2478,1265,3
2478,953,4
2478,1704,1
117,1233,1
2478,1227,1
117,1215,2
117,1923,4
117,457,3
117,150,1
117,223,2
117,293,2
117,32,3
117,1265,4
117,2336,3
117,3000,1
117,1610,2
117,3213,4
117,34,4
117,324,4
2478,3504,2
117,1704,4
117,3114,1
117,110,1
117,593,2
117,589,2
117,2324,2
117,1,3
117,2762,2
117,745,1
117,2571,3
2478,2937,1
117,1873,1
117,1148,3
117,2143,1
117,1135,2
2478,3201,3
117,1587,1
117,2613,1
117,3917,4
117,1378,1
117,1130,2
117,2311,3
117,3591,2
117,2734,3
117,2736,3
117,3608,3
117,1967,4
117,3701,3
117,2746,1
117,3491,1
117,3480,1
117,2470,2
117,1298,4
117,2065,1
117,3138,4
117,2115,4
117,2990,1
117,2118,1
117,2144,3
117,3763,2
117,3036,2
117,2150,2
117,3698,2
117,610,3
117,2005,1
117,3441,3
117,2003,1
117,2989,1
117,3070,2
117,2455,3
117,2011,2
116,1623,3
116,2701,2
116,2987,2
116,2763,3
116,2907,2
116,2395,4
116,3185,2
116,2686,4
116,2013,2
116,968,3
116,3219,2
116,2734,3
116,3174,1
116,2568,2
116,785,4
116,2392,2
116,2856,2
116,2605,4
116,2772,4
116,2881,1
116,3203,2
116,3016,1
116,2710,4
116,2976,3
116,2188,1
116,2699,3
116,2706,3
116,2683,4
116,2826,2
117,3448,3
117,1321,1
117,2797,4
117,2401,4
117,2139,1
117,2140,2
117,1962,1
117,3101,4
117,1101,4
117,2288,2
117,2111,2
117,1290,3
117,2104,2
117,2867,1
117,3704,2
117,2194,3
117,2406,3
117,3197,2
117,2161,4
117,2476,3
117,1376,4
117,2364,4
117,3700,2
117,3039,4
117,1663,1
117,1994,1
117,1302,1
117,3403,4
117,2000,3
117,1210,3
117,1968,3
116,1995,4
116,858,4
116,694,4
116,3448,4
116,2028,2
116,3764,4
116,2540,2
117,3693,4
117,3694,1
117,1222,2
117,2872,4
117,3360,4
117,1129,1
117,1374,1
117,1200,2
117,592,3
117,1394,2
117,2968,2
117,1291,4
117,1036,2
117,2791,2
117,1240,1
117,921,1
117,1197,4
117,3029,2
117,1275,1
117,2716,2
117,1231,2
117,1259,3
117,2174,1
117,2020,3
117,1270,3
117,3098,4
117,1224,2
117,3703,4
117,2987,2
117,1960,1
117,1238,2
117,1090,3
117,1217,1
117,1300,3
117,1242,1
117,2804,2
117,1196,4
117,1225,2
117,1198,1
117,1274,4
117,3354,4
117,3745,1
117,3755,2
117,3753,4
117,3555,4
117,648,2
117,3510,4
117,3751,3
117,3578,3
117,356,4
117,1500,1
117,1261,2
117,3203,2
117,3921,4
336,2668,4
336,32,3
1448,1648,1
987,342,1
118,539,3
118,1680,3
118,1183,4
118,1777,1
118,1721,4
118,838,2
118,2671,1
118,17,2
118,543,4
118,377,2
118,11,1
118,708,4
118,2125,1
118,3044,3
118,1639,1
118,1393,3
118,1277,3
118,1265,2
118,1912,1
118,2396,3
118,3536,3
118,2009,4
118,1210,2
118,2643,2
118,1954,4
118,1249,3
1660,3281,4
1660,759,4
1660,602,2
1660,205,2
1660,2692,1
1660,2724,3
1660,3100,2
1660,2344,3
1660,541,4
1660,2054,1
1660,1020,4
1660,3883,2
1660,1799,2
1660,3566,2
1660,1669,2
1660,501,2
1660,2774,4
1660,2305,1
1660,1680,3
1660,3844,2
1660,3160,2
1660,2297,1
1660,2390,3
1660,1732,1
1660,2329,2
1660,2677,4
1660,3481,2
1748,920,1
1748,3671,3
1748,3070,1
122,1917,3
122,2410,1
122,153,4
122,208,1
122,1690,3
122,44,3
122,368,4
122,1377,3
122,2023,2
122,3697,1
122,95,1
122,3082,3
122,3452,2
122,2628,1
122,2763,4
122,1101,4
122,1722,3
122,3527,3
122,733,2
122,3178,3
122,480,3
122,2058,4
122,592,3
122,1220,1
122,1954,2
122,1210,3
122,2692,3
122,1291,3
122,1200,2
122,457,3
122,2529,4
122,858,2
122,3703,3
122,1221,4
122,260,3
122,1196,1
122,223,2
122,1676,1
122,1198,1
131,3252,1
131,100,1
195,2253,1
195,172,3
195,1037,3
195,327,2
195,153,2
195,20,1
195,1590,1
195,208,3
4465,1635,1
4465,308,2
4465,306,2
195,653,1
195,1690,1
195,316,2
195,1376,1
119,2987,2
119,2701,4
119,3114,3
119,2806,4
119,3176,3
119,3157,2
195,1954,2
195,1377,1
119,2485,4
119,3081,2
119,2762,4
119,1513,4
119,2723,2
119,2581,2
119,2720,3
119,2761,3
119,3175,1
119,2716,1
119,2888,1
119,3615,1
119,1911,1
119,3751,2
119,2770,4
119,2355,3
195,592,1
195,2985,2
119,2683,3
119,2699,3
119,3004,1
119,2572,1
195,3697,3
119,2718,2
119,3624,3
119,1689,3
119,2395,3
119,2431,1
119,141,1
195,2872,4
119,3483,3
119,3189,3
119,2907,2
119,3156,1
195,1275,4
119,1588,4
119,39,1
119,3793,4
119,2496,2
119,2694,2
119,3538,3
119,3948,2
119,3785,4
119,1707,4
119,2053,2
119,413,4
119,258,3
119,2423,4
195,627,3
195,1515,2
195,1036,1
195,1748,1
195,1801,1
195,1873,1
195,273,2
1733,407,4
1733,1355,3
1733,1608,1
1733,1687,2
1733,2279,4
1733,2722,4
1733,3697,3
1733,18,4
1733,1488,2
1733,1792,2
1733,521,1
1733,165,3
1733,547,1
1733,3082,3
1733,376,2
1733,2672,2
1733,2713,2
1733,1552,1
1733,426,2
1733,1620,1
1733,733,1
1733,335,2
1733,1518,2
1733,1876,2
1733,748,4
1733,464,2
1733,10,1
1733,2273,4
1733,2617,3
1733,2334,1
1733,22,1
1733,2353,4
1733,3623,4
1733,1573,2
4802,3555,1
1733,70,3
1733,1658,1
1733,2699,1
195,321,4
1733,832,1
1733,76,4
1733,543,2
1733,1645,1
1733,1565,2
1733,627,1
1733,1722,4
1733,288,3
1733,1805,4
1733,1615,2
1733,2763,2
1733,89,1
1733,1653,2
1733,2707,1
1733,2232,3
1733,2527,4
1733,1892,1
1733,1407,3
1733,1909,1
1733,2118,3
1733,482,1
1733,2841,3
1733,2551,2
1733,1370,1
1733,377,4
1733,454,4
1733,1841,1
1733,161,4
1733,3527,3
1733,3055,3
1733,2287,3
1733,2278,3
1733,6,1
1733,163,3
1733,373,4
1733,1748,3
1733,2542,1
1733,2916,4
1733,861,2
1733,3267,1
1733,293,2
1733,319,3
1733,1845,1
1733,1036,1
1733,2391,3
1733,2571,1
1733,2871,3
1733,1240,2
1733,1953,3
1733,904,3
1733,457,4
1733,2550,4
1733,247,2
1733,2762,2
1733,908,4
1733,1358,2
1733,1617,1
1733,608,1
1733,50,2
1733,1175,4
1733,111,2
1733,1394,1
1733,1219,4
1733,593,2
1733,3683,1
1733,1276,2
1733,1945,2
1733,1148,1
1733,3265,3
134,3536,1
1733,3386,2
1733,2184,4
1733,2583,3
1733,800,1
2641,380,2
2641,597,3
2641,342,4
2641,3178,3
1733,3730,1
1733,903,4
1635,3041,2
134,524,2
134,2791,1
134,551,1
134,480,3
134,1282,2
2641,2359,1
1635,2368,2
134,2858,4
1635,2381,1
195,802,3
1733,3831,1
134,648,3
134,3755,2
134,3286,2
134,3624,4
1635,1975,3
2641,2371,3
2641,1135,3
2641,3591,2
134,3751,2
134,3481,3
134,3578,3
134,3555,4
134,3753,1
2641,3308,3
1635,2399,4
1635,2471,3
2641,2736,3
2641,3448,1
2641,3608,1
2641,2423,2
2641,1257,4
2641,2248,1
2641,3424,4
2641,2918,4
2641,3361,2
2641,1394,3
1635,2376,1
1635,3791,3
1635,2134,1
1635,2990,2
1635,3071,1
2641,1240,4
1635,2261,2
2641,2202,3
2641,904,3
1635,239,2
2641,903,4
2641,1617,1
195,2840,4
1635,1490,3
2641,3646,3
1635,1461,3
121,1,3
121,3751,1
121,594,2
120,2542,4
120,3104,2
121,674,3
121,3934,4
121,1372,4
121,329,3
121,2528,2
120,1785,3
120,1953,3
120,1234,4
120,296,1
121,2105,3
121,3033,1
121,1676,1
120,3362,4
120,50,2
120,1221,1
121,1375,1
121,2640,3
121,3704,4
195,1769,4
121,2901,2
121,610,2
120,1228,1
121,2346,1
121,2527,3
121,1584,1
121,1356,1
121,2365,1
120,111,3
120,1276,1
120,3783,4
120,3468,1
121,671,1
121,3699,4
121,1077,4
195,1788,1
195,1580,3
120,1213,4
120,2324,3
120,527,1
121,2363,3
121,1376,2
121,1580,4
121,2455,3
120,593,1
121,2985,2
121,3175,4
121,1374,4
120,608,2
120,1196,2
195,829,2
121,3527,4
121,1210,1
121,1301,2
121,2916,2
121,2529,2
121,1097,4
195,2720,4
121,3702,2
121,1253,3
121,1270,3
121,924,4
121,2571,3
121,1214,1
121,3471,1
121,1196,3
121,3703,4
121,541,1
121,611,1
121,2657,3
1635,2447,1
120,3484,2
121,2719,4
121,742,4
120,611,1
121,879,3
121,3919,2
120,2792,4
121,2327,4
121,382,1
195,3115,2
121,1320,3
121,2004,1
120,3755,2
120,3578,2
120,480,2
120,3753,2
195,1298,3
120,2160,3
120,1282,4
120,2791,4
120,2858,3
121,1215,2
121,3499,3
120,1639,1
120,750,3
120,858,3
823,1797,4
121,3253,4
823,3007,2
121,356,1
823,162,2
823,246,1
823,2064,1
120,1673,2
121,2355,4
823,3182,1
120,1193,4
121,1265,1
120,260,4
121,260,3
121,2628,4
121,2111,2
121,1221,1
121,2005,2
823,2112,4
823,1711,3
121,1127,4
823,2231,4
121,466,4
121,1091,2
823,1732,3
121,1198,3
823,1466,2
823,1785,1
823,1179,3
823,2391,1
823,2580,4
823,3783,2
823,1089,4
823,1617,2
823,608,1
823,1213,2
823,2915,1
823,2359,2
823,235,1
823,3424,4
823,3608,4
823,3104,3
823,2618,4
823,1288,4
823,1073,2
823,3261,2
823,1079,4
823,2918,4
823,1265,3
823,2395,1
823,1294,4
131,1407,1
131,529,2
131,3246,2
131,32,1
131,800,3
131,1266,1
131,1509,1
1219,3861,2
1219,3753,4
1219,3256,1
131,1952,3
131,3469,3
131,2336,2
131,1840,4
131,2717,1
131,2716,2
131,144,1
131,1171,3
131,480,1
131,3360,3
131,2171,3
131,1794,3
131,2333,3
122,2028,3
131,2341,2
131,506,4
131,1684,4
131,1954,2
131,1291,4
131,1277,3
131,1385,1
131,846,2
131,1251,1
195,1650,1
195,525,4
131,556,1
131,2677,2
131,194,4
131,1089,2
131,296,2
131,3108,3
131,497,2
131,1747,3
131,1060,1
131,1188,1
131,348,3
131,39,2
131,1285,1
131,235,3
131,1223,1
131,1270,3
131,176,4
131,2599,4
131,1537,1
131,3429,2
195,520,2
131,1180,4
131,1175,2
131,1354,4
131,649,4
131,766,4
131,1183,1
131,1376,3
131,1375,1
195,3108,2
131,306,2
131,2929,2
131,1280,3
131,1610,3
131,824,1
131,1,1
131,50,3
131,1148,2
131,593,1
131,574,4
131,1704,1
131,265,1
131,1953,4
131,1955,1
131,3359,2
131,3201,4
131,1235,3
131,2925,3
131,111,4
131,2918,3
131,180,2
131,1639,1
131,223,2
242,876,4
242,2694,1
529,924,2
529,2467,1
529,904,2
529,1344,4
529,1252,2
529,541,2
529,2859,1
529,2064,1
529,246,4
529,47,1
529,1248,1
529,1089,4
529,1234,4
529,3741,3
529,3435,4
529,50,1
529,1953,2
529,1617,1
529,1954,1
529,3104,4
529,3267,1
529,1610,4
529,1127,1
529,2529,1
529,969,3
529,2949,3
529,1374,1
529,1197,2
529,2194,1
529,2944,4
529,2916,2
529,2951,1
529,1287,1
529,2912,3
529,457,2
529,2571,3
529,1240,3
529,1201,3
529,1200,4
529,1387,3
529,260,4
529,3703,1
529,1198,1
529,1214,1
529,364,3
529,2355,4
529,2700,3
529,594,3
529,2139,3
529,2987,3
529,1,3
529,3114,3
529,2761,3
529,1208,3
529,3011,4
529,1084,2
529,3201,1
529,1104,1
529,2728,3
529,919,3
529,908,3
529,3683,2
529,296,2
529,73,1
529,1225,2
529,3735,4
529,2303,2
529,1276,1
529,2028,1
529,1247,2
529,608,4
529,1299,2
529,1193,4
529,3468,4
529,1228,2
529,1244,1
529,1196,3
529,923,1
529,111,3
529,3469,1
529,1213,3
529,2019,3
529,593,2
529,2132,1
529,527,1
529,926,2
529,1873,3
529,858,1
123,2917,1
123,1285,2
123,1950,1
123,6,4
529,3409,3
529,3755,3
529,3578,1
529,3300,3
123,94,4
123,1240,1
123,1200,2
123,1961,2
123,457,4
123,1214,4
123,1394,4
123,1387,2
123,1358,4
123,908,3
123,3110,2
123,903,2
123,916,4
123,1247,3
123,2804,2
2878,2997,4
123,608,4
123,1617,4
123,3727,1
2878,3176,4
123,1219,1
123,1276,2
123,1104,3
123,1304,4
123,1254,4
123,1198,4
123,260,4
123,2028,4
123,3095,2
123,912,1
123,1244,4
123,1193,2
123,1225,4
123,1221,3
123,1945,2
123,50,1
123,3683,1
123,1204,1
2691,2352,4
123,3304,1
123,527,3
2691,1931,2
2691,2871,2
123,3467,4
123,3468,2
123,593,4
2691,1873,4
2691,1302,2
2691,1249,2
123,1952,1
2691,1289,2
2691,3759,4
2691,2716,1
2691,919,4
2691,110,1
2691,457,4
2691,2728,3
2691,3000,3
2691,47,3
2691,3468,2
2691,1419,1
2691,1913,1
123,2712,1
123,2763,4
123,3798,2
123,2702,3
123,2485,2
2691,3466,1
123,2013,4
123,2598,4
123,2906,1
123,1959,3
123,3219,1
123,2490,2
123,2502,4
123,2734,1
123,2310,2
123,913,3
123,2629,3
123,2392,1
123,2713,2
123,2716,1
123,2688,3
123,2861,3
123,2605,3
123,2718,3
123,2828,4
123,2599,2
123,2772,3
123,3543,3
123,2369,3
123,2546,4
123,2881,1
123,223,3
123,2433,2
123,3203,1
123,2541,4
123,2722,2
123,2770,2
123,3005,3
123,2355,2
123,2694,2
123,2683,1
123,3004,4
123,2699,2
123,2572,1
123,2858,3
123,2706,3
123,1299,3
123,3039,4
123,1320,2
123,1268,3
123,858,2
123,1954,3
123,356,3
123,2762,4
124,457,2
124,1358,1
124,3418,3
124,2858,4
124,1650,3
124,527,1
124,3107,4
124,2302,3
125,3702,4
125,3763,1
125,2427,2
125,592,3
125,555,4
124,1544,2
124,3101,3
124,1343,2
125,2951,1
125,2000,3
125,2912,2
125,1954,1
125,1201,4
125,474,4
124,902,3
125,3104,3
125,1408,3
125,2944,2
125,2949,1
125,3256,4
125,1374,1
125,2872,1
125,3267,2
125,2692,4
125,3527,2
125,1127,3
125,3836,3
125,2194,4
125,2947,2
125,3654,3
125,2916,2
125,2571,2
125,1287,3
125,1304,1
125,3703,3
125,1291,3
125,3726,2
125,1242,1
125,1610,2
125,1222,3
125,1953,2
125,2366,1
125,1240,2
125,1387,1
125,1912,1
125,1036,2
125,457,3
125,3354,3
125,2792,2
126,2943,3
126,915,1
126,342,4
126,911,4
125,3755,2
125,1466,2
125,648,2
125,524,4
126,969,2
126,1059,4
126,461,4
126,2248,3
126,1296,2
126,1307,3
125,480,2
126,930,4
126,1188,3
126,2020,3
126,3668,2
126,2291,3
126,1415,2
125,1129,3
125,2858,4
125,3481,3
125,3578,4
126,1230,4
125,1250,1
125,3300,4
125,490,2
125,1248,1
125,266,1
126,2369,2
126,1416,1
126,1220,1
126,589,2
125,1249,4
125,3753,1
125,3624,1
125,2791,1
125,2948,4
126,2947,1
126,390,2
126,2993,4
126,3418,3
126,1036,3
131,2762,3
126,2692,3
2609,2070,3
126,1221,1
126,260,1
131,2987,3
131,104,1
126,2153,3
126,1063,3
131,2797,2
126,1879,3
126,171,2
131,665,2
126,2721,3
131,406,3
125,3566,4
125,1210,4
125,1442,2
131,595,1
131,2081,4
131,588,3
126,1046,1
131,1834,2
125,2741,2
125,965,1
125,2647,4
126,412,1
2609,3755,4
126,2314,1
126,3548,2
2609,1250,1
126,3217,1
5233,150,4
5233,232,4
126,3404,3
5233,1635,3
5233,1704,3
126,3901,2
126,1094,1
5233,1617,1
126,3712,3
5233,3300,1
126,1684,4
5233,3753,3
5233,3893,1
126,648,3
126,3578,2
5233,3783,3
126,858,1
126,3868,2
126,1179,2
126,1210,2
126,902,2
5233,2804,3
195,1201,1
195,1198,1
195,3267,1
1113,3863,4
4624,3618,2
4624,2716,2
127,3515,2
127,3510,4
127,3150,3
127,3512,1
127,2160,4
127,2858,3
127,2966,3
127,3499,4
127,253,1
127,1748,1
127,1077,4
127,1527,1
127,924,3
127,1376,1
153,3,1
127,1206,4
127,1374,2
127,32,1
153,3450,1
127,1584,3
127,1097,3
127,1200,4
127,1240,4
127,1210,3
127,3471,2
127,1196,3
153,3908,1
153,608,2
127,2723,3
127,1544,4
127,1917,1
127,208,4
127,455,4
127,552,2
127,2,2
127,158,4
127,329,2
127,1552,3
127,648,1
127,3000,4
127,2006,4
127,1372,3
127,2617,2
127,2167,1
127,3175,1
127,2628,1
127,1356,3
127,380,2
127,1580,2
127,112,3
127,1605,1
127,590,2
127,733,1
127,3623,1
127,3827,2
127,3624,1
1717,3556,4
1717,3328,1
1717,3949,1
127,866,1
127,3518,3
127,3147,1
127,1358,3
127,457,4
129,674,4
129,736,2
129,2013,2
129,3698,4
129,303,1
129,2641,2
129,3755,1
129,610,3
129,2470,4
129,1615,4
127,608,3
127,928,1
127,745,1
127,593,4
127,589,3
127,2571,4
127,1617,2
127,2762,4
129,1261,1
129,2406,4
129,2640,3
129,1129,1
129,1073,3
129,1275,3
129,3927,3
129,590,1
129,1374,1
129,3168,4
129,952,1
129,1259,4
127,266,3
127,1586,3
127,1391,2
127,991,2
127,2427,4
127,41,3
127,1183,2
127,780,3
127,1408,2
127,356,1
127,1094,4
127,527,1
127,110,1
127,2028,3
127,151,1
127,2890,2
129,2871,1
129,260,1
127,3354,2
127,3747,3
129,2987,2
127,3755,3
127,3538,1
127,3409,3
127,3578,4
127,3753,2
127,3751,2
127,3481,1
127,3793,4
146,2644,4
146,2648,3
146,954,3
146,955,1
146,1099,3
127,480,3
127,260,4
127,1476,4
146,3462,2
127,3252,3
127,1270,1
129,3683,3
129,1267,1
146,2183,3
129,541,2
129,1252,4
146,1924,2
129,1313,4
146,2874,3
129,1647,1
129,2986,2
129,762,2
129,2561,2
146,2287,3
129,1352,4
129,2387,3
146,948,3
146,3516,1
146,2645,2
146,1086,4
129,42,1
129,1918,4
129,2002,4
129,1711,1
146,2664,1
146,1103,2
129,1627,4
129,81,2
129,1472,1
129,2605,2
129,434,4
129,1662,1
146,3871,3
146,1301,2
146,1283,2
146,1253,4
129,1799,2
129,999,2
129,1620,4
129,1805,4
129,1732,2
129,70,3
129,1589,3
129,2231,3
129,1404,2
129,1645,3
146,3196,2
146,971,4
129,431,1
129,1053,3
129,1396,2
146,3088,4
146,1945,4
146,1237,2
146,3405,3
146,949,1
146,904,2
146,926,3
146,903,4
1605,3513,4
129,6,2
129,1729,1
129,1061,1
129,866,4
129,1466,2
129,2268,1
146,1937,2
146,2430,2
129,47,4
129,2391,4
129,1179,3
129,293,2
129,2952,4
129,1213,3
129,296,3
129,608,3
129,1617,2
129,1089,4
129,50,2
1605,277,1
128,2657,1
128,3159,4
128,480,1
128,2135,2
128,3751,3
128,2858,3
128,2791,4
128,1249,2
128,2160,3
128,1282,3
146,931,3
146,2206,3
129,3157,4
128,2948,2
128,2792,4
128,1250,1
146,2202,2
146,973,1
146,1269,2
131,1682,3
131,153,3
131,1377,2
131,592,4
128,852,2
128,3154,2
128,3132,1
128,3311,3
128,2533,1
128,1210,2
146,953,4
146,2398,2
146,1939,2
131,589,1
131,3163,1
4802,492,2
146,1254,4
146,928,1
128,1968,1
128,2253,1
128,3073,3
146,923,2
131,1596,2
129,1885,3
129,294,2
129,2700,3
129,2599,3
129,467,1
129,357,2
129,1500,4
129,235,1
129,2318,4
129,2858,4
129,2289,3
129,1265,2
129,3404,3
129,511,1
129,1608,1
129,1552,2
146,3793,4
131,1603,1
129,648,1
129,165,4
129,1687,3
129,2334,2
129,494,2
129,2990,3
129,2457,3
129,3633,4
129,2023,4
129,733,1
129,1391,4
131,551,4
129,1573,1
129,198,2
129,507,3
131,1307,2
131,1676,2
129,3639,4
129,1101,4
129,2115,3
129,380,2
129,1047,3
129,2763,4
129,1527,4
129,288,4
129,1370,4
129,2058,2
129,2490,4
129,3418,2
129,3763,1
129,21,2
129,1580,4
129,3256,4
129,555,1
129,2000,4
129,3702,4
129,474,3
129,2916,2
129,1954,1
129,1127,4
129,1210,1
129,3104,1
131,515,1
129,2194,1
129,1220,1
129,384,1
129,2278,3
131,1719,4
129,1953,3
131,1584,3
129,1201,1
129,1387,1
129,1197,2
129,3703,2
131,3477,3
129,1200,2
129,3578,1
129,1222,3
129,1036,2
131,41,2
129,2571,4
129,2028,2
129,1240,1
129,1214,4
131,653,3
129,1221,2
129,858,2
129,1198,4
129,1196,2
131,364,1
131,783,2
131,617,2
131,645,3
131,714,3
131,869,3
131,781,1
131,1357,4
131,1310,3
129,3101,4
129,1476,3
1877,3915,4
129,1439,3
129,1721,4
131,1643,4
131,1633,1
129,3764,2
131,272,4
131,780,2
131,2396,1
131,47,3
131,1644,1
1877,3743,2
1877,3238,2
1877,3352,4
1877,3579,3
1877,3324,3
1877,3316,3
1877,3299,4
131,1212,3
131,923,1
1877,3867,2
1877,3616,4
1877,3824,1
1877,3454,2
1877,3325,1
1877,3754,1
131,2176,4
1877,3453,2
1877,3285,1
1877,3825,4
131,1250,3
131,2186,3
1877,3276,2
1877,3580,1
1877,3567,1
131,1097,1
131,3067,1
1877,3623,1
1877,3860,2
1877,3452,3
1877,3326,4
1877,3288,2
1877,3301,1
1877,3483,4
131,2676,3
1877,3827,1
1877,3287,3
1877,3854,2
1877,3882,1
1877,3721,1
1877,3225,2
1877,3124,1
1877,3320,4
1877,3568,1
1877,3852,2
1877,3784,3
1877,3189,1
131,1827,3
1877,3298,1
1877,3318,1
1877,3615,1
1877,3556,4
1877,3822,1
1877,3618,1
131,1895,2
1877,3185,4
1877,3536,2
1877,3794,3
1877,3886,3
1877,3831,4
1877,3182,3
1877,3566,1
1877,3853,4
131,11,1
131,2875,1
1877,3188,2
1877,3317,4
1877,3720,1
1877,3408,4
1877,3571,4
1877,3787,3
1877,3598,2
131,147,2
130,3623,1
130,2167,4
130,3519,4
130,1101,3
130,2457,2
130,3082,1
130,2393,3
130,10,4
130,3740,2
130,2527,4
130,3197,4
130,2991,3
1877,3795,4
1877,3880,1
1877,3865,3
1877,3192,4
1877,3289,4
1877,3859,4
130,2640,1
130,1376,1
130,368,1
130,3444,3
130,3633,1
130,2985,4
130,2989,1
130,353,2
130,198,4
130,1722,4
130,2490,3
130,1527,1
130,3639,2
130,2353,3
130,1372,4
130,2115,4
130,380,3
130,2476,4
130,3153,1
130,2406,1
130,3107,2
130,6,2
130,3635,3
130,288,3
130,555,3
130,349,3
130,1356,3
130,1580,2
131,1258,3
131,247,3
131,1860,2
130,3763,2
130,3702,2
130,3062,1
130,1954,1
130,2058,4
130,2916,2
131,1200,2
131,2324,3
131,3006,2
131,1240,4
131,764,1
130,1408,2
130,3406,4
130,592,1
130,2951,4
1877,3823,1
1877,3783,3
1877,3539,3
1877,3240,4
1877,3302,4
131,1358,2
130,1370,3
130,2662,4
130,3366,1
130,2000,4
130,3624,4
130,3256,1
130,377,1
130,1261,2
131,1094,4
130,3527,3
130,163,2
130,1275,2
130,2529,4
130,2944,2
130,474,1
130,21,1
131,3260,2
130,1215,2
130,2872,2
130,2949,3
130,1201,3
130,1220,1
130,2194,2
130,2879,3
130,1210,1
131,1249,2
131,1197,1
130,3654,2
130,1291,1
130,2947,2
130,1610,4
130,1374,3
131,1292,1
131,2064,2
131,2395,3
130,1242,3
130,1222,4
130,1953,4
130,1200,1
130,3703,2
130,457,4
131,1189,1
131,1945,1
130,940,4
130,110,4
130,589,4
130,1036,4
130,1214,4
131,1247,1
131,2609,4
130,2571,3
130,2028,3
130,1196,4
130,1287,2
130,1240,3
130,1387,2
130,1198,3
1877,1286,4
131,2289,1
130,260,2
130,858,1
130,1233,3
130,1221,1
130,2019,4
1877,1544,3
131,527,2
131,919,4
131,190,2
1877,2135,4
130,3927,1
130,3926,1
130,3928,4
130,3930,2
131,1080,2
131,1673,2
130,3932,4
130,3937,4
131,318,1
131,2997,4
131,1198,2
131,1193,2
131,97,1
131,535,4
131,1265,4
131,2692,4
1877,144,3
131,2973,4
131,745,3
1877,480,4
1877,1171,4
1877,3155,1
131,903,4
131,1136,4
131,2871,4
1877,1466,3
1877,2791,3
131,1617,2
131,924,3
131,750,1
131,1230,2
131,1214,2
131,1219,2
1877,2966,4
1877,2858,1
1877,3456,4
1877,1248,2
1877,1282,4
1877,2624,4
131,211,2
1877,2768,4
131,3423,2
131,3543,4
131,1259,2
131,2248,1
1877,3540,4
1877,3786,4
1877,3354,3
1877,3457,2
1877,3562,3
1877,3553,3
1877,3565,2
131,1957,3
1877,3513,1
1877,3512,2
1877,3753,3
1877,3594,3
1877,648,4
1877,3484,2
130,487,3
131,2243,1
131,1185,3
131,2076,4
1877,3510,4
1877,3793,2
1877,3755,2
1877,3534,3
1877,3150,3
1877,3555,1
1877,3626,2
1877,3624,1
1877,3515,2
131,1960,2
131,1186,4
131,3019,3
131,1242,3
5972,2605,4
130,3354,2
131,1224,3
1877,3241,1
1877,3159,4
1877,3538,2
1877,3751,4
1877,3570,3
1877,3357,2
1877,3578,3
1877,3481,2
1877,3747,2
5972,3745,4
130,266,2
5972,3510,3
130,648,1
130,70,1
5972,1250,1
130,3917,2
130,1286,1
130,3745,1
130,1129,3
130,3753,1
130,524,1
131,1649,2
131,246,1
130,3555,3
130,3675,1
131,3424,4
130,2948,2
130,1282,3
130,3578,2
130,3793,1
130,2791,3
131,3426,1
130,1250,2
130,3481,4
130,1249,2
1877,3912,2
1877,3944,2
1877,3887,1
131,1921,4
1877,3901,3
1877,3946,3
1877,3943,3
1218,3257,2
131,1594,1
131,562,1
1877,3906,2
1877,3914,2
130,480,4
130,2654,3
130,3684,4
131,2318,4
130,2458,1
130,296,3
130,1855,1
130,1617,4
131,2696,2
131,994,2
131,162,2
1877,3952,4
1877,3893,3
1877,3902,1
1877,2769,3
1877,3911,3
1877,3916,3
1877,3950,4
1877,3948,3
1877,3951,2
1877,3910,2
1877,3894,1
1877,3949,1
1877,3897,3
1877,3913,2
1877,3903,1
131,1882,1
131,2580,2
131,858,1
131,608,2
131,1784,2
131,2697,4
131,1288,3
131,1449,2
131,3081,1
131,2966,1
131,3125,4
131,2455,2
1877,2561,1
1877,3514,3
1877,2599,2
1877,908,4
131,1245,4
131,1885,3
131,1225,2
131,3746,2
131,1204,1
1877,14,4
1877,1193,1
131,3683,3
131,920,2
131,2067,2
131,2858,4
131,2890,2
131,1721,3
131,1732,2
131,2575,3
131,1900,2
131,3751,3
131,3481,4
131,3910,2
131,1968,1
131,260,4
131,3211,3
131,1210,4
132,180,3
132,345,3
132,3358,1
132,1732,3
132,3060,1
132,2463,2
132,1297,1
132,3087,2
132,3398,3
132,671,1
132,2282,3
132,585,1
132,1580,1
132,1858,2
132,3052,1
132,2883,4
132,3397,3
132,2100,1
132,367,3
132,104,3
132,2406,3
132,2371,3
132,2706,2
132,471,1
132,2423,4
132,3261,1
132,357,4
132,69,3
132,3424,2
132,1257,1
132,2502,4
132,3526,1
132,21,2
132,3072,2
132,3608,2
132,1923,3
132,2000,4
132,2321,2
132,141,3
132,2109,2
132,3175,4
132,3104,2
132,3157,4
132,2797,2
132,1261,1
132,1663,1
132,3363,1
132,551,1
132,3396,1
132,1784,1
132,588,2
132,2795,2
132,1073,1
132,2108,1
132,3481,3
132,223,2
132,2499,1
132,1259,4
132,2700,3
132,3671,3
132,2248,1
1033,2402,2
1033,1445,2
1033,2404,3
1033,466,3
1033,1586,2
1033,3053,2
132,1517,4
132,1285,2
132,1968,4
132,3751,4
132,2396,2
1033,1488,4
1033,3441,1
1033,780,4
1033,1676,2
1033,1391,1
1033,2322,2
1033,1205,1
132,2599,3
132,1265,4
132,3361,2
132,34,3
1033,1616,1
1033,2287,2
1033,2476,3
132,1080,1
132,2361,1
132,3868,4
1033,3519,2
1033,1298,1
1033,2662,1
1033,1408,1
1033,161,1
1033,2427,4
1033,1210,2
1033,151,1
1033,2202,2
1033,2944,3
1033,155,3
1033,1242,1
1033,1294,3
1033,1272,4
1033,1090,4
1033,3654,2
1033,3062,4
132,1220,2
132,2395,4
1033,1222,3
1033,1200,3
1033,750,2
1033,1178,4
1033,1204,2
1033,1262,2
1033,1196,1
1033,3593,1
132,1197,3
132,1079,3
1033,3511,1
132,2804,4
132,1136,3
132,1288,3
132,3760,2
132,1,2
1033,3355,4
132,1278,3
132,837,1
1033,3238,4
1033,3316,4
1033,3273,3
1033,3826,3
1033,3285,2
1033,3326,3
1033,3301,2
132,3938,1
132,2560,3
132,2133,3
132,312,4
132,2506,2
1033,3863,1
1033,3452,2
1033,3298,1
1033,3623,1
1033,3861,2
1033,3328,3
1033,3596,3
1033,648,2
1033,1600,4
1033,3513,4
1033,3753,4
1033,3624,2
1033,1129,2
1033,1466,2
1033,2160,2
1033,3793,2
1033,3481,1
1033,1250,3
1033,3578,2
1033,2278,4
133,1408,4
133,350,4
133,3261,4
133,3824,1
133,597,3
1242,3751,3
133,2763,2
133,3176,2
133,2841,3
133,3081,2
133,2906,2
133,1959,3
133,2581,1
611,3952,1
133,2882,1
133,2688,1
133,2881,1
133,2546,2
133,1093,1
133,2541,4
133,2976,2
133,3005,3
133,2694,1
133,2710,4
133,2827,2
133,3051,4
133,2555,4
133,2707,1
133,1884,2
133,3436,4
133,1183,3
133,3238,2
133,3484,2
133,3579,1
133,3355,1
133,3534,3
133,3755,3
133,3509,2
133,3535,4
133,3536,4
133,3185,4
133,3408,4
133,1092,1
133,1485,4
133,218,2
133,357,2
133,3148,1
133,1407,1
133,2353,1
133,832,2
133,3476,3
136,608,3
136,2010,3
136,1252,2
133,1821,1
136,793,3
136,1219,1
136,923,2
133,1841,2
133,3386,3
133,22,3
133,3255,4
133,1268,2
133,2058,1
133,364,4
133,1923,1
133,3271,1
133,500,1
133,1608,1
133,587,4
136,539,1
136,2163,2
133,300,2
133,1660,1
136,586,4
133,454,3
136,1409,3
136,2699,3
136,10,4
133,2391,3
133,1094,1
136,2717,1
136,3053,1
133,1271,2
133,1682,4
133,1645,4
133,2025,3
133,1892,4
136,1799,1
136,2054,4
136,2012,2
133,3186,2
136,2038,3
136,2311,2
136,2088,4
136,3863,1
133,3418,3
136,242,3
133,491,4
136,1191,3
136,2,2
133,1721,3
136,2413,1
136,383,3
136,89,3
136,356,2
133,1672,1
133,62,4
136,585,1
136,1416,2
136,231,3
136,3395,2
136,372,4
133,356,3
133,1343,3
136,1876,2
136,1030,3
136,1513,4
133,1610,4
136,440,2
136,543,3
136,2792,4
136,3478,3
133,1392,2
133,2396,1
133,1545,3
136,587,1
133,628,1
136,802,4
133,3160,1
133,2329,4
133,2268,2
133,337,3
136,3791,3
136,1959,1
133,1393,2
136,1552,3
133,32,1
136,3020,4
133,457,2
136,1836,4
133,589,4
133,1477,4
136,3758,3
136,3392,3
136,1177,1
133,47,2
136,3255,2
136,818,1
136,22,1
136,2081,4
133,2959,3
133,593,2
133,2028,3
136,2034,1
136,2416,4
136,2746,1
136,708,4
136,367,1
136,11,1
136,2517,1
136,3033,1
136,2093,4
136,3263,4
136,1614,1
136,1013,1
133,3791,2
133,2146,4
136,3081,4
136,261,3
136,1784,4
136,674,2
136,2877,4
133,1088,3
136,3243,4
136,2794,4
133,1347,1
136,1032,3
136,1339,3
133,1378,2
133,3608,1
133,2145,3
136,1974,1
136,1654,2
136,2105,1
133,2867,1
133,3552,2
136,316,3
133,1958,4
133,2003,1
136,2407,4
136,353,3
136,595,1
133,3210,4
136,2420,2
136,1366,4
133,2407,1
136,3591,3
136,2519,3
133,2100,4
133,1101,2
133,2001,2
136,590,4
136,2011,2
133,2455,3
136,1653,2
133,1185,3
133,3844,2
136,2005,1
133,1124,1
133,2371,4
136,492,3
133,2005,3
136,2369,1
136,2665,4
136,3159,3
133,3211,1
133,2716,3
133,2000,2
136,2116,3
136,351,2
136,357,1
136,1210,2
133,592,2
133,2144,2
136,2355,1
133,1097,2
136,1396,2
136,2337,4
133,1674,2
136,2046,3
133,2918,1
136,2640,3
136,2710,2
133,1968,1
133,1036,1
136,3809,3
136,3412,3
136,2003,2
133,2020,3
136,52,2
133,1246,3
136,3397,4
136,2161,2
136,3675,3
133,2804,1
136,348,2
136,1701,4
136,1500,4
136,553,4
136,2478,1
136,1031,1
136,1909,3
136,480,4
133,3095,3
136,1587,3
136,1370,3
136,1302,4
136,2533,4
136,364,1
136,1454,4
136,230,2
136,1279,1
136,1954,3
133,3064,4
136,3476,4
136,1464,3
136,3044,2
136,832,1
136,2423,4
136,1033,1
136,3028,1
136,1270,2
136,1994,3
136,417,1
136,497,1
136,300,4
133,150,4
136,2527,2
136,1291,4
136,3723,3
133,296,2
133,2599,3
133,1358,1
136,1923,4
136,2140,3
136,110,2
136,2987,4
133,36,2
133,2997,1
133,2762,4
136,1097,2
136,1059,1
136,3917,4
136,2734,1
136,2390,1
133,2908,3
136,1748,1
133,527,1
133,2573,4
136,506,1
133,50,3
136,2571,3
981,442,2
133,318,1
981,2628,4
136,45,1
136,2949,3
981,1375,3
133,129,3
136,531,4
136,1345,4
136,1057,1
981,1376,3
136,14,3
136,272,3
136,2712,4
981,1374,4
981,2105,2
136,2291,2
136,3153,1
136,1271,2
136,1682,3
136,1967,1
136,3253,1
136,1244,2
136,2194,2
136,920,1
136,1269,2
136,1680,2
136,2321,3
136,508,2
136,969,2
136,3250,3
136,2181,3
136,2644,4
136,1584,1
136,971,1
981,671,3
136,1678,2
981,1921,3
136,1282,3
981,2571,2
136,3868,2
136,1650,2
136,2018,3
136,2176,3
136,2918,3
136,1028,1
136,1947,3
981,1252,3
136,1966,4
981,1676,1
981,3033,2
136,1009,1
136,2455,1
136,3094,4
136,1187,4
981,1701,3
136,2947,3
136,3668,4
133,1544,2
133,266,2
981,1372,4
136,390,4
981,480,3
136,1885,4
136,457,3
981,3729,1
133,3565,4
981,159,1
136,1961,3
133,480,2
136,16,4
136,2212,4
136,2361,2
981,3448,2
136,2890,4
136,778,3
981,2337,4
136,1265,2
136,2139,3
981,448,2
136,549,1
136,3859,1
136,235,2
136,2580,1
136,2645,3
981,2746,3
136,1086,3
136,1266,3
136,1982,4
136,1938,3
136,509,1
136,589,2
136,2384,1
136,47,3
136,2067,1
981,1788,1
981,356,1
981,446,3
981,180,1
136,2997,1
136,3386,2
981,851,3
136,2747,3
136,3260,2
981,2150,2
136,3930,1
136,3608,2
133,2572,1
133,1617,1
981,2115,1
981,1211,1
136,1307,4
136,449,4
136,1997,1
981,1587,4
136,3813,4
136,32,3
136,260,2
136,337,1
981,902,1
981,3210,3
133,1270,2
133,805,2
981,1297,2
981,300,1
981,1721,3
981,1173,3
133,2858,3
136,2178,3
136,900,2
981,1884,3
136,3471,3
136,1296,2
136,1215,2
136,3108,2
136,924,4
136,1952,4
136,1197,2
981,3060,3
981,3260,4
136,2313,3
136,2132,4
136,3499,4
136,1258,1
981,471,2
981,2155,4
981,3253,4
981,1220,3
136,2064,3
136,1960,2
981,3175,1
136,1231,3
136,1300,1
136,1136,3
136,318,1
981,1729,3
981,364,1
981,3396,4
136,903,3
136,940,2
136,1199,4
981,1732,4
981,1682,4
136,1094,4
981,595,1
981,1923,2
136,930,4
136,265,1
136,1253,2
981,2174,1
136,922,4
136,1104,2
981,1210,1
981,1446,1
136,1617,3
981,1094,1
981,497,4
981,150,4
981,1649,3
981,1500,1
136,1214,4
981,1103,3
136,3545,4
136,3078,3
981,39,3
981,2987,3
981,1449,4
981,2596,1
136,2966,2
981,417,3
981,2194,3
981,2949,4
136,541,2
981,1215,2
981,1285,3
136,1225,4
136,1221,1
981,1282,2
981,2968,1
981,3198,3
981,1307,1
136,919,4
981,1086,1
136,1207,3
981,2959,2
981,3469,3
136,750,2
136,910,4
136,3061,4
981,1079,2
136,2858,2
136,581,1
136,1715,3
136,904,3
981,2890,2
981,1111,3
981,2716,2
981,2139,1
136,1554,1
136,898,4
981,2944,2
981,1834,4
981,2336,1
981,778,4
981,1392,2
136,2108,3
136,1699,4
136,2138,3
981,2943,3
136,858,2
136,1780,2
136,1196,2
981,3608,2
136,1091,4
136,1193,4
981,30,2
981,1278,1
981,1197,2
981,3911,3
981,2918,3
981,1217,2
981,32,2
981,1179,3
981,3868,4
1301,1544,1
1301,3917,4
981,1231,2
981,2396,2
1301,70,3
981,2866,4
981,593,4
981,904,3
1301,661,1
981,501,1
981,1719,1
981,2728,1
981,1272,3
1301,1249,2
981,3538,3
981,3481,2
1301,648,4
1301,3793,4
727,215,4
727,1897,3
727,779,3
134,3593,1
134,3827,4
134,3793,4
134,3916,2
134,736,3
134,1373,1
134,1779,1
134,260,2
134,1772,1
134,2628,4
134,2378,1
134,832,1
5539,3700,4
135,1197,4
135,2791,2
135,2918,1
135,2600,2
135,2701,2
135,3793,3
135,2987,3
135,3114,3
135,2763,2
135,2672,4
135,2840,1
135,2700,4
135,2806,3
135,2961,1
135,2907,3
135,3176,4
135,2396,1
135,2395,2
135,3081,2
135,3273,4
135,2762,1
135,2724,2
135,2686,3
135,2692,1
135,1513,3
135,24,2
135,2394,2
135,2598,3
135,2502,1
135,3623,2
135,2723,4
135,2709,4
135,3174,1
135,3160,3
135,785,2
135,2606,1
135,2995,1
135,2318,2
135,2580,2
135,3175,2
135,2688,3
135,2716,3
135,3159,3
135,2959,4
135,2336,3
135,2881,3
135,3751,4
135,2541,4
135,2722,1
135,223,1
135,2770,3
135,2908,4
135,2771,3
135,2355,2
135,3285,3
135,2710,2
135,3298,2
135,2694,2
135,2683,1
135,3179,1
135,2707,3
135,2858,3
135,1127,4
135,2572,3
135,2706,1
135,164,4
135,2747,3
135,1210,3
135,1016,4
135,3515,1
587,627,3
587,1565,4
587,467,3
1448,2280,1
4802,3793,3
4802,3893,2
4258,3948,1
1448,3510,1
169,2709,1
169,1562,3
169,153,2
169,1812,4
1716,3067,3
1716,1446,4
1716,1225,4
1584,1391,4
1584,1375,4
1584,2613,3
1584,2641,1
1584,3698,3
1584,1792,2
1584,2376,4
1584,3623,3
1584,2879,2
1584,2989,1
1584,3638,1
1584,2990,1
1584,2528,3
1584,2001,4
1584,3633,3
1584,2948,2
1584,2414,3
1584,1788,2
1584,3763,3
1584,1261,3
1584,3635,3
1584,1376,3
1584,2993,3
1584,3153,2
1584,1953,1
1584,1912,1
1584,3863,1
1584,3859,3
1716,3301,4
4802,3357,3
4802,3129,4
1839,2002,3
1839,1918,1
1839,2001,2
1839,2000,2
1839,2391,4
1839,1625,2
2748,2600,4
884,3793,4
884,648,1
884,3623,2
884,1727,1
884,1035,3
884,2571,1
884,1416,1
163,2987,3
163,1489,3
163,741,3
163,3114,1
163,2700,4
137,2987,3
137,2701,4
137,2672,2
137,2763,4
137,2840,3
137,3157,1
137,3176,2
137,2396,1
137,2762,2
137,2724,3
137,3081,4
137,1513,2
137,2598,3
137,2013,4
137,1959,4
137,2574,1
137,2805,2
137,913,1
137,2856,4
137,2995,2
137,2719,1
137,3175,1
137,2716,3
137,2959,4
137,2712,4
137,233,3
137,2605,3
137,2336,4
137,1911,4
137,1093,1
137,2369,3
137,3203,1
137,2355,4
137,3005,1
137,2908,3
137,2710,4
137,2997,2
137,2827,3
137,3155,1
137,2492,3
137,2858,3
137,1127,2
137,2826,3
137,3930,2
137,3926,3
137,3927,2
137,3639,4
137,3512,1
137,154,2
137,1380,4
137,934,1
137,480,2
137,1968,2
137,1247,4
137,3257,4
2810,1449,3
431,1259,3
431,1125,1
195,541,1
195,1196,2
306,3276,4
306,3785,1
306,3784,3
306,3646,3
306,3617,2
306,3317,3
306,2671,2
306,2447,3
306,1580,4
306,852,1
306,231,3
306,1457,4
306,1777,4
306,2395,2
306,2502,3
306,597,2
306,1747,4
306,3178,3
306,2599,2
195,480,3
5644,892,1
306,104,4
5644,538,1
306,1,4
306,1393,4
306,1704,1
306,2028,3
169,2422,1
169,2421,3
195,1914,3
1748,3423,3
5644,17,3
3693,3863,4
139,3766,1
139,3441,3
139,1391,4
139,3448,1
139,1094,4
139,1224,2
139,3545,1
139,1294,4
139,1024,1
139,2090,3
139,616,2
139,1033,2
139,364,1
139,3693,3
139,2148,2
139,2867,2
139,253,2
139,724,4
139,1334,3
139,2710,2
139,1339,2
139,2459,2
139,2160,2
139,1345,3
139,2003,1
139,2097,2
138,164,2
138,2159,3
138,2391,1
138,1466,3
138,2912,3
138,2542,2
138,47,4
139,1347,4
139,1994,2
139,1997,2
138,293,4
138,1396,3
138,1227,1
138,3328,4
138,2000,3
139,3499,4
139,1333,3
139,1258,1
139,3627,4
139,1387,2
138,2194,4
138,1179,3
138,3783,1
138,3364,1
138,1234,4
138,3265,2
138,2692,1
138,1912,2
138,1089,1
138,3019,4
138,942,2
138,1248,2
138,296,2
138,866,1
138,1213,4
138,608,3
139,2405,1
138,1260,4
138,858,3
138,3741,4
138,1221,3
138,3435,4
139,1587,1
139,107,4
139,1031,4
139,2617,4
139,2723,1
138,290,2
139,1377,2
139,3070,4
138,800,1
138,593,4
138,318,2
139,1967,1
138,28,3
139,2161,3
138,2858,1
138,1617,4
138,1859,4
138,3083,4
139,1376,3
139,3168,3
138,2357,3
138,50,2
138,720,2
138,1148,1
139,592,4
138,2360,2
139,2871,3
139,2366,4
138,1545,1
138,213,3
139,1303,1
138,648,1
139,3476,1
138,3755,1
138,3300,4
138,3481,4
138,3578,4
138,3793,3
138,3751,4
138,3753,1
139,2467,4
139,1617,2
139,950,4
138,94,3
138,3479,1
138,2947,1
138,2407,1
138,1196,2
139,3740,2
138,3764,1
138,1210,2
138,1488,1
139,353,4
139,2414,2
139,2406,4
139,2001,4
139,2115,1
139,1676,2
139,2640,1
139,3639,3
139,288,2
139,2948,2
139,349,3
139,2949,2
139,1275,3
139,2944,3
139,2947,4
139,555,3
139,2194,1
139,1610,4
139,1201,1
139,457,2
139,1222,2
139,110,2
139,1036,1
139,1218,3
139,1242,4
139,1291,4
139,1198,4
139,3265,1
1220,524,4
139,3033,4
139,3704,2
139,2528,2
139,780,3
139,512,4
139,1375,3
139,2105,1
139,2641,1
139,2657,2
2849,58,1
2849,931,1
2849,1307,4
2849,900,2
2849,1947,1
2849,1639,1
2849,838,3
139,2012,3
139,316,2
139,1372,4
139,2363,1
2849,3685,4
2849,2248,3
2849,2291,1
2849,3475,2
2849,497,3
139,1580,4
139,674,2
139,1527,3
139,2116,4
2849,265,3
2849,2065,2
2849,509,1
139,1748,3
149,3044,3
149,230,1
149,832,2
149,482,3
149,3055,1
139,1077,1
2849,1357,3
2849,2080,1
2849,1674,4
139,441,2
2849,914,3
2849,3422,1
139,1663,4
139,1641,1
139,3028,3
2849,1094,1
2849,1197,2
2849,2130,3
2849,17,3
139,2000,4
2849,1912,2
2849,28,3
2849,1172,4
2849,920,2
139,2384,3
139,180,1
139,3481,1
139,1285,3
139,3671,4
139,2883,1
2849,912,1
2849,899,1
2849,930,3
2849,2919,3
2849,1247,4
149,320,1
149,16,4
149,373,3
139,3052,1
139,1968,1
139,3868,1
139,1278,1
139,2788,4
139,1080,4
139,1259,2
139,2361,1
139,2396,2
139,1234,4
139,1307,3
139,735,3
139,235,3
139,2918,1
139,2716,3
139,1304,2
139,34,1
139,1256,3
139,3067,4
139,1197,1
139,1394,4
139,1136,4
139,2959,4
139,1673,2
139,2348,2
139,2028,4
139,926,4
139,3334,1
139,1276,2
139,2820,2
139,1208,1
139,1104,2
139,3201,2
139,2804,1
139,608,4
139,318,2
139,2336,4
139,3468,1
139,1243,3
139,2019,4
139,1225,1
139,994,2
566,2,1
566,2017,2
139,2858,1
139,296,2
149,1645,2
149,22,4
149,1500,2
566,2083,4
566,2709,1
566,2429,1
139,1237,2
149,2159,3
149,431,3
149,866,1
566,1920,4
566,1031,2
566,1588,2
566,2048,1
566,2081,1
566,1806,2
566,2046,1
566,2161,3
566,2085,3
139,3142,3
566,2078,2
566,1967,4
566,2294,1
139,1856,3
566,3159,4
566,1907,3
566,588,1
566,2430,2
566,2140,3
139,206,2
139,3539,3
139,3679,2
139,162,4
139,581,1
139,2064,3
139,2143,1
139,2193,2
139,2005,3
139,2628,4
566,2005,1
566,364,4
566,2087,2
139,2174,4
139,2140,2
139,2872,1
139,1073,2
139,661,2
139,2085,1
566,1023,2
566,2355,3
566,1012,1
139,2089,3
139,588,4
139,610,1
139,2137,2
566,3034,4
139,2018,2
139,1029,4
139,2102,1
139,1023,4
139,3034,4
139,2700,3
139,2139,2
139,2355,2
139,2138,2
139,2987,4
139,3114,1
139,1,3
139,1148,4
139,720,1
139,551,1
139,1022,3
139,1028,4
139,2078,4
139,1947,4
139,2080,3
139,2746,4
139,1298,1
139,2857,1
139,594,2
139,2300,4
139,595,1
139,918,1
139,1282,2
139,1288,2
139,919,3
139,480,4
139,1356,1
139,671,4
139,3702,4
139,1584,1
139,1374,1
139,2968,1
139,3175,4
139,3527,3
139,1274,4
139,1097,3
139,1210,4
139,3471,3
139,2916,2
139,1175,2
139,1200,4
139,924,1
139,3703,2
139,541,1
139,1206,4
139,2495,2
139,1196,3
139,260,2
139,750,1
139,1214,3
139,3917,3
139,3919,1
139,3918,1
139,3941,2
139,3942,4
5948,3512,4
140,3897,2
139,902,4
139,593,1
139,3040,4
139,2021,3
139,1193,3
140,3755,4
140,3624,4
140,3512,3
140,648,2
140,3201,4
140,1997,1
140,412,1
140,1968,2
140,1961,4
5985,2396,2
147,1544,2
147,2657,2
147,3513,4
147,3155,4
147,3354,2
147,3825,4
147,3717,3
3054,2804,1
147,3273,4
3054,2329,3
147,3623,1
147,3298,4
3054,3671,1
147,3408,4
3054,2545,1
3054,3481,1
147,1240,2
147,3793,2
147,1883,3
147,1810,1
147,11,1
147,440,2
147,3300,1
147,3452,4
147,1059,1
147,2764,1
147,1799,2
147,1645,2
147,1805,4
147,1396,1
147,1466,2
147,3763,3
147,673,1
147,2,1
147,2054,2
147,2005,4
147,367,4
147,2174,2
147,2797,1
141,3469,4
141,2203,2
147,1393,1
141,913,1
141,904,2
141,950,3
141,3801,2
141,1950,3
141,942,1
141,1212,4
147,25,1
147,1265,1
141,490,4
141,648,2
141,480,1
147,316,1
147,2193,4
141,266,2
141,2791,1
141,3751,3
141,3578,3
147,3269,1
147,1615,2
147,2115,2
147,1073,1
150,2282,2
150,2926,1
141,2858,1
141,1250,2
147,340,2
147,590,2
147,2470,1
147,86,2
147,380,2
147,592,1
147,1566,1
147,1291,3
141,1721,1
141,2985,1
141,2150,4
141,17,4
141,1199,2
147,1197,3
147,1198,3
4771,28,1
4771,78,4
4771,205,2
4771,3783,4
4771,515,3
4771,904,4
4771,3547,3
4771,3281,2
4771,581,3
4771,2018,3
4771,2677,4
4771,1203,2
4771,1333,1
4771,17,1
4771,2612,4
4771,950,3
4771,2731,4
4771,1176,3
4771,3435,2
4771,1726,3
4771,1207,3
4771,3911,3
148,1445,4
148,527,1
148,2498,4
148,519,2
148,880,3
148,160,3
148,2701,4
148,1750,2
148,2053,3
148,1831,3
148,338,3
148,1779,1
148,258,3
148,185,2
148,2322,3
148,1762,3
148,426,1
148,849,2
148,512,1
148,748,2
148,788,3
148,2722,4
148,1690,3
148,3269,4
148,329,3
148,1372,1
148,3175,3
148,671,2
148,1909,4
148,2012,3
148,2046,3
148,32,2
148,2628,4
148,1653,4
148,2906,4
148,2392,1
148,1416,2
148,262,2
148,3502,1
148,365,4
148,2059,1
148,1726,2
148,100,3
148,1888,1
148,2316,4
148,1363,4
148,1727,4
148,2688,4
148,2431,1
148,531,2
148,261,1
148,1810,2
148,1183,2
148,3528,2
148,2250,4
148,350,4
148,1711,4
148,1620,1
148,253,2
148,2427,3
148,3176,4
148,491,4
148,277,2
148,1721,1
148,605,4
148,1271,3
142,364,3
142,1784,1
142,1393,3
148,3255,4
148,1747,4
142,1699,4
148,805,4
142,595,1
148,832,4
148,508,3
148,1682,3
142,3253,3
142,1,1
142,661,1
148,647,2
142,1120,2
148,475,1
148,1694,1
148,300,1
148,161,4
148,2890,2
148,1672,3
148,1584,4
148,1393,3
148,3386,2
148,150,3
148,608,1
148,1784,2
148,2268,1
148,2501,1
148,1704,4
148,3147,1
148,593,1
148,318,2
142,551,2
142,223,3
148,2683,1
148,3516,3
148,3004,2
142,553,4
142,3007,3
142,1885,3
142,2890,3
142,2571,1
142,1265,4
142,2321,4
142,529,4
142,2997,1
142,1089,2
142,2028,1
142,2762,4
142,589,4
142,318,1
142,2858,4
142,296,4
142,50,1
142,1617,4
143,1721,3
143,1873,3
143,480,4
143,2353,3
1437,1722,3
143,1777,2
143,2321,2
143,1060,4
143,1517,4
143,3060,3
143,1883,4
143,1784,1
143,2324,1
143,3114,3
143,2997,3
1113,3785,3
143,11,1
143,249,2
1113,3617,1
143,1680,3
143,377,4
143,2108,1
143,1393,2
143,1265,3
676,3513,4
1026,3570,4
1026,3952,1
143,648,2
143,1580,2
143,380,4
143,3256,4
143,2427,3
143,3107,2
143,349,2
143,10,1
143,1722,3
143,1608,4
143,2916,1
143,2006,3
143,3178,4
143,163,4
143,1610,2
143,733,1
143,1408,3
143,110,2
143,2028,4
143,2571,2
143,2763,1
143,2700,3
143,2485,4
143,2724,3
143,2396,4
143,2762,3
143,2686,1
143,3753,2
143,2502,2
143,1959,2
143,2490,4
143,3623,3
143,2390,3
143,2688,2
143,3578,1
142,3512,4
142,3578,4
142,3793,3
143,2959,4
143,3408,4
143,2599,3
143,2759,1
143,2881,4
143,2541,2
142,25,3
142,1033,3
142,1097,4
142,2881,2
142,2100,1
143,2683,1
143,2858,1
143,2706,1
143,1197,4
143,3448,2
143,2716,2
1333,3555,4
1333,3481,3
146,2987,1
146,3706,2
146,942,2
146,913,2
146,541,4
146,1617,2
146,1284,2
146,1267,4
146,1252,4
146,48,3
146,1093,4
146,1566,1
146,2941,1
146,1031,1
146,1298,3
146,1380,3
146,901,1
146,1088,3
146,2565,4
146,2857,2
146,918,1
146,1416,3
146,3061,3
146,2746,1
146,1081,3
146,1220,1
146,1035,1
146,1022,4
146,3549,4
146,1032,3
146,2971,3
146,1947,2
146,1288,4
146,899,2
146,3606,1
146,2300,3
146,318,4
146,783,3
146,1025,4
146,1029,2
146,1367,3
146,364,3
146,2085,1
146,588,4
146,1907,2
146,596,2
146,2018,2
146,2096,4
146,2137,2
146,594,3
146,595,3
146,1028,4
146,2078,3
146,1282,4
146,34,2
146,919,1
146,2761,1
146,1,2
146,2143,4
146,2,4
146,2054,2
146,2628,3
146,2193,4
146,2140,3
146,3479,2
146,2100,2
146,367,2
146,1097,2
146,2174,3
146,1073,1
146,2872,1
146,1230,4
146,1244,1
146,1057,1
146,2203,4
146,804,1
146,1544,4
146,1286,3
146,3755,2
146,3159,2
146,480,3
146,3578,2
146,2948,4
146,2657,3
146,551,4
146,2791,3
146,3751,4
146,2160,3
146,2858,2
1851,1089,3
1851,2028,1
1851,32,2
1851,2289,4
1851,2912,2
1851,246,4
1851,72,4
1851,1617,1
1851,1233,2
1851,1694,1
1851,2571,3
1851,1243,3
1851,527,4
1851,1175,3
1851,1358,1
1851,296,1
1851,318,3
1851,2324,3
1851,593,4
1851,608,2
1851,247,4
1851,265,1
1851,162,1
1851,47,3
1851,50,3
1851,3265,2
1851,29,2
1851,201,3
1851,3354,4
1851,661,2
1851,3918,3
1851,648,4
1851,3578,3
1851,3793,1
1851,1129,2
1851,144,4
1851,1250,2
1851,522,3
1851,1248,2
144,1625,3
144,2311,1
144,924,3
144,2053,1
144,737,4
144,2012,2
144,2094,1
144,780,1
144,2571,1
144,1396,1
144,1645,1
144,2268,2
144,2763,2
144,3185,2
144,2686,4
144,3753,3
144,3623,4
145,2672,3
145,2337,3
144,785,4
144,3578,4
145,2700,2
145,2702,3
145,2396,3
145,2395,4
144,3408,1
144,2605,4
145,2686,3
145,2692,4
144,2369,1
144,2433,2
144,2858,2
145,2318,1
144,588,2
145,3578,2
145,2716,4
145,2580,2
145,2333,3
144,593,2
145,233,3
145,2861,3
145,2959,3
144,527,4
145,3408,3
145,2599,4
144,1797,4
145,2541,4
145,223,1
145,2908,3
145,2038,2
144,3717,2
145,2710,1
145,2997,1
145,2699,3
145,2707,4
145,2683,2
145,2858,4
145,2706,4
145,2572,3
145,1127,1
144,356,2
144,1961,2
144,1265,2
145,1961,2
145,1377,3
145,2311,4
145,1968,3
145,2093,3
145,455,1
145,1093,4
145,3360,1
5520,1199,2
5520,3536,1
473,3793,4
146,3108,3
146,2570,1
146,866,3
146,3685,1
146,2020,1
146,2065,4
146,2081,4
146,1197,3
146,914,3
146,1393,2
146,1674,2
146,2080,1
146,2243,3
146,2248,2
146,265,4
146,2125,1
146,930,2
146,2692,2
146,1946,1
146,969,3
146,1307,3
146,1247,3
146,912,4
146,920,1
146,2396,4
146,916,3
146,2935,2
146,902,2
146,945,4
146,357,4
146,1569,4
146,1245,4
146,235,4
146,3364,4
1088,2890,2
1088,531,1
1088,2959,2
146,3510,4
146,1748,3
146,2671,1
1088,2010,4
1088,965,2
1088,2501,2
1088,1678,1
1088,529,1
1088,3361,2
1088,34,1
1088,1302,2
1088,3341,1
1088,2863,1
1088,1270,1
1088,1084,2
1088,2174,2
1088,150,2
1088,314,3
1088,1265,1
1088,910,1
1088,3098,3
1088,1944,1
1088,1203,1
1088,1393,2
1088,2648,3
1088,457,1
1088,1340,1
1088,2664,3
1088,951,4
1088,2599,4
1088,541,2
1088,945,2
1088,904,3
1088,919,2
1088,296,4
1088,1136,2
1088,2804,2
1088,265,1
1088,1394,1
1088,111,3
1088,1219,3
1088,750,2
1088,913,4
1088,1262,3
1088,50,3
1088,368,4
147,1036,4
147,2804,3
147,1358,2
147,260,4
147,2324,1
1088,3861,3
147,760,1
147,516,1
147,3441,1
147,266,4
147,3448,3
147,356,3
147,3753,3
147,161,2
147,1210,3
147,2890,3
147,1584,4
147,32,3
147,2692,3
147,3160,1
147,2355,3
1088,3932,3
147,2396,3
147,246,1
147,150,1
147,1617,4
4471,3751,1
4471,3481,4
147,2762,2
147,318,2
147,1208,3
147,1222,1
147,3006,3
147,1242,4
147,1090,1
147,3089,4
147,2329,1
147,1639,3
147,1704,1
147,2959,1
147,296,1
147,1196,2
147,527,2
147,1004,3
147,737,4
147,1556,4
147,1882,3
147,1499,3
147,2253,1
147,2701,3
147,1591,4
147,485,3
147,168,1
147,2808,4
147,1100,3
147,1752,1
147,466,4
147,3438,1
147,1801,2
147,1391,3
147,1627,3
147,459,1
147,1479,3
147,1687,3
147,95,3
147,1616,3
147,170,4
147,517,2
147,1377,1
147,2334,1
147,1833,2
147,3274,1
147,1792,2
147,1488,2
147,780,1
147,1917,2
147,1552,4
147,2617,1
147,648,4
147,736,3
147,494,2
147,376,3
147,434,2
147,3020,1
147,1918,2
147,1676,3
147,3082,2
147,368,4
147,112,2
147,2763,1
147,1667,4
147,2427,2
147,1597,2
147,165,3
147,21,4
147,1608,4
147,145,4
147,2628,4
147,6,3
147,349,3
147,10,1
147,2278,1
147,2912,4
146,933,1
146,260,1
146,2177,1
146,2863,3
147,555,2
147,1722,4
147,1573,4
147,1580,3
147,3107,4
147,2058,3
147,3256,2
147,1527,1
147,1370,3
147,2353,1
147,480,3
146,3545,1
146,1196,1
147,733,3
147,377,1
147,1610,1
147,3418,3
147,1233,1
147,1912,4
147,457,4
147,589,2
147,2571,4
147,2028,3
147,2496,1
147,1270,2
147,1307,2
147,2858,2
147,2918,3
147,2791,4
147,1,4
147,3114,4
147,3578,1
147,1385,4
147,1194,3
147,2421,1
147,110,3
147,783,2
1242,3822,1
1242,3855,2
1242,2611,3
1242,3514,1
148,2827,4
148,3593,2
148,3754,1
148,2355,4
148,1806,1
148,3462,2
148,2946,3
148,2321,3
148,2423,1
148,910,3
148,1235,2
148,3028,4
148,1220,4
148,2863,4
148,3836,1
148,2797,2
148,3039,1
148,2915,3
148,34,2
148,3396,1
148,2804,2
148,3035,2
148,3868,4
148,3548,1
148,909,3
148,3504,4
148,356,2
148,1,4
148,1270,2
148,1234,4
148,1276,4
148,2300,2
148,2716,3
148,2791,1
148,3114,4
148,3061,1
148,1136,4
148,339,1
148,2291,1
148,1569,4
148,351,4
148,7,4
148,736,4
148,2424,3
148,2941,1
148,902,1
148,3479,1
148,3259,1
148,3044,3
148,3668,3
148,597,4
148,534,2
148,2080,4
148,11,4
148,151,2
148,2100,3
148,2671,2
148,914,3
148,3155,2
148,900,4
148,3699,4
148,2872,1
148,380,3
148,2243,1
148,440,1
148,943,3
148,497,4
148,293,4
148,17,2
148,1307,3
148,1947,4
148,2067,4
148,1247,2
148,2396,3
148,1944,2
148,1408,3
148,933,3
148,1674,1
148,899,4
148,911,3
148,2626,3
148,502,1
148,3440,4
148,3584,1
148,3431,1
148,181,2
148,3767,4
148,3705,3
148,327,2
148,405,2
148,1499,4
148,2720,1
148,2549,1
148,3889,4
148,3766,3
148,2816,2
148,3432,3
148,1590,2
148,2642,3
148,2643,2
148,1882,1
148,546,4
148,558,1
148,2411,2
148,2404,4
148,3764,3
148,3439,4
148,3113,3
148,836,2
148,170,3
148,2815,2
148,533,4
148,996,4
148,2402,1
148,173,2
148,168,2
148,3841,1
148,3257,1
148,548,2
148,44,2
148,2126,4
148,2531,3
148,485,4
148,1438,4
148,3769,1
148,1371,2
148,2986,1
148,3519,1
148,2808,3
148,1544,1
148,423,2
148,2616,1
148,1037,4
148,204,4
148,1391,1
148,2421,3
148,1377,3
148,2023,1
148,459,4
148,2530,1
148,15,1
148,95,1
148,2524,3
148,1676,2
148,1917,4
148,688,4
148,2002,1
148,3452,1
148,2094,1
148,2405,1
148,434,1
148,227,2
148,2367,1
148,442,2
148,1792,4
148,1385,3
148,3698,3
2451,1693,4
2781,1199,2
2781,3629,4
148,1918,3
148,3438,3
148,1552,4
148,1320,1
2781,2194,1
2781,3741,1
2781,1674,4
2781,529,4
148,2476,4
148,379,1
148,1586,3
2781,36,1
2781,1287,3
2781,1263,3
148,376,2
148,292,1
2781,1610,2
2781,3037,4
148,2533,4
148,2826,2
148,2105,4
148,1616,4
2451,2572,4
2781,1293,4
2781,1270,1
2781,1302,3
2781,3006,3
2781,3068,4
148,2393,3
148,2763,4
148,3029,3
148,2410,2
148,1597,1
2781,1238,4
2781,1256,2
2781,1292,4
2781,2819,2
2781,1955,1
148,653,1
148,1876,2
148,165,1
148,368,4
2451,3510,1
2781,1206,4
148,2409,1
148,552,1
148,2414,4
148,1801,4
148,89,2
148,2990,3
2781,1294,1
2781,1699,2
2781,589,3
2451,3793,3
148,1429,3
148,3704,4
148,3623,1
148,2376,1
2781,457,2
2781,1912,3
2781,1090,2
2451,3755,4
148,3441,4
148,2334,1
148,3197,1
148,780,1
148,2273,2
2781,2248,2
2781,919,3
2781,1209,1
2781,904,2
2781,541,4
2781,1304,4
148,2403,1
148,494,2
148,2370,1
148,316,4
2781,3090,1
2781,1953,1
2781,3726,1
148,349,4
148,1101,2
148,2641,3
148,3430,3
148,1608,1
2781,111,2
2781,296,1
2781,3468,1
2781,3683,4
2781,3735,2
148,3153,4
148,3256,4
148,2989,4
148,2490,3
148,1573,3
148,1356,4
148,1370,1
148,474,1
148,2278,1
2781,2028,4
2781,1242,2
2781,1207,3
2781,1394,4
2781,1219,3
148,1047,4
148,1376,3
148,3740,3
148,2013,4
148,2991,4
148,2617,4
2781,2966,2
2781,1235,2
2781,1198,3
2781,1136,2
2781,1193,1
148,3527,2
148,1580,2
148,3633,4
148,2288,2
148,2948,4
2781,1276,2
148,1127,1
148,2406,1
148,1722,4
148,2353,2
2781,1299,2
148,1953,4
148,1527,3
148,10,2
148,2916,2
2781,1196,2
2781,1945,2
2781,1254,1
2781,1214,4
2781,1248,1
148,1954,4
148,480,4
148,3793,1
148,2006,4
2781,1213,3
2781,318,4
2781,1250,2
2781,1267,1
2781,1228,1
2781,741,3
148,2949,4
148,1610,1
148,2000,4
148,2527,1
148,3404,2
148,1200,3
148,2529,4
2781,1233,3
2781,1694,3
2781,608,2
2781,1204,2
2781,1252,4
2781,50,4
148,377,4
148,1222,4
148,2194,1
148,2662,2
148,1210,1
148,1201,2
2781,3307,1
2781,1221,3
2781,3469,4
2781,923,2
148,1197,4
148,1036,1
148,3062,4
148,1275,3
148,1304,1
148,3654,4
2781,593,1
148,1240,1
148,3703,2
148,589,1
148,457,1
148,110,3
148,2571,3
2781,858,4
2781,527,2
2781,2682,2
148,1233,3
148,2028,4
148,1196,4
148,1387,4
2781,3508,1
2781,1085,4
148,260,1
148,858,3
148,2944,1
148,2366,2
148,1198,3
2781,3111,1
195,3744,2
148,3755,1
148,3534,2
148,3555,1
148,648,2
148,3578,1
148,3753,4
148,3624,1
148,1291,2
148,1221,3
148,2661,3
148,2640,1
148,3678,1
195,3328,3
195,3706,4
195,2761,1
372,2167,4
897,1911,3
372,558,4
897,2369,4
372,2412,3
897,3751,3
897,3203,1
372,3257,3
372,2549,2
372,160,2
372,3113,1
372,653,2
372,1562,4
897,2355,2
372,2881,2
372,2701,3
372,1552,1
372,153,1
372,2126,4
372,3000,4
372,1597,2
372,368,3
372,1792,1
372,1408,1
372,376,4
372,3082,2
372,736,2
372,1608,4
372,377,1
372,292,3
372,2490,3
372,2808,4
372,2353,2
372,733,3
372,1722,4
372,2006,4
372,1801,1
372,2028,1
372,1610,1
195,551,4
498,3555,4
498,3751,4
149,3300,3
149,1711,3
149,42,1
149,434,4
149,2126,4
1426,3484,2
149,493,4
149,1061,3
149,2912,2
149,1589,4
149,293,4
149,1466,1
149,1785,4
1426,3723,2
1426,3360,4
1426,1246,2
1426,2194,1
1426,1271,4
1426,3071,4
1426,3125,2
1426,1302,4
1426,628,1
1426,1674,1
1426,1961,1
1426,3471,3
1426,1186,1
149,2580,1
149,1213,4
149,290,3
149,117,1
149,164,3
1426,3098,4
1448,700,2
1426,1293,3
1426,2501,3
1426,1242,2
1426,1225,4
1426,2019,1
1448,1266,2
1426,318,3
149,1438,2
149,780,2
149,2763,1
149,165,2
149,95,4
149,2278,3
149,353,3
149,3107,2
149,3020,3
149,2628,2
149,198,4
149,2617,3
149,2273,3
149,2167,2
149,9,3
149,1377,2
149,1573,1
149,21,4
149,2427,1
149,1527,2
1426,933,3
149,733,2
149,474,4
149,2058,3
149,480,2
149,1047,4
149,3256,2
149,110,1
149,1788,1
149,2028,4
149,3418,2
149,2571,3
149,1610,4
1448,1998,1
149,1653,2
1448,2016,3
1448,2051,3
1448,2091,3
1448,1011,3
149,367,1
1448,2523,2
1448,2530,2
1448,3590,2
1448,3672,1
1448,1327,4
149,1611,1
149,1914,1
149,555,3
1448,3430,2
1448,1007,2
1448,1030,1
1448,2014,2
1448,1341,3
1448,1009,2
149,272,1
149,3100,2
149,2812,1
149,357,2
149,161,3
1448,2877,1
1448,1194,2
1448,2532,3
1448,1380,3
1448,3812,2
1448,1331,2
1448,1031,3
1448,3506,4
149,132,3
1448,2109,3
1448,3040,4
1448,2779,3
149,2542,4
149,1729,4
149,2155,2
149,535,3
149,45,3
149,6,4
149,1923,1
149,1810,3
149,1580,3
149,2621,1
1448,3099,3
149,380,2
149,2231,4
149,29,2
149,194,2
149,1513,1
1448,1073,4
1448,2137,1
149,3255,2
1448,2116,1
1448,3396,3
1448,2866,3
149,852,1
1448,3671,4
1448,3363,1
149,2353,2
149,2391,2
149,2395,2
149,1370,1
149,515,2
1448,3421,1
1448,2303,3
149,3267,3
149,2282,3
149,377,1
149,1721,4
149,1396,4
149,1722,3
149,1682,3
149,342,1
1448,1214,1
1448,1080,2
1448,1294,4
149,2359,2
149,2883,4
149,235,3
1448,1206,2
1448,1136,3
1448,260,1
149,1249,4
149,3163,1
149,549,3
149,471,3
149,1673,1
149,39,2
149,334,1
149,2916,4
149,47,2
149,1641,2
149,3429,4
149,223,2
149,3147,4
149,300,4
149,249,2
149,2289,1
149,1265,3
149,3253,3
149,36,1
149,2236,1
149,2268,1
149,2329,1
149,1912,4
149,25,2
149,319,4
149,1411,3
149,509,3
149,3108,1
149,2959,1
149,1516,3
149,3007,4
149,3006,3
149,1171,1
149,562,1
149,232,4
149,787,2
149,2762,2
149,2291,4
149,1095,4
149,529,4
149,1537,2
149,475,3
149,2997,2
149,1358,3
149,2599,1
149,308,4
149,2324,2
149,1277,3
149,1179,3
149,589,1
149,1089,1
149,3246,4
149,307,2
149,2677,2
149,326,1
149,247,2
149,30,3
149,608,1
149,1617,1
149,2858,2
149,593,3
149,2692,4
149,1233,3
149,50,3
149,1041,1
149,296,1
149,3477,3
149,3513,4
149,3718,4
149,648,3
149,3481,4
149,3755,3
149,3555,2
149,3578,4
149,3753,4
149,3793,1
149,3903,4
149,260,1
149,457,4
149,3524,3
149,1982,4
149,3101,2
149,2890,3
2106,2693,1
1448,1010,1
163,1862,4
163,2107,4
163,2548,4
163,2338,3
163,2974,3
163,2389,3
163,2113,1
163,2327,4
163,3709,1
163,842,3
163,2514,2
163,891,1
163,2516,1
163,2315,3
163,1993,1
163,1623,3
163,1973,4
163,1771,2
163,2560,3
163,742,3
163,2719,2
163,2898,4
163,1992,4
163,332,4
163,3662,2
163,1644,1
163,724,4
163,196,1
163,2995,2
163,879,3
163,532,2
163,382,2
163,1690,4
163,273,2
163,2004,1
163,2328,2
163,2428,2
163,1717,3
163,2279,2
163,2606,2
163,1342,1
163,2976,1
163,188,2
163,2120,4
163,2026,3
163,2710,2
163,328,2
163,366,2
163,407,2
163,253,4
163,799,1
163,330,1
163,1407,3
163,1645,2
163,1632,4
163,2292,2
163,64,4
163,3004,2
163,276,4
163,122,1
163,2805,1
163,179,4
163,697,4
163,1475,3
163,2154,4
163,1100,2
163,3,2
163,378,1
163,1468,4
163,1453,1
163,788,2
163,1409,2
163,1593,2
163,239,1
163,2297,2
163,2558,1
163,81,4
163,2978,1
163,2597,2
163,1902,1
163,1541,1
163,48,4
163,236,1
163,2724,4
163,1835,2
163,2485,2
163,2581,4
163,266,4
163,252,4
163,195,3
163,1888,4
163,1498,2
163,1895,2
163,1629,2
163,7,1
163,140,4
163,1457,2
163,1597,2
163,1821,1
163,802,3
163,1441,2
163,1722,3
163,3269,2
163,1569,4
163,105,1
163,2496,3
163,587,1
163,1735,4
163,1721,4
163,597,1
163,543,4
163,605,2
163,2572,4
163,708,2
163,3261,3
163,852,1
163,361,2
163,3081,2
163,555,4
163,539,2
163,2424,2
163,215,2
163,1680,1
163,440,4
163,2502,1
163,2108,2
163,357,2
163,1639,4
163,356,1
163,1777,2
2860,3686,3
2860,543,1
163,151,3
163,1183,2
2860,3101,4
2860,2176,3
2860,3546,2
2860,906,2
163,39,4
2860,2202,1
2860,3505,3
2860,2160,3
2860,1264,4
2860,2203,2
2860,1212,2
2860,928,4
2860,1035,4
2860,914,1
2860,918,3
2860,919,2
2860,2333,4
1448,2434,1
1599,3793,1
150,2160,3
150,1219,4
166,2478,2
150,3481,1
150,3755,1
150,1914,1
150,1673,4
150,531,1
150,279,1
150,3105,4
150,1183,3
150,1271,3
150,538,2
150,3386,4
150,480,4
150,2321,3
150,171,1
150,235,2
150,1678,3
150,1682,4
150,778,3
150,3108,3
150,628,4
150,345,3
150,150,3
150,1639,4
150,342,4
150,1393,3
150,2108,4
150,1923,1
150,2384,3
150,2890,3
150,1641,2
150,446,3
150,25,1
150,457,4
150,441,1
150,3499,3
150,1449,2
150,595,3
150,1358,2
150,1885,3
150,337,2
150,1095,2
150,1265,1
150,1192,3
150,2291,3
150,2357,2
166,1030,2
150,3163,4
150,1554,2
150,162,1
150,1094,4
166,2366,2
150,34,2
150,318,3
150,3260,2
166,2090,3
166,2137,3
150,994,3
150,759,3
150,2966,4
150,593,4
166,3673,4
150,1280,2
150,296,4
150,1188,1
166,609,1
166,3674,2
150,527,1
150,1617,2
150,608,3
166,1713,3
166,1367,4
166,3399,1
166,1021,2
150,2701,3
150,2987,1
166,2846,2
166,2139,3
166,1032,3
150,2763,1
166,2018,3
150,2700,3
150,3176,3
150,2396,1
150,3081,4
150,2395,1
150,2762,3
150,314,1
150,1513,4
150,2686,2
150,299,3
150,24,3
150,2013,3
150,1959,3
150,3325,4
166,473,3
150,2723,3
150,2734,4
166,88,2
150,3160,2
166,19,3
150,2690,2
150,3510,4
150,3578,1
150,2333,3
150,233,2
150,2712,2
150,2959,4
166,153,3
166,818,3
150,3408,3
150,2369,4
166,370,1
150,223,1
150,2355,3
150,2908,3
150,2997,1
150,2710,3
166,3392,2
166,3388,4
166,2794,4
166,203,1
150,2683,4
166,586,3
150,3004,2
166,2375,1
166,2014,1
150,2706,1
150,2858,3
166,1091,2
166,500,4
166,2796,3
166,3243,3
166,3450,3
166,2141,3
166,2072,4
150,3911,2
150,1210,2
150,663,1
166,344,2
150,1694,2
150,2023,3
150,1635,3
166,1377,3
166,2706,3
166,3712,3
166,2134,1
166,2301,1
166,663,2
166,785,1
166,3398,4
166,3809,1
166,1569,2
166,231,3
166,2622,1
166,141,2
166,104,2
166,2423,3
166,1297,4
166,585,2
166,1285,1
166,2918,1
166,1257,1
166,2791,4
166,324,2
166,1923,4
166,1192,2
166,1649,2
166,193,2
166,1529,2
166,984,3
166,2504,3
166,1416,1
166,372,3
166,2165,1
166,1051,1
166,2337,2
166,3478,4
166,948,4
166,1611,3
166,3480,1
166,1613,4
166,2702,4
166,805,1
166,3591,2
166,2420,4
166,1619,1
166,831,1
166,30,2
166,522,4
166,2427,2
166,1268,2
166,299,1
166,574,4
166,1784,4
166,2114,2
166,538,4
166,766,1
166,269,3
166,454,3
166,302,4
166,3071,1
166,3668,1
166,2712,1
166,2329,3
166,1885,2
166,175,4
166,3186,2
166,3526,4
166,300,3
166,2731,2
166,1682,2
166,1594,2
166,535,1
166,150,4
166,1298,4
166,1961,2
166,337,1
166,2890,4
166,3271,1
166,3160,3
166,1103,1
166,778,1
166,1673,1
166,1635,2
166,2313,4
166,2289,2
166,926,1
166,1213,1
166,2324,4
166,1225,3
166,1193,3
166,923,1
166,1208,3
166,1237,3
166,3489,2
166,2368,2
166,2717,1
166,1991,3
166,724,2
166,2517,1
166,2004,3
166,2513,3
166,3264,2
166,2746,2
166,3917,3
166,2003,4
166,1350,4
166,1997,3
166,2716,2
166,3499,3
166,1345,2
166,1258,3
166,517,3
166,3262,1
166,2752,2
166,1464,4
166,2413,2
166,2026,3
166,1515,4
166,3273,2
166,2263,4
166,3015,3
166,3249,4
166,3535,4
166,170,2
166,2803,2
166,2181,1
166,18,3
166,1092,4
166,1892,4
166,3176,4
166,3555,1
166,2176,4
166,2551,2
166,474,4
166,1343,1
166,2160,4
166,1994,4
166,3546,2
166,2202,3
166,3660,2
166,2450,4
166,2456,3
166,2053,1
166,3758,3
166,2012,3
166,788,4
166,2407,3
166,3033,2
166,2311,2
166,2011,2
166,2046,4
166,2346,1
166,3700,2
166,1909,4
166,1584,1
166,1921,3
166,2662,4
166,750,3
166,427,2
166,202,1
166,2629,4
166,3,4
166,2468,2
166,48,3
166,597,2
166,3259,2
166,2597,1
166,1339,4
166,3614,1
166,3081,4
3312,3859,4
166,2145,1
166,461,4
166,3261,1
166,708,1
166,1777,3
166,356,1
166,509,3
166,377,2
166,587,3
166,1721,2
166,764,2
166,1059,3
166,357,4
166,902,2
166,3044,1
166,1554,3
166,39,4
166,2020,2
166,1046,3
166,2291,4
166,265,3
166,1247,2
166,2248,3
166,922,4
166,3705,1
166,160,4
166,3401,4
166,2950,1
166,849,3
166,3672,4
166,1015,1
166,1779,1
166,2054,4
166,2470,1
166,2617,4
166,1127,4
166,2640,4
166,3412,1
166,2987,2
453,1265,1
453,1947,2
453,953,3
453,457,4
453,1240,2
453,1282,2
151,2041,2
151,2147,4
151,223,4
453,1147,3
453,1104,3
151,2908,2
151,3005,1
151,2976,3
151,2997,4
151,2710,2
151,2683,4
151,3179,4
151,2858,1
151,2572,1
151,3534,2
151,2642,4
151,2450,4
151,1375,1
151,610,1
151,2407,3
151,3698,2
151,2117,3
151,2011,3
166,2153,3
151,2140,2
151,1129,4
151,3527,4
151,1374,3
151,1127,1
151,2455,2
151,1097,2
151,3704,1
151,2985,1
166,1544,4
151,2968,4
151,1199,1
151,1210,2
151,1196,1
151,541,2
151,3703,1
151,1200,3
151,1240,3
1806,3528,1
1806,168,3
1806,2699,4
1806,2002,3
1806,1552,4
1806,3450,2
1806,204,4
1806,252,1
1806,786,2
1806,329,1
1806,2083,3
1806,2273,3
1806,253,2
1806,517,3
1806,362,1
1806,580,4
1806,1015,1
1806,317,4
1806,468,1
166,2367,3
166,1438,4
166,459,1
1806,2384,2
1806,1479,2
1806,216,3
1806,344,4
1806,1713,1
1806,292,4
166,736,1
166,3020,4
166,1876,1
1806,648,4
1806,1619,2
1806,802,1
1806,637,1
1806,2431,3
1806,1645,3
1806,3247,4
1806,2012,4
1806,442,1
1806,448,4
166,1320,4
166,1917,1
166,1608,2
166,1690,1
166,648,3
166,3623,2
166,3697,3
151,3793,3
1806,1801,4
1806,1370,3
1806,231,4
1806,1527,1
1806,339,2
1806,1441,2
1806,1616,4
1806,3809,4
166,288,2
166,3755,3
166,316,1
166,353,4
166,780,3
166,2405,3
166,733,3
151,172,2
151,2672,3
166,3107,1
166,2723,3
166,2406,4
151,327,2
151,849,4
1806,2393,3
166,1370,2
151,185,1
151,173,1
1806,368,2
166,3441,4
1806,1500,4
1806,1747,4
166,2414,2
151,3156,4
151,338,4
151,379,3
151,2986,3
151,3802,1
166,3740,3
166,2194,1
166,2115,3
1806,552,1
1806,1476,4
1806,2094,2
1806,1372,3
1806,2916,2
1806,553,3
166,3267,4
166,3578,3
166,2529,1
166,1387,3
166,457,2
1806,1653,2
1806,1855,3
1806,587,3
1806,377,1
1806,2058,3
166,1291,1
1806,1429,3
1806,349,1
1806,380,4
1806,21,3
1806,780,2
1806,1678,3
1806,1517,4
1806,500,2
1806,1907,4
1806,539,4
1806,2321,1
1806,163,2
1806,2125,2
1806,2294,1
1806,300,3
1806,1721,3
1806,39,2
1806,595,4
151,1831,2
151,1391,1
1806,104,3
1806,356,3
1806,480,2
1806,337,1
1806,2268,3
1806,590,3
151,748,4
151,1779,1
151,24,2
151,1320,1
1806,1784,4
1806,1704,2
1806,1411,2
1806,2501,4
1806,2324,4
1806,671,3
1806,3452,1
1806,3515,4
151,671,4
151,788,3
151,1876,4
151,1676,4
151,780,3
151,1748,2
151,1580,2
151,1653,4
151,480,4
151,1584,1
151,1527,3
151,29,3
151,589,3
151,1175,4
151,1306,4
151,2571,3
151,32,1
151,3688,2
151,3584,3
151,1291,3
151,2953,1
151,1270,2
151,2718,4
151,3948,2
151,1100,4
151,2628,1
169,5,4
1186,3024,2
1186,2789,3
1186,2459,1
1186,1345,1
1186,1327,3
1186,1991,1
1186,2451,4
1186,3021,1
1186,2121,1
1186,2163,3
1186,610,2
1186,2517,1
1186,2003,1
1186,3939,1
1186,3837,4
1186,3016,3
1186,12,1
1186,196,3
1186,2338,2
1186,842,4
1186,1336,4
1186,273,2
1186,1644,2
1186,2328,4
1186,1168,1
1186,1690,4
1186,879,1
1186,177,2
1186,2710,1
1186,1717,1
1186,2279,1
1186,3264,4
1186,1355,3
1186,1320,2
1186,1339,1
1186,3839,3
1186,253,3
1186,3624,3
1186,3409,3
1186,3747,3
1186,3481,4
1186,2527,1
1186,1580,1
1186,2533,3
1186,1129,3
1186,2455,1
1186,1965,4
1186,1909,2
1186,2011,2
1186,1748,2
1186,3576,3
1186,2666,4
1186,1210,1
1186,3703,2
1186,541,4
1186,3153,1
1186,2021,4
1186,2797,3
1186,2872,1
1186,1073,4
1186,3785,3
1109,3896,2
2105,2040,3
2105,2409,3
2105,1011,3
2105,1371,3
4294,3821,1
2105,1380,2
2105,3812,2
2105,3702,3
2105,1278,1
2105,1345,3
2105,1997,4
2105,1263,3
2105,2439,3
2105,3911,2
309,3421,2
306,3898,3
306,3893,3
306,3916,4
5872,3745,3
5872,2792,1
5872,266,3
5872,3578,4
5872,524,2
5872,3793,2
5872,2791,4
5872,111,4
5872,2889,4
5872,2966,4
5872,3189,2
3428,1732,4
3428,3536,1
387,3932,3
387,2716,4
387,1333,1
387,1219,3
387,2648,4
157,185,3
157,1306,1
157,2532,3
387,1702,1
387,2021,4
387,3489,3
157,2288,4
157,3527,1
157,1199,4
387,2193,3
387,2628,4
387,3479,2
387,2,3
387,1073,4
387,2968,4
387,2872,3
387,367,1
387,2797,2
387,260,2
387,2174,4
387,2100,1
157,2067,4
387,2390,1
387,1569,3
387,539,4
387,468,3
387,11,2
387,597,2
387,3426,2
387,852,1
387,3108,1
387,151,1
387,2006,1
387,2291,1
387,1393,2
387,1408,2
387,17,1
387,497,4
387,1188,1
387,1094,1
387,357,2
387,2396,2
2478,2804,2
1383,215,4
2120,70,3
2120,1665,3
2120,2683,2
2120,2694,4
2120,333,4
2120,2723,4
2120,3869,1
2120,784,1
2120,216,1
2120,2539,1
2120,3450,1
2120,785,4
1164,1186,2
1164,2575,3
1164,1095,3
1164,3418,1
2120,2124,4
2120,543,3
2120,1020,3
1164,1096,3
1164,1961,3
2120,104,2
2120,231,1
2120,1732,1
1164,3271,2
1164,300,3
1164,3330,1
1164,2329,2
1164,3260,1
1164,2966,2
1164,3100,4
2120,1777,4
2120,1883,3
1164,3783,2
1164,2289,3
2120,2879,1
1164,211,3
1164,1962,3
1164,971,4
1164,953,2
1164,307,4
1164,1412,1
1164,36,3
1164,2501,1
1164,1185,1
1164,296,1
1164,247,2
1164,1203,3
1164,3362,3
1164,1413,4
1164,1225,3
2120,1517,4
1164,527,1
1164,923,1
1164,1116,4
1164,858,1
1164,2427,1
2120,223,1
1164,3949,4
846,3150,2
1284,3534,4
1284,1191,3
1284,2494,3
1284,206,4
1284,3281,3
1284,3653,2
3200,3948,4
1284,2064,4
1284,1050,3
1284,2693,2
1284,162,4
1284,3717,1
1284,3821,1
1284,3646,2
1284,3326,2
1284,3299,3
1284,3177,3
1284,3536,2
1284,3565,1
1284,804,2
1284,144,4
242,2018,1
242,595,1
152,1500,1
152,663,3
152,1278,3
152,2599,1
152,2791,3
152,1259,1
152,1197,1
152,1276,3
242,3528,3
152,223,2
152,1,4
152,1136,3
152,1884,1
152,2396,4
152,2716,2
152,3114,3
152,180,2
152,2804,3
152,3255,3
5539,1250,4
242,3173,3
152,1968,4
152,1753,2
5539,266,2
242,2639,1
152,1721,4
152,10,1
242,1693,4
152,2279,2
5539,480,1
152,839,4
5539,2160,1
242,724,2
242,3270,2
242,2313,2
242,1246,2
242,3526,3
242,3222,1
242,440,3
242,1059,1
242,2195,4
242,272,4
242,3071,3
242,1704,2
242,1193,3
242,2959,2
242,1299,4
242,1207,3
242,3271,2
242,3814,4
242,1963,1
242,1078,4
242,3160,3
242,261,2
5675,2596,4
242,3176,1
392,3087,3
392,2572,1
392,1088,3
392,1380,1
392,1947,1
392,595,3
392,900,4
392,919,4
392,1288,3
392,2478,1
392,303,2
392,590,1
392,3671,1
392,553,1
392,1266,2
392,599,3
392,3030,2
392,951,2
2116,3483,3
153,3617,1
153,2706,1
153,3484,1
153,2572,4
153,2858,2
1448,3041,2
1448,1996,4
153,3660,3
153,1005,4
153,3253,1
153,325,1
1448,2119,2
153,3173,1
1448,3391,1
1448,1326,4
1448,3843,2
1448,2878,1
1448,1381,2
1448,2786,1
1448,3766,3
1448,2380,2
1448,2450,4
1448,3690,3
1448,2456,3
1448,1995,1
153,673,1
1448,3331,4
1448,2950,3
1448,3689,4
1448,1971,1
1448,3716,4
1448,3392,1
1448,3715,2
1448,2473,4
1448,2147,4
1448,2945,1
1448,3577,4
1448,2733,4
1448,1983,4
1448,2408,1
1448,3017,3
1448,2668,1
1448,3388,3
1448,2846,4
1448,2815,2
1448,2088,3
1448,1991,3
1448,2372,3
1448,2378,4
208,1394,4
1448,3385,1
1448,3206,2
1448,2264,3
1448,2413,2
1448,2054,2
208,2324,2
208,1136,1
208,1148,1
208,1921,4
154,951,4
154,2948,3
154,1248,2
154,1250,3
154,1249,3
154,2791,1
154,1282,2
208,541,4
208,736,1
154,2580,3
154,2333,3
154,2688,4
154,3175,3
154,3578,2
154,2716,2
208,648,3
208,380,2
154,2712,4
154,3159,4
154,2959,3
154,2428,3
208,590,3
208,1580,3
208,480,4
154,2336,3
154,2599,2
154,2759,2
154,3543,1
154,2369,1
154,1093,4
154,2433,4
154,3203,2
154,3751,4
154,2771,4
154,2770,4
154,2355,3
154,3298,2
154,2997,1
154,2710,3
154,3285,4
154,2683,4
154,2707,2
154,2858,1
154,1127,3
154,2826,1
154,3754,4
1448,2255,1
1448,2072,4
1448,3389,1
1448,2517,2
1448,2792,4
1448,2639,2
1448,2787,4
1448,3688,1
1448,1091,2
1448,3497,4
1448,3525,4
1448,2735,4
1448,2752,2
1448,2416,2
1448,2472,2
1448,2513,3
1448,3014,3
1448,3394,4
1448,3846,2
1448,2143,2
1448,1088,1
1448,3619,4
1448,2257,3
1448,2418,4
1448,1587,4
1448,2470,2
1448,2405,1
1448,2375,3
1448,2146,3
154,2653,3
154,858,3
154,1196,4
154,2334,4
154,1912,1
2362,3786,1
2362,3538,1
2362,3302,4
2063,3617,1
2106,295,1
1448,2241,1
1448,2005,1
1448,3529,1
1448,2133,4
1448,2796,3
1448,3740,1
1448,2240,1
1448,3524,4
1448,2069,1
1448,3501,2
1448,2134,3
1448,3087,4
1448,2011,3
1448,2371,3
1448,2400,3
1448,2247,4
1448,2262,3
1448,2474,4
1448,2751,3
1448,3491,1
1448,3608,3
1448,3397,2
1448,3770,2
1448,2518,2
1448,1967,1
1448,2985,3
1448,2111,4
1448,2407,3
1448,2100,2
1448,2161,2
1448,1286,3
1448,2104,1
1448,2457,1
1448,1081,1
1448,2852,3
1448,3308,4
1448,2795,3
1448,3071,1
1448,3699,2
1448,3552,2
1448,3111,4
1448,2463,4
1448,2174,2
1448,2144,4
1448,1663,4
1448,3398,1
1448,2915,3
1448,3039,2
1448,2797,3
1448,3586,4
1448,1960,3
1448,1257,1
1448,1285,2
1448,3210,1
1448,1246,4
1448,2791,3
225,392,3
225,2291,2
225,1845,4
225,1639,3
225,551,4
225,3078,2
225,357,3
225,1183,3
155,3742,4
1448,1259,1
1448,2070,2
1448,3543,1
1448,2918,2
1448,1288,4
225,272,2
225,1357,3
225,3499,3
155,924,3
225,1678,4
225,1034,3
225,345,3
225,2442,2
225,222,2
3462,3578,1
155,1247,4
155,2067,3
225,300,3
225,58,2
225,2883,4
225,483,3
225,1610,1
155,110,2
225,364,3
225,474,4
225,988,4
225,1897,3
3462,3671,4
225,215,4
225,1050,2
225,97,2
225,523,2
225,342,3
155,3471,1
1448,3361,2
155,1704,2
155,296,2
225,3662,2
225,1,3
225,110,1
225,32,4
225,1119,1
225,3260,1
225,3246,4
225,831,4
225,3100,3
225,457,3
225,1392,1
155,1208,3
225,3466,1
225,589,1
155,2728,4
155,1227,2
1448,1270,2
1448,1079,4
225,2693,4
225,2330,4
155,2028,1
1448,1307,3
1448,3072,4
1448,1302,2
1448,1197,3
1448,3360,2
225,3562,1
155,1221,1
155,3415,3
1448,1199,3
1448,2348,1
1448,1228,4
225,3324,1
155,593,2
225,3452,3
1448,3068,1
1448,2248,1
1448,1394,1
1448,1299,1
155,3470,2
225,3751,3
225,3010,4
155,2383,1
155,19,2
155,1474,2
155,3884,3
155,2381,3
155,2380,1
155,2953,2
155,4,3
155,432,3
155,1581,3
155,3248,4
155,2829,1
155,2252,4
155,420,1
155,2379,1
155,3821,3
155,2574,2
155,355,4
155,784,1
155,520,4
155,256,3
155,2471,1
155,2717,3
1448,3535,1
155,5,3
155,1405,4
155,370,3
155,2735,2
155,2136,1
155,231,3
155,3500,2
155,3525,2
155,637,3
155,2054,4
155,1457,1
155,586,2
155,236,1
155,2683,3
155,2539,1
155,410,4
155,3450,1
155,2134,3
155,3263,2
155,2622,2
1448,3301,3
155,587,2
155,1380,1
1448,3861,4
155,2424,4
155,552,3
155,1485,3
155,934,1
624,2231,2
155,2496,2
155,2407,1
155,367,1
155,2301,4
155,1081,1
155,2124,3
155,3157,3
624,1365,3
155,141,1
155,3618,3
155,2470,3
155,3175,3
155,1580,1
155,2245,4
155,3868,4
155,1883,2
155,1784,4
155,2324,1
155,21,2
155,1265,1
155,2396,2
155,3253,4
155,357,3
155,1294,3
155,3307,2
155,3629,2
1551,2819,1
155,199,3
155,1193,3
155,1196,1
155,2291,4
155,858,4
155,2605,3
156,930,3
156,1197,3
156,3244,2
156,914,2
156,1307,1
156,2067,4
156,1944,4
156,1247,1
156,265,4
156,920,3
156,17,1
156,899,1
156,916,4
156,928,4
156,912,2
156,2875,3
156,2749,3
156,1422,2
156,1092,4
156,1459,4
156,3251,4
156,1892,4
156,350,2
156,3386,2
156,1625,3
156,1711,3
156,1086,4
156,1617,2
156,86,1
156,3114,1
156,2763,2
156,3798,4
156,3176,2
156,2961,2
157,3334,4
157,930,3
157,3683,1
157,1267,1
157,1284,1
156,3185,2
157,922,2
157,1252,1
157,3435,4
157,913,2
156,2670,2
156,2013,1
156,2598,2
156,2490,1
156,3753,3
156,1959,4
156,3219,4
156,2805,4
157,524,3
156,2688,1
156,2716,3
156,2605,1
156,2599,4
156,3408,2
157,1249,4
157,1250,4
157,1282,4
157,2948,1
156,2881,1
2962,316,3
2962,674,4
2962,2311,2
2962,1391,2
2962,2528,3
2962,2495,1
2962,3033,1
2962,1909,2
2962,3269,3
2962,1375,3
156,2433,4
157,2959,4
156,3004,3
157,2255,4
157,485,2
157,2375,2
157,2473,1
157,784,1
157,2574,4
157,3395,2
157,237,3
157,2259,3
156,140,3
156,1593,4
156,2316,4
156,236,3
157,3394,3
156,3528,1
156,1353,4
156,7,3
156,2558,4
157,1588,2
157,3688,3
156,378,2
156,1597,3
156,46,4
156,2331,4
157,2374,4
4523,266,2
157,2796,1
156,1183,4
156,779,2
157,1513,3
4523,3513,2
156,105,2
156,2497,2
156,1409,2
156,736,4
157,3928,1
157,1135,4
157,1091,3
156,380,1
156,1043,2
156,3269,3
157,7,1
157,3618,2
157,3497,3
157,1701,2
156,1735,4
156,266,4
156,468,4
156,838,3
157,639,2
157,1057,3
157,1367,3
157,3812,4
156,2424,2
156,252,2
156,2006,2
156,1835,4
156,539,4
157,3525,4
157,3199,4
157,597,1
157,2416,1
157,1614,1
157,564,2
157,2418,2
156,1721,1
156,222,4
156,1680,4
156,1569,3
157,2262,3
157,2369,3
156,534,3
156,3155,2
156,58,3
156,339,2
156,1683,2
157,372,2
157,371,4
157,3450,3
157,2469,1
156,509,4
156,11,1
156,2671,1
156,597,4
157,1395,1
157,3157,1
157,224,1
157,1378,2
157,1194,4
157,368,4
156,2291,2
156,151,2
156,25,1
156,3044,4
157,539,2
157,3591,1
156,377,3
157,2424,4
156,1393,2
157,144,3
157,2371,4
156,1912,1
157,1958,2
157,2247,1
157,417,2
157,3507,3
157,2750,2
157,141,2
156,356,1
157,2295,2
157,1476,1
157,2150,3
156,3712,3
156,492,3
156,3614,4
157,3040,3
157,2245,2
157,3263,3
157,2110,3
157,2539,4
157,1711,1
157,2109,3
156,3809,3
156,2302,3
156,1042,1
157,1732,2
157,471,1
157,2145,2
157,11,1
157,52,1
157,514,3
157,1081,2
157,3422,2
157,2100,4
157,2302,4
156,440,3
157,3244,3
157,3200,2
157,352,1
156,3175,3
157,3358,3
156,3255,3
156,3108,2
156,1641,2
156,3874,1
156,1923,1
157,3253,2
157,3760,2
156,21,4
156,357,4
157,2065,1
157,2243,2
156,342,1
156,1500,2
157,2349,3
157,3255,2
157,2395,3
156,2359,1
156,588,3
157,1078,3
157,1883,2
156,1265,4
157,3210,3
157,2078,2
157,3873,2
157,3052,3
157,348,1
157,3308,4
156,2396,3
156,2997,2
157,1171,4
157,3448,2
157,3039,3
156,1,2
157,2915,1
157,3608,3
157,2918,4
157,3671,2
157,2791,3
157,1923,3
157,3361,2
2415,3578,3
156,2399,1
157,909,4
157,1663,3
157,2716,3
157,588,1
157,2080,2
157,3685,3
156,804,2
157,1273,4
157,3088,4
157,3035,4
157,1288,1
157,232,3
156,3513,4
157,1256,4
157,2000,2
157,3814,3
157,2977,4
157,955,4
156,490,1
156,3675,3
156,70,1
156,648,3
156,524,4
157,1278,3
157,3072,4
157,3543,3
157,3424,3
157,2352,1
156,144,3
157,3362,3
157,2248,1
157,1307,4
157,1079,4
156,1466,1
156,2791,3
157,1223,4
157,1265,2
157,2064,3
157,2300,3
157,3421,1
157,1238,3
157,1269,1
157,1,2
514,3911,2
514,3917,4
514,3918,2
514,3919,1
156,3481,1
156,951,1
157,1244,4
157,2396,2
157,1294,4
157,921,2
157,1304,2
157,1292,2
156,1250,1
157,1230,4
157,1235,4
157,3114,4
156,2858,2
157,3504,1
157,3037,1
157,2997,3
157,2973,4
157,1276,2
157,910,2
157,3030,2
157,1136,2
156,2724,2
156,586,4
156,3551,2
156,3271,2
156,1230,2
157,1148,3
157,2851,4
156,527,1
156,2266,4
156,3101,4
157,2373,4
157,673,2
157,208,1
157,552,1
157,2405,2
157,2735,3
157,1371,4
2962,2613,4
2962,1690,3
2962,2009,4
2962,2094,3
2962,2554,3
2962,2393,3
2962,2105,4
2962,2699,1
2962,2288,3
157,2088,2
157,3834,1
157,3672,3
2962,2346,1
2962,3926,3
2962,1205,1
2962,1129,2
2962,2454,3
2962,748,2
2962,3698,4
2962,780,4
157,2013,1
2962,3927,2
2962,1372,4
157,464,1
157,2,3
157,2135,4
2962,968,4
2962,329,1
2962,1376,1
2962,3770,1
2962,610,2
157,1587,2
2962,198,3
2962,3701,1
157,1375,4
157,2414,1
157,3412,4
157,674,2
157,2470,2
157,3036,3
157,2193,2
2962,1580,3
2962,2657,4
2962,3827,3
2962,2851,2
2962,2455,3
2962,3660,3
2962,1876,1
157,3494,2
157,1615,3
157,2406,4
157,2344,4
157,2115,4
157,3479,3
157,3104,1
157,1073,3
157,1275,1
157,1287,1
157,2871,1
157,1197,2
157,1303,2
157,2987,4
157,1291,2
157,940,3
157,1259,4
157,969,2
157,2905,4
157,3168,3
2962,1527,1
2962,2529,1
2962,2916,4
2962,480,2
2962,2407,3
2962,1921,4
157,1198,4
157,1254,1
157,1262,2
2962,3704,2
2962,1356,2
2962,1396,2
2962,1374,2
2962,2553,4
2962,2363,4
2962,2527,2
2962,2287,3
157,1617,1
157,164,4
157,2613,2
2962,2116,1
2962,2662,1
2962,1334,2
2962,3702,4
2962,1127,2
2962,3700,4
2962,1573,1
2962,2656,4
157,2533,3
157,2311,4
157,3032,1
2962,2117,2
2962,2600,3
157,3698,1
2962,1270,4
2962,3527,3
2962,1077,2
2962,1210,3
2962,1584,1
2962,3703,3
2962,1215,2
157,1391,2
157,2657,2
157,2011,4
157,2527,2
157,2105,1
157,3704,3
157,1376,2
157,2407,1
157,2640,1
157,1372,1
157,2021,2
157,198,3
157,1356,2
157,1129,3
157,610,2
157,2009,4
157,2985,4
157,1580,3
157,1396,2
157,3699,2
157,2968,4
157,968,2
157,3175,1
157,1374,2
157,2529,3
157,2455,3
157,1077,1
157,3700,2
157,1921,4
157,1097,2
157,1210,2
157,1301,3
157,1127,4
157,1965,3
157,3070,3
157,3702,4
157,3703,3
157,3471,3
157,1240,2
157,1200,4
157,1270,1
157,1206,2
157,924,1
157,541,4
157,750,4
157,260,4
157,1214,4
157,1196,1
5722,1198,3
5722,1293,4
5722,293,2
5722,3100,1
5722,1287,2
5722,1231,3
5722,3089,4
5722,900,1
5722,2202,4
5722,930,2
5722,3719,1
5722,759,1
5722,2550,3
157,1187,2
157,538,4
157,271,1
5722,2159,2
5722,1704,3
5722,965,3
5722,1956,2
5722,235,1
5722,2488,2
5722,2708,4
5722,1089,4
5722,3068,2
157,531,2
157,428,3
157,1721,1
5722,1358,1
157,3100,4
157,1653,2
157,1271,1
5722,1090,3
157,1840,1
5722,3703,2
5722,2969,2
5722,296,4
157,2268,3
157,281,3
5722,318,3
5722,994,4
5722,1084,1
157,194,4
157,590,3
157,161,2
157,1678,3
157,1535,4
157,1584,3
5722,1213,2
157,3723,2
157,515,1
157,1120,3
157,300,1
5722,1394,4
5722,1196,4
5722,2130,1
5722,3083,1
5722,919,1
157,16,4
157,1179,1
157,1747,2
157,3426,2
5722,306,1
157,2890,3
5722,2693,3
5722,1952,4
157,3108,2
157,1095,1
157,235,4
157,1094,2
157,151,1
5722,1502,2
5722,908,4
5722,1247,4
157,535,4
157,1834,2
157,1639,3
157,314,1
157,3105,4
157,1393,3
5722,3789,2
5722,924,1
5722,877,4
157,3246,4
5722,1207,3
157,1784,4
157,150,1
5722,162,2
5722,928,3
5722,903,3
5722,1225,1
157,36,3
157,1673,2
157,1245,4
5722,904,1
5722,608,2
5722,3683,1
157,529,2
157,800,2
5722,1219,1
5722,527,4
157,994,2
5722,1267,2
5722,1260,1
5722,308,1
5722,750,3
157,34,4
157,1704,2
157,265,1
5722,745,3
5722,2324,1
157,2289,1
157,2858,2
157,608,2
157,1213,2
157,318,2
5722,593,4
5722,1175,3
157,316,2
157,1876,1
157,736,4
157,1320,4
157,442,2
157,2393,4
157,3697,3
157,2881,1
157,95,2
157,2334,3
157,292,4
157,1385,4
157,3020,3
157,376,3
157,288,3
157,165,3
157,2763,4
157,507,3
157,3274,1
157,1608,1
157,1518,2
157,1552,2
157,1676,2
157,329,1
157,780,4
157,2628,4
157,494,1
157,1690,1
157,2023,4
157,349,4
157,1573,1
157,733,1
157,3418,3
157,2699,4
157,377,3
157,2058,3
157,480,2
157,2006,1
157,1610,1
157,1788,4
157,6,3
157,2427,4
157,474,4
157,1370,1
157,3256,3
157,21,3
157,2278,2
157,110,1
157,2028,4
157,2916,3
157,3267,3
157,457,4
157,2571,4
157,589,4
157,1233,4
157,648,2
157,3555,4
157,3751,2
725,2599,4
725,1084,1
725,296,3
725,969,3
725,3462,2
157,276,2
157,2863,1
157,380,2
157,356,3
157,858,1
725,1225,3
725,1299,3
725,1296,1
725,1089,4
725,1104,2
725,3067,1
5722,1237,1
5722,2019,1
5722,2203,3
5722,922,1
5722,2441,3
5722,923,3
5722,3134,4
725,1230,2
725,1203,1
725,3811,2
5722,297,2
5722,1998,3
5722,716,3
5722,3804,2
5722,2367,3
5722,1388,2
5722,2923,1
5722,1371,2
5722,2013,4
725,1953,3
725,899,2
5722,1380,3
5722,1327,3
5722,2177,4
5722,2014,4
5722,1194,1
5722,2789,3
5722,3729,3
5722,3015,2
5722,1007,4
5722,3638,4
5722,3812,2
2962,32,4
2962,924,1
2962,2010,3
2962,1175,1
2962,1653,4
2962,3576,4
725,3746,4
725,1196,2
725,615,1
725,912,4
725,1252,1
5722,3671,2
5722,3769,2
5722,3622,4
5722,3760,1
2962,1306,3
2962,2664,3
2962,3696,4
2962,3471,2
2962,1214,4
2962,1200,2
2962,1206,1
2962,680,3
5722,2137,4
2962,1253,3
2962,1196,4
2962,3932,3
2962,750,1
2962,1199,3
2962,2660,1
2962,3417,3
2962,2571,3
5722,3702,4
5722,3814,3
2962,2203,2
2962,164,2
2962,2987,1
2962,1783,4
2962,707,3
5722,1191,4
5722,1421,2
5722,1856,1
5722,3142,4
2962,1344,3
2962,2940,1
2962,3683,2
2962,3706,3
2962,3364,2
2962,1069,2
2962,1179,2
5722,3327,4
5722,1111,4
2962,3334,2
2962,913,2
2962,930,3
2962,2186,3
2962,2727,4
2962,942,2
2962,1260,1
2962,1252,4
2962,1248,4
2962,2066,4
5722,363,2
5722,549,2
5722,3677,1
5722,1649,4
5722,1289,1
5722,3859,4
5722,1189,1
5722,1050,1
5722,2859,2
725,608,4
5722,1361,1
5722,246,4
5722,3865,2
5722,2521,2
5722,2522,2
5722,2536,1
5722,3430,2
5722,2524,4
5722,3506,4
5722,2409,2
5722,3167,3
5722,3676,3
5722,3724,3
5722,3733,3
5722,3738,2
5722,3741,4
5722,3735,1
5722,3730,4
5722,3354,2
5722,3786,4
5722,1249,3
5722,3556,2
2962,3753,1
5722,3747,2
5722,3509,4
5722,3908,3
5722,3895,2
5722,3900,2
5722,3946,2
4465,265,2
4465,1185,3
5722,3893,3
5722,3911,3
4465,3418,1
4465,1719,1
5722,3910,1
5722,3897,2
5722,3949,2
5722,3903,2
5722,3553,1
5722,3286,4
5722,804,2
5722,2792,4
5722,2241,4
5722,3409,1
5722,3753,4
5722,144,4
5722,1286,1
5722,524,1
5722,480,3
5722,277,2
5722,3755,4
5722,661,2
5722,490,1
5722,3751,2
5722,1171,1
5722,3627,4
5722,2948,4
5722,1466,2
5722,551,3
5722,2966,1
5722,1250,4
5722,1248,3
5722,3626,2
5722,2160,3
4465,3089,2
4465,2360,3
5722,2964,4
1501,991,1
1501,2106,4
1501,1183,4
158,1204,2
158,1252,4
158,1812,4
158,1267,3
158,926,1
158,111,1
158,858,2
1501,161,1
1501,1960,1
1501,3035,2
1501,920,3
1501,527,1
299,556,4
1501,487,4
158,1262,3
1501,2055,1
158,923,2
158,1284,2
158,2019,3
158,2973,3
158,922,3
158,73,1
158,239,2
158,3435,4
1501,1266,4
158,3713,4
1501,2017,2
1501,3489,4
1501,653,1
158,943,2
158,912,1
158,1998,4
158,2717,2
158,376,2
3624,3578,2
3624,1976,4
3624,3354,2
3624,277,3
3624,3918,4
3624,3755,3
3624,2135,1
3624,1286,2
3624,648,1
3624,3481,3
3624,2791,2
3624,2948,2
1260,2763,2
1260,1092,2
1260,2118,2
1260,3102,4
1260,1129,2
1260,1841,4
1260,2764,3
1260,2058,2
1260,349,4
1260,3203,3
1260,933,3
1260,3101,3
1260,1834,3
1260,16,4
1260,373,3
1260,628,4
1260,161,4
1260,3505,2
1260,293,3
1260,3147,4
1260,474,1
1260,1674,1
1260,2542,1
1260,1249,4
1260,908,3
1260,1358,4
1260,589,3
1260,3551,4
1260,2762,3
1260,383,4
1260,1378,2
1260,3508,3
1260,368,1
1260,2922,2
1260,2401,1
1260,2921,2
1260,3074,4
1260,590,2
1260,3681,2
1260,1266,2
1260,1262,2
1260,144,4
1260,2791,1
1260,1171,2
1260,1405,1
1260,2138,3
1260,2137,1
1260,1907,2
1260,1223,3
2915,1676,1
2915,2028,1
2915,1242,4
453,3108,2
1599,211,1
187,1907,4
187,2546,3
187,2621,2
187,2046,4
187,783,4
187,551,1
187,3450,3
187,2490,1
187,2710,4
187,339,1
187,1777,1
187,766,1
187,663,2
187,2671,1
187,1841,3
187,3247,1
187,2025,1
187,2236,1
187,271,4
187,231,2
187,1425,4
187,3263,3
187,14,3
187,35,3
187,480,2
187,2108,3
187,62,3
187,492,2
187,242,1
187,2575,3
187,187,1
187,2353,2
187,364,3
187,288,4
187,1610,4
187,1517,1
187,1542,1
187,2302,1
187,351,3
187,753,3
187,2250,4
187,2687,2
187,301,3
187,1650,2
187,367,2
187,1057,3
187,377,2
187,3105,2
187,2759,1
187,1614,3
187,2572,3
187,1573,3
187,2155,2
187,986,1
187,3129,2
187,1896,1
187,3118,2
187,3476,2
187,1629,1
187,1119,2
187,2434,3
187,171,2
187,1061,1
187,1580,1
187,426,1
187,3052,2
187,1268,4
187,125,1
187,590,3
187,2502,3
187,1725,2
187,1465,1
187,2542,4
187,3252,1
187,1589,1
187,72,2
187,3148,3
187,3426,2
187,1660,3
187,448,2
187,52,4
187,2583,4
187,1914,4
187,647,2
187,3253,4
187,555,2
187,1441,3
187,1054,2
187,671,1
187,412,2
187,84,3
187,2712,2
187,3271,2
187,1392,1
187,543,4
187,3255,2
187,2443,1
187,1407,3
187,457,1
187,1643,4
187,3711,2
187,431,1
187,440,1
187,803,3
187,3499,2
187,1732,2
187,1120,4
187,2442,3
187,144,1
187,685,3
187,357,1
187,3077,4
187,279,4
187,515,3
187,471,4
187,83,4
187,1923,3
187,3386,4
187,2883,2
187,1500,3
187,2321,4
187,595,2
187,1034,4
187,523,4
187,2006,3
187,1810,2
187,2580,3
187,39,2
187,428,3
187,1747,1
187,3008,4
187,2159,4
187,508,3
187,2359,4
187,1883,2
187,1271,4
187,556,4
187,493,3
187,1694,4
187,2686,3
187,2276,2
187,101,4
187,3159,2
187,25,1
187,2384,3
187,2571,2
187,778,4
187,2289,4
187,2762,4
187,3267,1
187,1,1
187,1785,4
187,1682,1
187,589,1
187,2611,4
187,1641,3
187,47,4
187,2396,3
187,2395,1
187,1265,3
187,573,1
187,994,1
187,1041,1
187,720,4
187,1719,3
187,2391,3
187,1188,2
187,2599,2
187,162,4
187,2908,1
187,800,4
187,1233,2
187,1446,1
187,296,4
187,1617,2
187,318,2
187,2858,4
187,50,4
187,2689,2
187,1856,4
187,1191,4
187,2693,3
187,1050,3
187,3007,3
187,2677,3
187,3281,2
187,1192,1
187,1189,3
187,1649,1
187,2064,4
187,1147,3
187,246,2
187,3299,4
187,3565,4
187,3286,4
187,3821,2
187,3646,1
187,3534,4
187,3320,2
187,3852,2
187,3618,4
187,3785,4
187,3566,2
187,3536,3
187,3241,4
187,3751,4
187,3481,1
1274,3176,4
1274,3160,1
1274,2791,1
1274,1249,2
161,3039,3
161,2022,4
161,1408,3
161,2268,4
161,1554,4
161,1834,2
161,952,4
161,3071,3
161,1500,2
161,553,3
161,1784,1
161,2797,1
161,1955,4
161,230,1
161,1094,3
161,3471,2
161,1271,1
161,3507,1
161,6,4
161,538,1
161,1729,3
161,2401,4
161,848,2
161,2071,1
161,3386,2
161,3111,3
161,1393,1
161,3684,1
161,2371,1
161,425,3
161,2150,1
161,3481,4
161,3526,2
161,2571,4
161,2988,2
161,1343,3
161,523,1
161,2455,2
161,2857,4
161,101,4
161,2144,3
161,83,3
161,2018,1
161,2104,1
161,1305,4
161,991,4
161,3700,1
161,293,2
161,596,1
161,2344,4
161,1096,2
161,2391,2
161,342,3
161,1302,2
161,3685,3
161,778,4
161,2929,2
161,728,1
161,47,3
161,1210,4
161,34,4
161,1883,3
161,1270,4
161,766,2
161,175,1
161,602,4
161,1234,1
161,3360,1
161,85,3
161,32,3
161,3836,4
161,1354,4
161,2096,2
161,2359,2
161,3328,4
161,357,4
161,2565,1
161,3260,3
161,2065,3
161,515,3
161,3421,4
161,1273,1
161,1262,4
161,441,1
161,3925,3
161,3114,3
161,3267,2
161,3521,3
161,1633,3
161,2076,2
161,2682,1
161,3203,2
161,3135,3
161,440,2
161,3200,1
161,3671,4
161,337,3
161,914,3
161,1965,3
161,1242,1
161,345,4
161,1913,1
161,2020,1
161,2202,1
161,1639,4
161,1200,1
161,2915,1
161,2028,1
161,2890,2
161,3019,2
161,3357,3
161,2070,2
161,1960,2
161,1183,1
161,2243,2
161,2130,4
161,3035,2
161,3007,2
161,1208,4
161,3873,1
161,1179,1
161,1947,4
161,3699,4
161,58,2
161,1086,1
161,3426,1
161,3823,4
161,363,1
161,3418,4
161,1253,1
161,1276,1
161,265,2
161,2677,3
161,3072,4
161,45,1
161,1073,1
161,2762,4
161,39,2
161,2067,3
161,921,3
161,1956,4
161,1259,4
161,2947,4
161,1186,2
161,3160,3
161,1387,3
161,373,4
161,1283,3
161,2398,1
161,953,3
161,281,4
161,1954,4
161,2700,2
161,1263,4
161,1304,4
161,1231,3
161,1307,1
161,2330,3
161,1635,1
161,2866,1
161,3198,3
161,25,1
161,1719,3
161,527,2
161,2366,2
161,2068,4
161,1674,4
161,2918,3
161,2664,1
161,3077,2
161,556,3
161,260,2
161,1333,1
161,3359,3
161,1213,4
161,36,4
161,2357,4
161,2599,1
161,1300,3
161,2360,1
161,1225,4
161,318,2
161,1198,4
161,994,1
161,154,3
163,1274,2
161,2946,3
163,2965,1
163,502,4
161,1136,1
163,2568,3
163,2422,1
163,2835,2
161,1084,2
161,3461,2
161,2858,3
161,3746,2
163,694,3
163,1556,2
163,3268,3
161,1294,1
161,1207,1
163,71,1
163,2170,4
163,611,3
163,160,4
163,1562,1
163,2153,1
161,307,2
163,3766,3
163,546,4
163,2404,3
163,839,4
163,692,4
163,405,3
161,3788,1
161,2804,2
163,2402,2
163,2549,3
163,3439,3
163,172,2
161,3330,1
163,2322,2
163,809,2
163,2253,1
163,688,1
163,1497,1
163,1627,3
163,1388,2
163,360,1
163,737,4
161,670,3
163,2625,1
163,2642,4
163,1882,4
163,1869,3
163,1762,4
161,193,2
163,98,1
163,849,3
163,704,2
163,170,2
163,1590,4
163,3440,1
161,1957,1
161,1266,3
161,3871,3
163,1599,2
163,20,3
163,2421,4
161,549,1
160,1544,4
161,2333,3
161,17,4
161,1730,3
163,173,2
163,459,2
163,423,3
163,315,3
163,1606,4
163,1681,3
163,3113,2
163,1917,1
160,1286,3
163,1438,2
163,438,2
163,2808,3
163,1752,3
163,303,3
163,2126,1
163,836,1
161,3860,2
160,648,4
161,1090,2
163,748,1
163,1831,4
163,886,2
163,479,3
163,1744,1
160,480,1
161,2819,3
161,2064,1
161,1265,3
161,1394,4
161,3194,3
161,3163,3
163,153,1
163,3452,1
163,204,2
161,535,2
163,1591,1
163,1431,1
163,1687,1
163,208,2
163,2490,3
161,541,3
161,1704,3
160,3793,1
160,2160,3
160,2791,4
163,168,4
163,3257,1
160,1282,4
160,2858,4
161,1080,2
161,1196,1
161,866,2
161,1734,1
163,70,4
163,1918,1
163,1833,1
163,544,4
161,1939,1
161,2966,4
163,1379,2
163,3697,2
163,44,4
161,1185,2
161,1537,1
160,1396,3
160,1387,2
160,260,2
161,1203,2
161,2501,1
161,1278,4
163,1377,3
163,786,1
160,1210,2
161,3543,3
161,232,3
163,1586,3
163,1858,3
163,1604,3
163,1037,2
163,548,3
163,442,1
160,1097,4
161,162,2
161,1188,3
161,2730,2
163,1378,2
161,3683,2
161,2395,1
161,1214,3
161,308,1
161,334,2
163,89,1
163,3275,1
163,434,4
161,2908,1
161,924,4
163,494,3
163,2826,1
163,1616,2
163,736,3
163,1792,2
163,1552,1
163,1769,2
161,2349,4
161,1254,1
161,2997,2
161,720,2
161,1446,2
161,1361,2
161,1233,2
163,198,1
163,2023,1
163,1432,4
163,1801,3
161,969,2
161,608,2
163,465,4
163,316,1
163,552,1
163,2278,3
163,3082,4
161,2919,3
161,214,2
161,3361,4
163,3020,2
163,3274,4
163,1866,3
163,653,2
163,2540,2
163,610,2
161,800,2
161,296,2
161,593,2
161,3422,3
161,3819,4
161,1189,1
163,1479,3
163,2167,2
161,899,3
161,1217,1
161,1247,3
163,1101,2
163,288,2
163,2723,1
161,246,3
161,1219,4
161,306,4
161,1041,1
161,1617,2
163,2699,4
163,3623,3
163,2288,1
161,3724,1
161,2972,2
161,2692,2
161,2973,3
161,1952,4
163,2334,3
163,1876,1
163,1385,4
163,3107,4
161,903,1
163,112,3
163,1527,2
163,1129,4
163,368,2
163,780,3
161,1280,3
161,1699,1
161,1252,1
163,1047,2
163,1580,3
161,950,2
161,3095,4
161,1204,4
161,912,2
163,2273,3
161,923,1
161,750,3
163,380,2
163,1573,2
163,10,2
163,2617,3
163,2006,3
163,2763,3
163,2916,2
163,2058,3
163,2000,4
161,3363,4
161,2640,1
163,3527,4
163,1275,1
161,3424,4
163,592,2
163,1954,1
163,511,3
163,377,3
161,1238,2
161,904,2
163,1127,4
163,163,2
163,2353,4
163,480,2
163,6,1
163,1222,2
161,529,2
163,733,3
163,1242,3
163,1240,2
163,3782,3
161,1449,1
162,1918,2
162,1597,2
163,1214,2
163,457,3
163,1291,4
163,1036,1
163,1387,3
163,589,2
163,2571,2
162,736,1
162,353,4
162,1608,3
162,1385,2
162,1573,1
162,1801,3
162,1356,1
163,1221,2
162,1552,1
162,1722,4
162,3178,4
163,1196,2
163,1218,1
163,858,3
163,260,1
163,1198,4
162,1370,2
162,780,1
162,2006,4
162,10,4
162,2334,3
162,6,4
162,480,4
161,3911,4
161,3897,1
162,2916,2
162,589,1
162,377,3
162,1580,2
162,21,1
162,2058,2
162,2028,4
162,457,4
162,2692,2
161,2324,2
161,1702,4
161,111,2
162,2268,1
161,1120,1
161,908,3
161,2176,2
162,110,4
161,920,1
163,3512,3
163,3624,2
162,58,2
162,1688,1
162,48,3
162,2687,2
162,364,2
162,588,3
162,595,4
162,1907,1
162,2763,2
162,3390,4
163,3238,3
163,3324,2
163,3316,1
163,3325,2
163,3752,2
163,3553,3
162,1198,2
162,1197,1
163,3454,1
162,1721,1
163,3821,3
163,3889,2
163,3943,2
163,3286,4
163,3484,1
163,3565,3
163,3355,2
163,3273,2
163,3177,2
163,3409,3
163,3717,4
163,3301,2
163,3615,1
163,3646,3
163,3298,1
163,3744,2
163,3300,4
163,3948,1
163,3566,1
163,3861,4
163,3515,1
163,3755,1
163,3513,1
163,3317,2
163,3510,3
163,3536,3
163,3481,1
163,3408,1
163,3578,3
163,3785,3
163,1673,2
163,2596,2
163,3108,2
163,628,1
163,1633,1
163,493,1
163,1594,4
163,1732,3
163,2340,1
163,1923,4
163,1215,4
163,562,3
163,2439,3
163,290,3
163,1684,1
163,2280,4
163,1625,1
163,3105,3
163,3052,1
163,2166,4
163,2890,4
163,1784,1
163,1266,2
163,1748,2
163,110,3
163,2761,1
163,162,4
163,1473,3
163,1265,1
163,2329,2
163,2762,1
163,2599,3
163,1213,2
163,1537,4
163,1089,3
163,1617,1
163,50,3
163,293,2
163,1883,2
163,2427,4
163,21,2
163,2395,1
163,1635,2
163,1799,3
163,441,3
163,364,4
163,1584,4
163,1249,4
163,150,3
163,2336,1
163,553,2
163,1120,2
163,846,4
163,2482,2
163,778,1
163,2282,1
163,1119,2
163,695,3
163,3160,3
163,1060,3
163,1873,2
163,529,2
163,2355,3
163,3147,1
163,1912,2
163,1,4
163,2687,1
163,1393,2
163,3499,1
163,3418,1
163,595,4
163,2580,4
163,319,4
163,1392,2
163,2291,2
163,47,1
163,2321,3
163,223,1
163,1704,2
163,235,3
163,240,2
163,2997,4
163,337,1
163,2028,2
163,2959,3
163,593,2
163,2501,3
163,296,2
163,608,4
163,152,4
163,2858,1
163,1456,1
163,1605,4
163,166,3
163,1465,4
163,2942,1
163,2302,1
163,1897,4
163,829,4
163,2793,4
163,1210,2
163,1405,4
163,902,3
163,3608,4
169,3697,1
169,2613,1
169,2094,2
169,208,1
169,1377,2
169,1876,4
169,442,3
169,2002,4
169,1616,2
169,3438,3
169,3020,4
169,288,1
169,1917,1
169,1552,2
169,494,2
169,3633,4
169,2167,1
169,292,4
169,736,1
169,507,2
169,434,2
169,3638,2
169,2001,3
169,3107,3
169,1573,4
169,10,2
169,780,4
169,2640,1
169,1527,1
169,2991,3
169,2993,4
169,2947,1
169,2872,3
169,2949,4
169,1210,1
749,1012,1
749,662,3
169,3396,3
169,2097,1
169,2372,4
169,3497,3
169,2641,2
169,3033,2
169,2378,4
169,2021,1
169,3791,2
169,3478,1
169,3525,2
169,2416,3
169,3770,2
169,3846,4
169,2420,4
169,1124,3
169,1378,3
169,3479,2
169,1261,4
169,2474,2
169,1033,4
169,1088,3
169,2746,2
169,2134,3
169,2985,1
169,2990,2
169,2115,1
169,2989,4
169,2161,4
169,2003,3
169,2150,3
169,3608,4
169,3070,1
169,3071,1
169,1101,4
169,1295,2
169,3087,3
169,3397,2
169,1297,4
169,2470,4
169,2371,2
169,3398,2
169,2518,4
169,2407,3
169,2100,1
169,2064,3
169,2739,2
169,3526,1
169,2406,2
169,2463,1
169,1347,2
169,2968,3
169,3591,1
169,3527,2
169,2915,4
169,1246,4
169,3480,4
169,1663,3
169,592,4
169,2000,1
169,3098,2
169,1220,2
169,3104,4
169,1994,1
169,1259,1
169,1302,1
169,1197,1
169,1242,1
169,1127,2
169,2804,3
169,2918,4
169,1231,4
169,1036,3
169,541,4
169,2023,1
169,305,3
169,3039,4
169,876,3
169,1429,2
169,1858,2
169,2987,1
169,2273,1
169,112,2
714,1049,2
169,861,1
169,1183,4
169,3007,3
169,1962,3
169,1960,4
169,1959,3
169,1958,4
169,1293,4
169,1957,2
169,1956,1
169,1955,4
169,1234,2
169,193,4
169,1951,3
169,1950,2
169,1949,1
169,1948,3
169,938,1
169,952,2
169,1946,1
169,1943,1
169,1942,4
169,1941,3
169,1940,4
169,1938,1
169,1937,1
169,1936,4
169,928,2
169,1934,4
169,1080,1
169,1933,4
169,1932,4
169,1930,2
169,1929,3
169,1928,2
169,1926,3
169,1925,4
169,3868,4
169,370,1
169,3869,2
169,3671,2
169,1079,1
739,2571,3
169,1288,1
169,1307,2
169,2717,2
169,2716,2
169,2797,3
169,3524,2
169,420,4
169,1963,3
169,2376,4
169,204,1
169,333,2
169,1253,3
169,1077,2
169,432,4
169,2109,4
169,255,3
169,3548,2
169,1961,4
169,2111,1
169,2194,4
169,3361,4
169,788,3
169,2136,4
169,3448,4
169,2616,1
169,2759,1
1824,1100,2
1824,2249,1
1824,2724,1
1824,2054,3
1824,1020,2
1824,778,1
1824,1752,2
1824,3844,4
1824,802,1
1824,596,1
1824,27,1
1824,3243,1
1824,2699,2
1824,3591,4
1824,2432,1
1824,2629,1
1824,2861,4
1824,2450,2
1824,2796,4
1824,2359,2
1824,1973,4
1824,1246,1
1824,2976,2
1824,36,1
1824,2144,4
1824,1408,1
1824,2706,4
1824,2380,3
1824,783,1
1824,2011,4
1824,1270,4
169,3,4
169,3450,2
169,543,1
169,3274,1
1824,2763,1
169,2558,3
1824,914,3
1824,2926,4
1824,2710,2
169,441,3
169,3476,4
169,1627,2
1824,2791,3
1824,2792,1
1824,1608,1
169,2124,2
169,3418,2
169,3614,4
169,45,1
169,316,3
169,2763,4
169,852,4
169,1485,1
169,2384,4
169,1676,2
1824,200,3
1824,2297,1
169,1722,2
169,180,4
169,2424,4
1824,2485,3
1824,3399,3
1824,1042,2
957,3785,4
169,2393,2
169,802,4
169,3082,4
169,2628,1
1824,1644,3
1824,1981,2
1824,2572,1
957,3189,3
957,3615,2
169,1608,1
169,3256,1
957,3827,1
957,3556,3
169,2617,4
169,141,2
169,1517,2
169,3809,2
1824,1029,1
1824,231,1
169,3253,2
169,3255,1
169,3267,1
169,1777,3
1824,327,2
1824,3391,1
957,3185,4
169,3246,1
169,3175,3
169,832,3
169,2302,1
1824,3186,2
1824,94,3
169,733,2
169,1805,2
169,1407,1
1824,438,3
525,1903,1
957,1295,2
957,1223,1
957,2391,1
957,1784,1
957,1258,4
957,1270,1
169,1401,2
169,1370,2
169,1909,3
957,1197,1
957,1730,1
957,1084,4
957,1242,1
957,1912,3
1824,333,3
957,3068,2
957,3461,3
957,34,2
957,1103,2
169,1271,3
169,1408,1
957,6,3
957,39,2
957,608,4
957,1012,3
957,2396,4
957,1291,3
169,39,4
169,265,1
169,253,2
957,1,3
957,2571,3
957,1213,3
169,2841,2
1824,2997,4
957,2064,3
957,1293,3
169,11,2
169,595,2
1824,2396,3
169,1721,1
169,2108,2
957,3703,1
957,1200,1
957,1957,1
957,1333,3
957,1394,1
957,1266,3
957,1949,2
957,1942,1
957,3871,4
957,720,3
169,3271,3
957,2612,3
957,2398,3
957,1136,1
957,1944,1
957,1938,1
957,2300,2
957,1939,1
957,928,4
957,2102,2
957,2303,4
957,2728,1
957,1307,2
957,1292,1
957,1997,3
957,2762,3
957,1096,4
957,2553,2
957,1929,1
525,480,3
957,1217,4
957,3114,1
957,1304,1
957,3548,3
957,1294,4
957,2130,3
957,1234,2
525,2160,4
525,3578,2
957,1387,1
957,1265,4
957,1247,2
957,111,1
957,904,2
957,1193,2
957,908,4
957,1172,1
525,1282,3
525,1466,4
957,1287,4
957,959,4
957,909,1
957,1945,1
957,1244,4
957,913,3
957,1231,3
957,3504,2
957,1207,2
525,951,3
525,2858,4
957,1935,2
957,926,4
957,940,3
957,1952,4
957,910,2
957,1950,1
957,2761,2
957,1214,2
957,1104,3
957,3814,4
957,260,2
957,1196,1
169,1673,3
169,2231,1
957,1219,3
169,500,1
169,1641,1
957,246,1
169,1092,3
169,588,4
169,1356,3
169,2706,2
164,1283,2
164,356,1
164,3011,3
957,919,3
957,1931,4
957,750,2
957,1228,4
169,349,4
169,380,2
169,163,2
957,1225,1
957,905,1
957,1221,1
957,50,1
169,3252,3
169,1476,1
169,2916,2
169,3052,3
169,1215,4
164,920,4
957,969,2
957,1927,4
957,923,4
169,223,3
169,2395,1
957,1224,2
957,1617,3
957,1263,3
957,745,2
164,3733,1
164,858,2
169,555,2
169,377,3
169,440,1
169,3386,4
169,587,3
957,1148,3
957,922,4
957,1299,2
957,903,3
957,2804,4
169,300,3
169,21,4
957,1250,3
957,3435,2
957,2920,3
169,474,3
169,36,3
169,2693,1
957,950,4
957,3724,2
957,1248,2
169,235,2
957,1267,1
957,1230,3
164,1097,4
169,3044,2
169,1748,1
957,1204,3
957,912,2
957,2019,2
957,1361,4
169,3147,4
169,1060,1
169,2268,3
957,2609,1
957,3309,2
957,858,1
169,161,2
169,1625,3
169,1343,4
169,1089,3
169,1129,2
169,1265,2
169,3511,2
169,3752,4
169,3452,4
169,3273,4
169,3785,3
169,3861,1
169,3623,3
169,3744,2
169,3298,2
169,3535,1
169,3483,2
169,2012,1
169,1270,4
169,2011,3
165,3033,4
165,3704,3
165,3527,2
165,3070,1
165,1374,1
169,1200,3
169,1394,1
169,1240,3
165,3703,4
165,1965,4
169,1276,4
169,1214,4
169,1291,4
165,3409,3
165,3481,3
165,3624,2
165,2035,1
165,3520,3
165,3924,2
165,3921,2
165,3922,1
165,2946,1
165,2747,1
165,2863,4
165,3061,2
165,2700,4
165,2183,3
165,3366,1
165,2531,1
165,2346,3
165,2530,3
165,3032,4
165,2533,2
165,2527,2
165,2532,4
165,2459,2
165,2789,4
165,2901,4
165,1350,2
165,2788,1
165,3730,3
165,2160,1
165,1257,1
165,2918,4
165,3868,3
165,1968,2
165,2791,3
165,2064,4
165,1208,3
165,1090,2
165,527,1
165,968,3
165,674,4
165,2529,3
165,2661,1
165,1924,1
165,2667,3
165,2287,4
165,2656,2
165,2184,1
165,3386,4
169,431,2
169,62,2
169,1639,3
165,903,2
169,553,4
169,2291,3
169,364,1
169,508,2
169,6,3
169,1584,3
169,3250,3
169,2289,1
169,2700,4
169,3499,3
169,2321,3
169,150,4
169,2355,4
169,2391,1
169,32,1
169,3105,2
165,3153,1
169,1923,4
165,1073,1
165,1019,3
169,34,2
169,1500,2
169,1784,4
169,457,1
165,3168,3
165,1262,4
169,110,3
169,1610,3
169,1704,1
169,1393,4
169,1,1
165,589,3
165,1222,1
169,3114,3
169,1233,1
169,2997,3
169,25,2
165,2947,1
165,2194,3
169,1617,2
169,2580,2
165,3735,1
165,1089,3
169,2571,4
169,47,1
169,589,3
165,296,4
165,608,2
169,2762,3
169,318,2
169,1358,1
169,2324,4
169,2794,4
169,2795,3
169,1461,3
169,2423,1
165,50,1
165,2288,3
165,3702,4
165,1210,4
165,1240,2
165,1748,1
165,1270,3
165,2660,4
165,1301,1
165,1200,3
165,924,4
169,3451,1
169,506,2
169,1266,3
165,2666,4
165,1214,2
165,3592,1
165,1206,1
165,541,4
165,260,1
165,1196,1
169,955,2
165,1288,1
165,1394,4
169,296,3
169,16,2
165,955,1
169,1213,3
165,1276,4
165,2997,4
169,2959,1
169,909,2
165,1136,3
165,2858,4
169,3475,4
169,914,3
169,1272,4
165,1215,1
169,3168,2
165,3476,4
169,2648,2
165,2664,4
165,1261,2
165,1997,1
169,1931,4
165,3576,1
165,1333,4
165,1407,2
169,1256,4
165,1387,4
165,1255,3
165,1219,2
169,608,4
169,1090,4
169,948,2
165,3835,3
165,2450,3
169,3462,1
169,599,3
165,1283,3
165,1355,3
165,1198,2
169,1263,4
169,1954,4
169,2409,3
169,2410,4
169,2412,1
169,2411,4
169,3363,4
169,3307,3
169,590,4
169,3629,2
169,1287,3
169,356,1
169,1953,3
169,3871,1
169,900,4
169,3504,3
169,593,4
169,3471,1
169,1103,3
169,1094,4
169,1212,1
169,1294,1
169,1035,3
169,1927,2
169,1225,1
169,1944,1
169,898,2
169,1304,3
169,594,3
169,1387,2
169,111,2
1246,2605,4
169,1206,3
169,1104,2
169,1947,3
1246,3555,4
169,2067,1
169,3435,2
169,1952,1
169,1207,1
169,1283,1
169,1230,2
169,1254,3
169,954,2
169,1208,3
169,1084,3
169,750,2
169,1097,2
169,1228,1
169,913,1
169,924,3
169,1193,2
169,1252,4
169,969,2
169,910,1
169,922,4
169,953,2
169,899,4
169,1247,3
169,919,3
169,920,4
169,923,1
169,3327,1
1733,3182,4
1733,1827,3
1733,1310,4
1733,2859,3
1733,1361,1
1733,3863,4
1733,2315,3
1733,3790,4
1733,2966,2
1165,233,1
1165,2125,3
1165,2353,2
1165,3052,3
1165,3615,3
1165,2722,2
166,3005,2
166,2710,2
166,2908,3
166,2683,3
166,3179,1
166,1036,4
166,190,2
166,965,2
166,908,4
166,928,2
166,2762,3
166,593,1
166,111,4
166,1219,2
166,904,3
166,2389,4
166,2986,4
169,1939,1
169,904,4
169,1219,3
169,1147,3
169,1196,1
169,1945,3
166,367,2
169,905,3
166,1466,2
166,1179,1
166,866,4
166,2580,2
166,592,1
166,47,3
169,527,4
169,858,2
169,2019,3
169,1204,2
166,1089,1
166,296,4
166,50,2
166,1248,3
166,608,1
169,1935,2
169,260,2
166,909,3
166,2144,2
166,2700,2
166,1265,1
166,2108,2
166,1060,2
166,1223,1
166,34,4
166,2395,3
166,3543,4
166,2064,3
166,1235,3
166,2599,1
166,2858,3
166,3429,4
166,3911,1
166,1734,1
166,1136,4
166,2997,4
166,2804,1
166,3083,2
166,745,3
166,1148,2
166,2081,4
166,346,1
166,1035,3
166,364,1
166,1856,1
166,1029,3
166,1947,2
166,1028,4
166,551,2
166,914,3
166,1259,2
166,919,2
166,2076,2
166,1086,3
166,3386,2
166,3476,1
166,1252,4
166,924,4
166,1212,2
166,1196,2
166,2161,4
166,2797,4
166,2100,4
166,2021,3
166,1967,2
166,2174,2
166,2005,3
166,2628,2
166,247,3
166,1073,4
166,1580,1
166,2455,4
166,2600,4
166,3699,4
166,2916,4
166,2985,2
166,480,2
166,1527,2
166,2699,2
166,1653,2
166,1097,4
166,3576,1
166,2140,1
166,1210,4
166,1077,4
166,3527,4
166,1270,4
166,1206,4
166,3471,4
166,1175,2
166,1240,2
166,1200,4
166,2571,2
166,260,3
166,1214,2
166,589,3
166,1199,4
166,2093,4
166,1625,1
166,1094,2
166,1732,1
166,3676,3
166,29,2
166,2959,4
166,2028,2
166,1517,4
166,1198,4
166,527,1
166,1968,4
3648,3565,3
3648,648,3
3648,3755,3
3648,3513,1
3648,3578,2
3648,3751,2
3648,3753,1
3648,3515,4
3648,1610,1
3648,1729,2
3648,180,4
3648,1372,4
3648,3668,3
3648,543,4
3648,595,3
3648,1271,1
3648,2202,1
3648,2353,1
3648,380,3
3648,1799,1
3648,3210,4
3648,474,4
3648,1285,4
3648,2529,2
3648,2395,2
3648,1945,2
3648,1748,1
3648,2291,3
3648,1189,4
3648,1370,2
3648,235,3
3648,1097,1
3648,1584,4
3648,1674,3
3648,3499,1
3648,628,3
3648,150,4
3648,3536,4
3648,63,1
3648,165,1
3648,1597,2
3648,1302,2
3648,1923,4
3648,3421,3
3648,457,3
3648,26,4
3648,800,1
3648,1298,2
3648,1188,4
3648,3703,1
3648,1127,4
3648,2490,1
3648,1259,2
3648,1682,2
3648,726,2
3648,3006,3
3648,2890,3
3648,2947,1
3648,1090,2
3648,919,4
3648,2599,3
195,954,2
3648,2366,2
3648,1291,4
3648,2918,1
3648,1208,3
3648,953,1
3648,3461,2
3648,36,2
3648,3893,3
3648,1220,2
3648,1517,2
3648,1258,1
3648,3114,4
3648,1784,2
3648,3147,1
3648,1704,2
3648,1912,2
3648,2571,3
3648,1387,4
3648,922,3
3648,2028,3
3648,923,2
864,2912,2
3648,2959,1
3648,3360,2
3648,1203,4
3648,1089,4
3648,1240,4
3648,296,3
3648,2762,4
3648,110,4
864,496,4
864,1056,4
3648,1214,3
3648,1270,3
3648,456,1
3648,2791,4
3648,1213,4
3648,1193,2
3648,1225,3
864,912,4
3648,608,2
3648,1136,4
3648,2804,3
3648,593,2
864,1176,2
3648,2858,1
864,1938,1
864,3134,3
864,923,2
864,1225,3
3648,50,3
3648,2997,3
3648,260,3
3648,318,2
864,296,3
3648,1198,2
3648,3275,3
864,1415,2
1958,3175,3
864,1892,4
864,2875,3
864,1092,1
864,2184,3
864,492,2
864,3176,1
864,2076,3
864,3476,1
864,3251,4
864,2206,2
864,2467,1
864,335,2
864,906,4
864,800,4
864,2686,1
864,1086,4
864,123,1
864,1284,3
864,1269,3
864,1617,4
864,942,1
864,913,3
864,954,1
864,959,3
864,920,1
864,978,3
864,955,2
864,936,1
864,950,4
864,1288,2
864,541,3
864,1185,1
864,2972,2
864,1299,2
864,1270,4
864,1198,4
864,1217,4
864,2804,1
864,1073,3
864,1345,4
864,3421,2
864,1077,1
864,1278,3
864,1206,3
864,1997,4
864,3735,2
864,1080,1
864,111,3
864,1235,1
864,1387,2
864,1136,2
864,1193,3
864,1230,2
864,1252,4
864,3730,2
864,900,2
864,2726,4
864,1103,4
864,903,3
864,1203,1
864,969,2
864,922,2
864,926,4
864,899,2
864,1104,1
864,1248,3
864,910,3
864,904,1
864,2731,2
864,1951,3
864,1035,1
3821,2022,2
864,968,1
864,2160,3
864,2550,1
864,3075,4
864,1028,4
864,3668,3
864,902,1
864,3645,1
864,924,1
864,2732,1
864,1947,2
864,914,3
864,1207,4
864,909,3
864,1247,4
864,2863,1
864,750,3
864,1281,1
864,898,2
864,951,3
167,2424,2
167,2478,1
167,2469,2
167,1047,2
864,3317,4
167,1840,1
167,1704,4
167,3448,4
167,2735,2
864,3783,3
167,2150,2
167,2268,4
167,3308,1
864,3578,4
864,3286,3
864,3159,1
167,2950,4
167,2748,2
167,1784,3
864,206,2
864,3677,1
167,1183,2
864,581,2
864,2859,3
864,1743,1
864,549,4
864,3320,2
864,3535,1
864,3302,2
864,3481,1
864,3566,1
864,3538,2
4030,3751,2
167,3536,3
167,3565,4
167,277,4
167,1544,4
167,804,1
167,1600,3
167,266,1
167,648,4
167,480,1
167,3509,3
167,490,4
167,201,4
167,3948,1
167,3893,3
167,3299,1
167,3752,2
167,3798,3
167,3285,4
167,3453,2
167,3879,4
167,3785,2
167,3301,3
167,3949,1
167,3534,1
167,3515,3
167,3623,2
167,3861,2
167,3452,1
167,3755,3
167,3298,1
167,3578,1
167,3554,2
167,3751,3
167,3481,3
167,3753,3
167,3916,3
167,3408,1
167,1754,1
167,1961,3
167,20,4
167,474,1
167,1721,4
2076,1895,3
167,1693,3
242,3444,4
242,1234,4
168,3755,1
242,1513,3
168,3101,3
168,364,2
242,1027,4
168,588,3
168,2985,2
168,1,3
168,1960,1
168,1619,4
168,1772,4
168,1220,3
242,500,3
168,2109,1
168,2716,1
168,2717,2
168,3591,2
168,1394,1
649,667,4
242,3409,4
168,1196,2
168,260,1
168,2395,1
168,2599,4
168,608,2
168,2712,1
1329,1258,4
168,1840,4
1329,870,2
168,1221,4
1329,2841,3
168,1580,2
168,1097,3
168,1371,4
1329,3273,1
3233,3952,4
169,1544,4
169,70,2
169,3159,1
1329,2574,2
169,551,4
169,1282,2
169,2399,1
169,3409,3
169,2792,2
1329,2713,3
169,3745,4
1329,2690,2
169,1171,3
1329,2688,1
169,2858,3
169,1250,2
169,2948,4
1329,3238,2
169,2791,4
169,3484,2
169,3354,2
169,648,4
169,3793,4
169,3624,4
169,3481,2
169,3510,2
169,3751,1
169,3578,3
169,1136,4
169,903,2
169,926,2
1329,2605,1
169,908,3
169,1221,4
1329,2976,2
1329,2707,2
1329,2572,4
169,1884,2
169,1198,3
169,3365,3
169,50,3
169,3095,1
169,1267,4
169,912,4
169,3897,4
169,3911,3
169,2028,3
169,480,1
169,2366,2
169,157,3
169,1257,4
725,1179,1
725,1248,3
2446,648,2
2446,3513,4
2446,3510,2
1467,3793,4
1467,3745,4
1467,3798,4
1467,2763,4
1467,2672,2
1467,3176,1
1467,2702,3
1467,2841,2
1467,2700,4
1467,2724,4
1467,2396,1
1467,3185,4
1467,2395,3
1467,2762,4
1467,3081,3
1467,2686,4
170,1204,2
170,919,1
170,2770,4
170,2976,1
170,2997,2
170,2710,2
170,3298,3
1467,24,2
1467,3300,2
170,2827,1
170,2699,1
170,2683,2
170,2826,1
170,2706,2
1467,2490,3
170,2701,4
170,780,4
170,2176,1
1467,2734,4
1467,2310,3
1467,3623,4
1467,3354,1
1467,2723,3
1467,3160,3
1467,3752,2
1467,3174,3
170,908,4
170,1591,1
170,1748,2
1467,3016,1
170,1283,2
170,1266,1
170,1178,2
170,1225,4
170,912,2
170,3468,4
170,593,2
170,527,2
170,1237,4
170,2324,2
1467,3753,2
170,3469,2
170,923,3
1467,141,2
1467,2617,2
170,3736,2
1467,2605,2
1467,1127,2
170,110,1
170,1036,4
170,589,4
170,457,2
170,2571,1
170,1222,4
170,1218,4
170,2912,2
170,1387,4
170,1198,2
170,1304,3
170,1214,4
170,2692,2
170,2028,3
170,858,1
170,1221,3
170,3265,3
170,2916,2
170,2662,1
170,1270,1
170,1253,2
170,1097,2
170,1200,3
170,3471,1
170,32,2
170,1196,4
170,1240,4
170,741,4
170,750,1
170,260,4
170,1206,3
170,541,1
170,3354,1
170,1544,2
170,70,2
170,277,2
170,3409,2
170,3555,1
170,2160,3
170,648,2
170,3755,3
170,1466,1
170,480,1
170,3793,3
170,2948,3
170,2657,1
170,3624,4
170,3578,3
170,2858,2
170,1250,3
170,3300,4
170,1080,3
170,1210,2
170,920,2
170,1617,4
170,2459,2
3154,2804,3
3154,2208,1
3154,3948,4
3154,1810,4
3154,3793,4
3154,11,1
2962,2182,1
2962,381,1
2962,209,1
2962,2654,1
2962,720,4
2962,950,3
2962,555,2
2962,1682,1
2962,1212,1
2962,3351,2
2962,1449,3
2962,2473,4
2962,3699,1
2962,3252,4
2962,1965,3
2962,916,1
2962,2406,2
2962,516,1
2962,1226,1
2962,1961,4
2962,2271,2
2962,3032,4
2962,58,1
2962,3529,3
2962,295,3
2962,3398,2
2962,959,4
2962,3777,2
2962,947,2
2962,3501,2
2962,2895,4
2962,3096,4
2962,3551,4
2962,2822,2
2962,3174,4
2962,3678,4
2962,1267,1
2962,1244,2
2962,2111,3
2962,492,1
2962,3639,2
2962,2183,4
2962,1303,4
2962,491,2
2962,1801,3
2962,1949,2
2962,3037,1
2962,178,1
2962,2212,1
2962,3414,4
2962,1689,1
2962,1037,1
2962,66,3
2962,2,2
2962,2651,4
2962,1940,1
2962,2306,2
2962,1841,4
2962,1981,4
2962,462,2
2962,2286,2
2962,3169,1
2962,3243,1
2962,468,4
2962,2313,2
2962,3069,2
2962,3221,3
2962,36,4
2962,2169,2
2962,2041,4
2962,442,3
2962,1342,3
2962,3156,4
2962,606,2
2962,1517,1
2962,914,3
2962,958,2
2962,2208,1
2962,3479,1
2962,2935,3
2962,2080,3
2962,3446,3
2962,901,3
2962,2796,3
2962,541,3
2962,2167,4
2962,716,2
2962,1358,1
2962,589,4
2962,1240,2
2962,2002,4
2962,1918,3
2962,2000,2
2962,2001,3
2962,1377,4
2962,3213,2
2962,153,3
2962,592,1
2962,1562,3
2962,2642,4
2962,2643,3
2962,2640,4
2962,2641,2
2962,3223,3
2962,1284,1
2962,1132,3
2962,923,4
2962,912,1
2962,3548,1
2962,908,4
2962,1294,1
2962,593,1
2962,1224,3
2962,3741,2
2962,951,3
2962,392,4
2962,3819,1
2962,3823,4
2962,2300,4
2962,1204,4
2962,3811,2
2962,3872,1
2962,1617,2
2962,29,1
2962,1131,4
2962,318,4
2962,1221,4
2962,3653,1
2962,3075,1
2962,858,4
2962,1361,4
2962,72,3
2962,3095,1
2962,1933,4
2962,2201,3
2962,176,1
2962,190,3
2962,1927,3
2962,1233,1
2962,2398,1
2962,2351,3
2962,922,1
2962,3435,2
2962,3419,1
2962,50,2
2962,1209,2
2962,2788,2
2962,2946,4
2962,3468,2
2962,3093,4
2962,2744,3
2962,2751,1
2962,2812,3
2962,3821,1
1329,590,4
1329,434,3
171,164,4
171,1179,3
171,1617,1
171,206,2
171,1797,1
171,3007,3
171,1111,2
171,2677,4
171,1649,2
171,162,1
171,1169,2
171,246,4
1329,2005,4
1329,1089,4
1329,1224,3
1329,457,2
1329,1912,4
1329,3213,1
171,1544,3
1329,2762,1
1329,1617,4
1329,50,2
171,277,1
171,3578,3
171,3753,3
171,2791,1
171,2966,4
1329,2974,4
1329,12,4
171,858,4
171,1073,2
1329,2338,2
1329,2389,1
1329,1644,3
1329,2719,2
171,527,2
1329,2995,4
171,3448,1
171,1230,2
171,1834,1
1329,366,1
1329,1717,3
1329,2710,3
1329,253,2
1329,1339,3
1329,3081,3
172,3706,1
172,2987,3
172,3683,2
172,922,3
172,2186,1
172,930,3
172,913,4
172,1179,4
172,2203,2
172,3435,1
172,1267,1
172,3334,2
172,1284,1
172,2064,4
172,162,3
172,246,1
172,1961,1
172,3035,4
1647,3578,2
172,3254,3
172,1937,3
172,1206,2
172,1955,2
172,1210,3
173,898,2
173,2544,4
173,1086,2
173,3794,3
173,1196,4
173,780,4
173,2872,1
173,194,4
173,1097,4
1451,1252,2
1451,2580,3
251,3916,4
611,2349,3
611,2076,3
611,2243,4
611,3424,3
611,3105,1
611,590,1
611,1173,4
611,3526,1
611,1027,4
611,2112,3
611,3418,2
611,2302,4
611,523,1
611,509,4
611,477,2
611,457,2
611,1678,3
611,235,4
611,356,1
611,1960,4
611,1291,2
611,485,3
611,1644,1
611,288,4
611,1,3
611,207,4
611,1784,2
611,1660,1
611,1721,2
611,1617,1
611,2028,3
611,2294,2
611,1682,2
611,34,4
611,1923,2
611,2908,4
611,3006,3
611,296,2
611,1213,3
611,608,3
611,527,2
5920,1962,3
5920,3481,4
5920,1271,2
5920,3178,1
5920,3256,1
5920,1923,2
5920,144,3
611,11,2
5920,2686,2
5920,805,3
5920,1358,2
5920,1500,4
1780,1693,1
5920,2706,1
5920,3105,1
5920,1617,3
5920,36,1
5920,50,3
5920,3916,3
5920,3755,3
5920,3160,3
5920,3578,1
2106,3052,4
2106,179,4
174,2403,2
174,2105,2
174,2001,3
174,3638,4
174,2990,4
174,3267,2
174,2167,2
174,2617,4
174,1573,1
174,3082,1
174,1375,2
174,3639,1
174,1129,2
174,288,3
174,3107,2
174,3635,2
174,3527,4
174,653,2
174,3740,3
174,494,1
174,2662,3
174,1676,2
174,1370,3
174,353,2
174,1101,3
1603,160,2
174,2115,2
174,1356,4
174,1690,3
174,3178,4
174,2058,1
174,3256,2
1603,2126,3
1603,1892,4
1603,517,3
174,3753,2
174,480,2
174,387,4
174,3704,2
174,2353,1
1603,1711,1
1603,1092,2
1603,648,4
4386,3718,1
174,2000,2
1603,1732,3
1603,350,1
174,10,1
1603,1597,1
1603,1805,1
4386,3745,1
1603,1625,1
1603,164,1
1603,3044,2
1603,3176,2
174,592,4
174,3020,1
174,1610,1
174,3418,4
174,2985,4
174,21,1
174,377,2
174,1372,2
174,2916,1
174,3703,2
174,2951,3
174,1374,1
174,1220,3
174,3265,3
1603,1760,4
174,2366,3
174,1580,1
174,457,4
174,1261,1
174,1527,1
174,2006,3
174,969,4
174,1275,4
174,1210,3
174,2947,1
174,2944,3
174,2948,4
174,1222,4
174,1242,3
174,2194,3
174,1127,2
174,2949,4
174,1214,3
174,1201,1
174,1953,2
174,1304,3
174,1240,2
174,589,4
174,1291,4
174,260,4
174,858,4
174,1036,1
174,2571,3
174,3767,2
174,110,1
174,3768,3
174,2019,1
174,3799,1
174,3755,3
174,3555,4
174,3354,3
174,648,4
174,3793,2
174,3513,4
174,3578,1
174,1270,3
174,1409,2
174,1012,1
174,1011,2
174,2950,2
195,3910,1
3842,2035,1
3842,2126,1
3842,2267,3
3842,1590,4
3842,1950,2
3842,2683,2
3842,2892,4
3842,2022,3
3842,2074,2
3842,2987,2
3842,2516,2
3842,1329,2
3842,3661,3
3842,2119,4
3842,2514,3
3842,879,2
3842,2483,4
3842,1355,2
3842,1341,1
3842,3732,3
3842,2746,2
1676,3145,3
1635,65,1
1635,19,3
1635,1881,2
1635,829,3
1635,1702,2
1635,184,1
1635,1167,3
1635,327,3
1635,1756,3
1635,1665,1
1635,209,4
1635,1588,3
1635,673,1
1635,2269,3
1635,1911,2
1635,450,2
1635,2120,3
1635,3208,3
1635,3869,3
1635,2059,1
1635,2060,2
1635,586,1
1635,24,1
1635,231,3
1635,533,1
1635,1027,3
1635,188,4
1635,443,1
1635,511,1
1635,3082,2
1635,26,3
1635,1688,2
1635,3477,3
1635,1385,4
3311,2516,3
3311,1499,4
3311,1322,3
3311,1862,3
3311,291,3
3311,611,2
3311,2720,3
1635,1003,3
3311,1445,1
3311,2835,3
3311,3669,3
3311,1739,3
3311,2269,4
3311,430,4
3311,2514,4
3311,2297,2
1635,3723,3
3311,3919,2
3311,383,1
3311,1442,3
1635,251,3
3311,840,3
3311,2292,3
3311,416,3
3311,2702,3
3311,1772,3
3311,2445,4
3311,1746,1
3311,3500,1
3311,2231,1
3311,252,4
1635,249,2
3311,1475,4
3311,2770,2
3311,2803,1
3311,663,4
3311,562,2
3311,2106,4
3311,553,2
3311,999,2
3311,785,2
3311,436,2
3311,1729,4
3311,1059,1
3311,2353,1
3311,1797,3
3311,1357,2
3311,661,1
3311,364,3
1635,1269,1
3311,2125,2
1635,2666,3
1635,2667,3
3311,1358,3
1752,2580,1
3311,2599,2
3311,3006,2
1635,1016,1
1635,2454,2
1752,1900,2
1635,2287,3
1635,3675,1
1635,1019,2
1635,3930,2
1752,1313,3
1635,2363,3
1635,3549,3
1635,1012,4
3311,1921,1
3311,2889,2
1635,3035,4
1635,2660,3
3311,3889,3
1752,3893,4
3311,3911,1
3311,3893,4
3312,1921,2
3311,3481,1
3311,3409,2
3312,2468,3
1752,3826,4
1369,920,2
1369,3307,4
3620,3125,2
3031,3354,3
3031,3596,2
3031,648,3
3031,3513,3
3031,3514,4
3031,3751,3
1882,2324,1
175,2003,4
175,104,1
1291,3535,4
1291,190,3
175,1441,4
175,2018,3
1291,3820,3
175,1190,1
1952,3484,2
175,1268,2
175,3706,1
587,610,3
175,1345,2
587,590,2
175,2739,2
175,3147,2
175,194,4
175,3386,3
175,1921,2
587,1298,1
587,1120,2
175,555,1
587,1407,3
587,222,3
587,1649,2
175,1343,2
175,2916,2
175,25,2
175,509,4
587,592,4
587,1729,2
587,3100,1
175,17,3
175,957,4
175,2137,3
175,1393,4
175,2078,1
175,2333,2
587,3147,1
587,3418,4
175,2761,4
175,32,4
587,2165,2
175,1270,1
175,3100,2
175,2020,2
587,1094,3
175,2391,4
587,1350,4
587,364,1
175,3424,2
175,1704,4
587,2160,1
175,34,3
175,2010,4
175,2791,1
587,1897,1
175,759,2
587,3167,4
587,2329,1
175,3160,2
175,1265,4
587,2076,3
587,1954,1
175,1090,4
587,194,1
175,2571,2
175,1089,1
175,1952,1
175,1635,4
175,1214,3
175,924,2
175,1206,3
587,215,3
175,608,2
587,1264,4
587,1302,4
587,1103,2
587,3527,3
3300,173,2
3300,208,3
3300,1917,3
175,434,4
3300,2822,1
587,337,4
175,2628,4
175,1015,3
3300,1544,1
3300,303,1
3300,736,4
175,2470,1
175,2005,3
3300,2,3
175,2115,3
587,2116,3
3300,2046,4
3300,648,3
175,592,2
587,1962,1
587,3105,4
175,1291,3
175,1210,1
587,25,1
3300,3408,4
175,3000,4
175,2871,2
587,300,4
587,778,2
587,1997,4
3300,3578,3
175,1197,4
175,1198,1
175,260,2
175,1196,1
3300,3783,1
3300,3897,2
587,555,1
587,1296,4
587,1224,1
175,2135,4
175,1031,2
175,661,3
175,1032,4
175,2941,3
175,588,1
175,1035,3
175,2857,1
175,914,3
587,1357,2
587,1982,1
587,1955,3
175,2565,2
175,73,2
175,900,1
175,945,3
175,899,2
175,3545,2
587,1090,1
587,1994,2
175,1320,4
587,1961,4
587,1150,3
175,2710,2
175,3018,4
175,1407,2
175,2097,3
175,1997,3
175,3499,2
175,1258,1
175,1387,2
587,32,4
175,2987,4
175,1344,2
175,541,4
175,1617,4
175,3157,3
175,2723,4
587,515,1
175,500,2
175,3948,3
175,492,2
175,3301,3
175,1297,2
175,708,3
175,356,1
175,367,1
175,3263,4
175,2384,3
587,3160,4
175,3831,2
175,934,1
175,1958,1
175,2111,4
175,410,4
175,45,3
175,2424,1
175,2407,4
175,1454,2
175,2100,1
175,2406,1
175,3858,1
175,223,3
175,141,1
175,3129,1
175,1580,3
175,901,2
175,441,1
175,1569,2
587,2132,2
175,3422,2
175,352,2
175,1923,2
175,3397,3
175,2144,3
175,2155,3
175,2797,4
175,471,1
175,3253,4
175,2109,3
587,3733,3
175,2108,4
175,2000,1
175,1641,4
1635,2728,3
587,3468,2
175,1517,3
175,2915,4
175,2395,3
175,1500,1
175,1883,3
175,1073,3
175,2716,3
175,1449,1
175,1307,1
175,1028,4
175,1079,4
175,2918,4
175,2064,1
175,2080,1
175,3608,2
175,2355,1
175,1285,3
1635,2536,1
175,915,1
1635,1388,4
175,3396,1
175,2396,4
175,2359,1
1635,1011,1
1635,2037,3
1635,2038,3
1635,2531,3
175,1278,1
1635,1030,1
1635,2014,1
175,1394,4
175,3114,1
1635,1194,1
1635,2031,4
1635,3040,2
175,2997,3
175,1,2
1635,1031,3
175,1230,1
175,1235,3
175,2324,2
1635,3639,3
1635,3635,3
175,1044,4
1635,2991,3
175,3145,3
175,3127,2
175,3707,3
175,42,3
175,2059,2
175,2146,3
175,1290,3
175,2590,4
175,2271,3
1635,2119,4
1635,2382,3
175,253,2
175,2420,2
1635,3401,4
175,1093,2
175,2432,2
1635,1389,3
175,3251,1
175,1711,3
175,1027,3
1635,2379,4
1635,2748,1
1635,2380,1
175,3425,2
175,2504,2
175,372,3
175,1959,3
175,282,2
175,1884,2
175,3791,3
175,3844,3
1635,3048,4
175,2314,3
1635,1970,4
1635,2411,3
175,766,1
175,1701,3
175,481,4
1635,2044,3
175,851,1
1635,3708,3
1635,2421,3
175,3125,2
175,2712,4
175,2145,1
175,2022,4
175,2262,3
175,1124,2
1635,2792,1
1635,2410,4
175,1620,4
175,11,4
175,2171,2
175,1611,1
175,1120,4
175,1840,2
175,1357,1
175,1633,3
1635,2787,1
175,650,1
175,1589,4
175,2474,4
175,491,4
1635,2517,3
175,2282,1
1635,2021,4
1635,3525,1
1635,3688,2
175,1059,1
1635,2364,3
175,3108,2
175,1619,3
175,58,2
175,3168,3
175,1476,4
175,2442,4
175,1271,3
175,1721,3
175,3176,2
175,3328,3
1635,2796,4
1635,2989,3
1635,2420,3
1635,2073,3
1635,2001,2
1635,2011,4
175,590,3
175,838,4
1635,2457,4
1635,2069,3
1635,2005,1
175,2268,1
175,2329,3
175,3071,2
1635,2423,2
175,1639,3
175,1962,3
175,1914,4
1635,2476,1
175,1097,1
175,1653,4
1635,2111,3
1635,1297,3
175,1183,3
175,2959,4
175,1584,2
175,1211,1
1635,2118,3
1635,1033,4
175,3526,3
175,1246,3
175,1013,3
1635,2795,1
1635,2150,1
175,293,2
175,538,4
175,2076,4
1635,3067,2
1635,1257,3
175,1094,3
175,1060,2
175,2291,4
175,2336,1
175,2194,1
175,1259,2
1635,1242,4
175,3246,1
175,337,2
175,778,2
1635,1132,3
175,1411,4
175,902,3
175,36,3
175,3185,4
175,2686,3
175,1961,1
175,1682,3
175,1103,3
175,2427,4
175,1885,2
175,1186,3
175,1673,4
175,235,4
175,3019,4
175,296,4
175,2248,4
175,3521,4
175,265,1
175,2348,2
175,2908,2
175,1084,2
175,919,1
175,1207,1
175,920,2
175,527,4
175,2028,2
175,3083,3
175,2804,4
175,318,4
175,593,1
175,3250,4
175,1358,4
175,3823,3
175,1191,1
175,3281,4
175,1856,3
175,1797,1
175,162,1
175,2677,2
175,3578,3
175,3753,2
175,2657,2
175,3755,4
175,1286,4
175,3159,1
175,551,3
175,2160,2
175,2858,2
175,2966,3
175,3481,2
175,3671,1
175,1968,3
175,111,4
175,3072,1
175,480,1
2641,3499,1
2641,1219,2
2641,3018,2
2641,3177,1
2641,3826,4
2641,3798,4
178,3681,4
178,3921,3
178,3144,3
178,2015,1
2641,3755,2
2641,3753,1
178,1010,2
178,3076,3
2641,3617,1
178,909,4
178,911,3
178,3028,3
178,1276,3
5359,1407,2
2641,3865,4
178,3873,4
178,3494,1
178,1201,1
178,1304,2
178,2951,1
178,3467,3
2641,3949,1
178,1083,4
178,783,2
178,1688,2
178,3675,4
178,48,2
178,2083,3
178,1380,2
178,1081,2
178,1566,3
178,2941,1
178,2102,2
178,2096,1
178,588,3
178,938,3
178,3549,4
2627,3755,3
178,1029,1
178,1951,4
178,900,3
178,364,2
178,1028,2
178,2971,2
178,1947,3
178,1282,1
178,3061,4
178,594,3
178,2080,2
2627,599,4
2627,501,1
2627,1193,1
178,919,4
178,899,2
178,914,2
178,3545,4
178,1035,1
178,2565,1
2627,928,2
2627,2925,3
2627,3683,1
2627,1927,2
2627,3365,1
2627,2010,4
2627,334,2
2627,1263,4
178,11,4
2627,3201,1
2627,1247,3
2627,1635,1
2627,1256,3
2627,1952,4
2627,1208,4
2627,1250,2
2627,3089,2
2627,1251,2
178,515,3
2627,3742,1
2627,1228,2
2627,2731,1
2627,2973,2
2627,2066,2
2627,111,3
178,2050,1
2627,1178,1
2627,912,1
2627,923,4
2627,750,1
178,2041,4
178,2478,2
2627,2905,1
178,2471,1
178,2408,1
178,1373,2
178,3388,1
178,2143,4
178,2105,4
178,2141,3
178,3707,1
178,2311,1
178,2942,2
178,1959,2
178,2469,3
178,1375,2
178,2615,3
178,2405,4
178,2985,1
178,2011,2
178,2472,2
3428,1299,4
1524,2427,2
3428,1950,1
1524,3173,2
2691,2357,4
2691,3396,2
2691,778,1
2691,3365,4
2691,3006,2
2691,1263,4
2691,920,3
2691,176,4
2691,3361,3
2691,1050,1
2691,1036,1
2691,1084,3
2691,2329,1
2691,1288,3
2691,2028,1
2691,3246,2
2691,1231,2
2691,1085,4
2691,1304,3
2691,2067,3
235,2088,2
235,1057,2
235,1416,1
235,1380,3
235,1081,2
235,1035,2
235,199,1
235,938,1
235,2971,1
235,914,2
235,2303,2
235,3545,1
235,778,3
235,1733,3
235,1573,4
269,1416,3
269,2599,3
269,3787,3
235,3153,3
269,3785,2
269,2013,1
235,2008,3
235,1009,1
235,2622,4
235,2140,2
235,2161,4
235,2021,2
235,2100,3
235,2797,4
235,2116,3
235,3217,4
235,1929,1
235,978,3
235,2208,3
235,970,1
235,565,4
235,3676,2
235,3264,1
235,735,2
235,2118,1
210,393,4
210,181,1
210,502,3
210,1562,1
210,546,1
210,1556,3
210,2720,1
235,2746,3
235,799,2
210,2568,2
210,160,3
210,2412,4
210,1599,4
235,2550,4
210,2701,3
210,204,4
210,3165,4
210,1867,3
210,2126,1
210,839,1
210,420,4
210,465,3
210,1431,4
210,694,3
210,809,3
210,1831,2
210,1379,1
210,1690,1
210,1391,2
210,1499,2
210,485,3
210,558,4
235,2321,2
235,39,3
235,21,4
235,933,1
235,441,1
235,1078,1
235,2463,4
210,1591,1
235,901,3
235,3608,3
210,423,1
210,153,1
210,3438,1
235,2174,2
235,1641,1
235,3361,1
210,3257,2
210,1100,4
210,3113,1
210,1037,4
210,170,3
210,3274,3
235,2324,2
235,3108,4
235,927,2
235,497,3
210,1792,4
210,2540,1
210,2722,2
210,1616,4
210,2826,3
210,2881,2
210,1438,4
235,3421,4
235,1885,2
235,3363,4
235,1079,2
235,3424,2
235,3072,4
210,208,1
210,2723,4
210,1687,2
235,2300,3
235,1234,2
235,1394,2
235,1243,1
235,1188,4
235,909,2
235,728,1
235,1235,3
210,1667,4
210,42,3
210,1518,3
210,434,3
210,1479,3
177,2174,3
177,1097,1
177,2858,2
210,1586,4
235,1256,1
235,2924,2
210,1876,2
210,1917,3
210,1544,2
210,2002,2
210,3082,1
210,376,2
210,2273,3
210,1801,3
210,1552,3
210,736,4
210,292,1
210,1320,1
210,21,3
210,145,1
210,1754,2
210,2617,2
210,504,1
210,1488,4
210,288,4
210,507,2
210,1918,3
210,377,2
210,353,2
235,947,3
177,589,2
210,2058,3
210,1047,2
210,2167,4
210,1833,1
210,648,4
210,653,3
210,1049,4
177,2571,3
177,2762,3
210,2490,4
210,2006,4
210,780,3
177,1358,2
177,1214,2
210,316,1
210,1408,1
210,380,3
210,480,4
210,1580,1
210,6,4
210,733,3
210,165,4
210,1722,4
177,3634,2
177,904,4
210,349,1
210,2353,1
210,1527,1
210,10,4
210,1610,4
210,3178,3
210,2427,3
177,2628,3
235,3577,3
235,2147,4
235,2146,1
177,3036,2
177,590,3
235,2942,1
235,3791,1
177,3168,3
235,3251,1
235,2928,3
177,1374,4
177,1291,2
235,2022,1
235,3844,2
235,3221,2
235,1290,1
235,1173,3
177,2987,3
177,1198,3
235,2117,3
177,1197,4
177,1204,4
177,969,1
235,2739,2
235,2926,4
235,2068,3
235,2065,3
176,3391,3
176,1381,1
176,3041,1
176,3393,3
176,2408,3
176,2088,4
176,2471,2
176,3388,2
176,2478,4
176,3715,2
176,2752,1
176,2468,3
176,2072,1
176,3387,4
235,3308,3
235,1968,2
235,2312,3
176,2717,1
235,1295,4
235,2919,1
235,2551,2
176,2796,3
176,2405,2
176,2375,1
176,3385,1
176,2369,1
176,2054,1
176,3392,2
235,1296,2
235,1273,3
235,1288,4
235,2352,1
176,2794,3
176,2247,1
235,1674,2
235,2020,1
235,1186,3
235,1293,4
176,3525,2
176,2150,1
176,2378,4
235,2076,4
235,1185,3
235,3543,3
235,1150,4
235,2348,4
176,2372,4
176,2416,3
176,2470,3
176,3033,1
176,3740,2
235,1242,4
235,1264,1
235,2804,1
235,1231,1
235,1957,2
176,3087,4
176,2145,3
176,2011,3
176,2003,3
176,2795,2
176,2926,4
176,2746,4
176,2081,4
235,3067,4
176,3591,2
176,2144,3
176,2407,1
176,2371,3
176,3608,1
176,2406,3
176,2797,1
177,2677,2
176,3526,3
176,2100,2
176,3552,1
176,2111,2
176,3039,1
176,2463,4
176,1297,4
176,3361,1
176,2423,1
176,1663,1
176,1079,4
176,1220,4
176,2000,2
178,3608,2
178,1127,4
235,3681,4
235,2951,3
235,3671,3
215,2021,2
178,2139,2
235,1283,1
235,1304,4
178,1088,3
178,1101,1
176,2716,3
176,1958,2
176,2518,2
215,1094,3
178,2100,4
178,2161,1
176,1307,3
176,1285,4
176,2915,1
176,1968,2
176,2918,1
178,1376,1
177,480,1
177,3032,2
177,1127,2
215,3354,3
215,3745,2
215,3793,4
176,1394,1
176,2248,2
176,1270,2
176,1197,4
178,2463,4
178,1374,1
215,3755,4
191,424,4
178,1096,1
178,1967,3
178,2987,3
178,3398,4
178,2174,2
178,2797,2
178,2745,4
176,3948,1
178,2407,1
191,65,1
191,216,3
191,1732,2
178,1197,4
177,1077,4
191,2797,1
178,1293,4
177,2140,1
178,1124,1
178,1307,4
177,1921,1
177,2529,2
178,3361,1
178,2150,1
178,3699,3
178,2193,2
176,1617,2
176,2193,1
176,1196,1
178,3019,2
176,2987,1
176,1544,1
178,1275,4
178,1956,1
178,2791,4
178,1210,1
177,3702,4
177,1240,3
177,1580,4
178,2739,1
178,2312,4
177,924,2
178,1198,3
178,1196,3
178,1238,2
177,3175,4
177,3471,1
177,1584,2
4937,3241,4
177,541,2
177,1196,4
178,3952,3
177,1230,3
177,337,2
177,1721,3
178,1370,3
178,1617,1
178,3397,3
177,1148,2
177,1210,1
178,260,1
177,260,1
178,1926,2
178,912,4
178,1193,3
1266,3949,2
411,3951,1
192,2993,2
192,508,2
192,2078,2
192,1947,4
192,431,3
192,180,4
192,1035,4
192,2951,1
192,3386,1
192,3052,2
192,3246,4
192,2750,2
192,1429,3
192,3699,1
192,1994,2
192,1268,2
192,249,1
192,3635,4
192,2797,2
192,524,1
198,3147,2
192,1028,3
198,1203,2
192,1302,4
192,902,2
1780,1208,4
198,1653,3
192,3148,1
192,596,1
198,2478,3
198,383,4
1780,3107,2
192,1120,3
192,3671,4
1780,1027,4
192,2857,2
192,3100,3
192,2570,2
198,2890,1
198,1090,3
198,1272,4
235,3851,2
235,3893,1
235,3408,3
192,805,4
192,1641,3
1780,208,1
235,3911,3
235,3317,2
192,594,1
192,2000,1
198,1376,4
198,1375,4
198,1373,2
192,300,1
1780,637,4
198,185,4
192,1982,2
1780,2108,1
235,2241,2
192,592,4
235,144,2
235,1171,4
192,1282,2
198,750,3
235,3675,4
235,3481,2
192,3681,2
192,2949,2
192,1019,1
198,1459,1
198,350,1
192,1296,3
192,1729,4
198,1909,4
192,2268,2
192,2948,1
192,2987,2
198,2088,2
198,1022,4
192,3396,4
192,1354,4
192,1673,2
192,2109,3
192,3250,1
192,1517,1
198,2941,3
198,1032,3
192,1730,1
192,1201,1
649,3444,3
235,958,4
192,475,4
192,1073,3
192,1287,2
192,2795,1
192,3868,4
198,3877,4
235,946,1
235,906,2
235,3061,1
192,150,3
235,2398,2
235,953,3
235,1282,2
235,1939,2
198,3489,3
198,2,3
235,918,4
235,3334,1
235,3606,4
192,125,2
235,3546,4
235,390,2
235,2732,3
235,2067,4
235,1251,3
235,2132,2
235,2728,4
235,2285,3
192,2947,2
198,277,1
1780,1031,2
235,783,2
1780,346,3
235,1907,3
192,1682,3
192,348,2
235,364,4
235,2355,2
235,595,2
235,2384,2
235,34,3
235,3114,2
198,3478,1
198,1027,4
192,2890,1
198,2420,2
198,1810,2
235,2346,1
235,2091,4
235,2009,2
235,2527,4
235,2528,4
198,832,1
198,3250,3
198,1271,4
198,1013,3
198,16,4
192,2329,2
198,1721,1
179,692,1
179,2053,2
179,405,1
179,519,2
179,849,1
179,173,1
179,1037,4
179,2986,2
179,379,4
179,256,4
179,327,1
179,185,3
198,454,2
198,3386,3
179,1831,2
179,435,4
179,1391,2
179,1917,2
192,919,3
179,316,3
192,47,3
179,2699,1
179,2012,4
179,1356,3
179,1372,3
179,1527,3
179,1580,3
179,1921,2
179,1584,2
179,1653,3
179,2916,4
192,2248,1
179,1215,2
179,32,3
179,29,3
179,2571,1
179,589,4
198,778,3
198,3461,3
198,300,4
198,1357,3
179,3401,3
179,2643,1
179,2642,4
179,2456,4
179,3033,2
179,2615,3
179,2408,3
179,1373,3
179,3704,1
179,2054,2
179,2311,1
179,2668,1
179,3698,4
179,2021,1
198,1259,2
198,3098,2
198,161,3
198,1784,1
198,1962,1
179,1376,1
179,2525,1
179,3701,3
179,2288,4
179,2011,1
179,2105,4
179,3770,3
179,1129,4
179,2985,4
179,2140,2
179,2455,4
179,3700,3
179,1965,3
179,3527,1
179,2968,4
179,3703,1
179,1374,2
179,1274,1
179,1200,1
179,1127,4
179,1210,1
179,541,4
179,1240,2
1780,780,4
198,953,3
198,924,3
198,2329,1
198,3471,4
179,2942,1
179,3791,3
198,1961,2
198,1393,2
198,150,2
1780,3362,1
179,2639,2
179,2117,1
198,3360,4
198,1302,4
198,1208,3
179,2114,2
179,3591,4
179,2420,1
179,2145,4
179,2474,4
198,2398,1
198,1704,2
179,1246,2
179,3699,4
179,1124,4
179,592,3
179,3480,4
179,3448,4
192,2804,2
179,2926,4
179,2734,3
179,3526,4
179,3169,2
179,2194,4
179,1302,3
179,3360,2
179,1090,2
1780,1278,1
179,1185,3
179,1242,3
179,1222,1
179,2248,3
179,1957,4
179,3098,4
179,1259,1
179,2804,1
179,1097,2
179,1288,2
1780,2421,4
179,2820,4
179,1290,3
179,2407,1
179,593,3
179,1270,1
179,1265,4
179,1196,3
179,3690,3
192,1059,4
198,3701,4
198,1396,4
198,1729,2
1780,2539,3
1780,2174,4
192,2916,2
192,32,2
198,1089,1
198,608,4
198,1213,2
198,2268,4
198,296,3
198,2053,3
198,1009,3
198,2140,4
192,1358,2
198,2137,1
198,2085,2
198,2294,4
198,1030,1
198,1033,1
198,1405,3
1780,1707,2
1780,2953,2
1780,586,1
192,3697,4
192,3527,3
198,594,1
198,364,2
198,2087,1
198,1282,2
198,3034,4
1780,3257,4
192,1892,3
1780,1931,4
192,1912,3
192,2161,1
198,2450,3
192,1136,4
192,3869,1
192,1080,1
1780,1777,1
198,173,3
198,1894,2
198,2822,2
198,2471,1
198,44,4
198,208,1
192,1037,3
192,2324,3
198,2005,4
198,1967,2
198,1031,2
198,2161,1
198,1017,2
198,2099,2
1780,1588,4
198,919,2
198,2153,4
198,3841,1
198,1882,4
198,315,4
198,3864,2
198,466,4
198,2367,1
198,2735,4
198,2616,3
192,1625,4
198,89,4
192,2580,2
192,3448,3
192,1242,4
198,3638,4
198,2641,2
198,2990,4
198,648,2
198,329,2
198,1608,2
198,3082,2
198,3418,4
198,1722,4
2035,1804,3
198,457,3
198,2194,3
192,225,2
192,163,3
192,3358,4
667,3745,1
667,3863,2
667,2948,3
667,1129,4
667,3300,3
192,350,1
192,222,3
192,95,2
667,2368,2
667,1984,4
667,2338,4
181,2329,2
667,1979,2
667,1998,1
667,606,2
181,3246,4
180,3916,3
667,2465,2
667,1978,4
667,1981,1
667,1980,2
667,1323,4
192,2011,2
181,150,4
181,529,2
181,1704,4
181,32,3
667,2548,4
667,1862,2
180,3948,1
181,678,4
181,36,2
667,2790,2
667,2107,4
667,1623,3
667,12,2
667,2448,3
667,1389,2
667,1993,1
667,2462,2
667,2514,1
192,2188,4
667,1992,4
667,1988,2
667,1999,1
667,1985,3
667,1975,2
667,2995,1
180,3897,3
181,831,1
181,3114,2
181,589,3
667,2513,4
192,3253,1
667,1983,2
667,2719,1
667,2461,3
667,1644,4
181,318,1
667,3919,3
667,70,1
667,2789,4
181,593,2
667,1330,1
180,1094,4
180,1041,4
180,1358,2
667,196,2
667,2428,1
667,1974,4
667,1690,1
667,1717,3
667,2377,2
667,330,3
667,1991,3
667,3016,3
180,593,4
667,1762,4
667,2606,3
181,3286,4
180,1617,4
180,34,4
180,296,1
180,3006,1
667,2279,2
667,3264,2
667,253,1
667,1645,1
667,2710,3
667,2746,3
667,3627,3
180,2599,2
180,1053,3
180,2858,1
667,1350,3
180,608,2
192,1291,3
180,2997,3
667,2288,1
667,1347,1
667,799,3
667,2118,1
180,1361,2
192,2791,3
667,3576,1
667,2657,2
667,1407,1
667,1215,4
667,2716,2
667,1994,4
667,1982,4
667,3499,3
667,1258,2
181,3072,3
181,1258,1
667,1997,1
667,1387,3
667,1219,2
667,1214,4
192,1387,1
180,2243,2
180,2076,3
181,1380,2
180,2348,3
180,2970,1
180,3019,1
181,2657,4
181,1007,2
181,3040,3
181,3421,1
181,2109,4
180,2919,2
180,1295,2
181,3363,1
181,1136,1
181,1080,1
181,1234,3
180,2248,3
180,1228,3
180,3360,4
180,3816,1
180,3211,1
192,1193,2
181,1208,3
181,1272,3
181,1294,1
180,1185,3
180,3068,1
180,1259,1
180,3543,4
192,2067,1
180,1217,2
180,3683,3
180,1132,1
181,3834,4
181,3423,3
181,2420,3
192,1084,3
192,1207,3
181,2474,3
181,2739,3
181,1097,3
192,924,4
181,3019,4
181,1186,4
181,2117,3
180,2203,4
180,1221,2
181,1246,3
181,1962,3
180,225,2
180,1193,4
180,1573,2
181,1674,4
192,2034,2
192,1371,3
192,2038,2
192,3638,2
181,1302,1
181,2313,2
181,1961,3
180,3102,1
181,1090,1
181,3098,3
181,3360,4
192,2657,1
192,2640,3
192,1214,3
192,1206,2
192,260,3
192,3471,3
181,1228,1
181,432,2
181,2701,4
181,1266,3
181,590,2
181,2012,4
181,368,3
192,1373,4
192,2642,2
192,2614,1
181,2381,2
181,2379,4
181,2380,4
192,1375,3
192,2407,4
192,2641,1
181,2408,3
181,2473,2
181,2471,2
181,2088,4
181,3388,2
195,1694,3
192,1376,3
192,3033,2
181,3387,4
181,3394,3
181,2717,1
181,2478,2
181,2374,3
181,2375,1
181,2792,4
181,1091,1
181,2378,3
181,2372,3
181,2072,1
181,3694,4
181,2054,4
181,2416,2
181,3693,4
181,3235,1
181,2141,3
192,2808,1
192,379,1
181,2470,1
181,1378,2
181,3524,4
181,1135,1
181,1395,1
192,1690,4
192,2094,2
181,2134,4
181,2371,4
181,2003,1
181,2261,4
181,2245,3
192,2393,3
192,442,2
181,3591,4
181,2081,3
181,3448,1
181,3087,3
181,2011,2
192,1527,1
181,2423,1
181,2407,3
181,3039,4
192,1396,2
192,1215,4
192,1748,3
192,1584,1
181,3210,2
181,2111,4
181,2797,4
181,2463,4
181,1663,2
181,3552,3
181,2100,4
181,1297,1
181,1257,4
181,2791,1
181,2243,1
192,2123,1
192,2450,2
181,2174,1
181,3424,1
181,2750,2
181,1968,3
192,2054,2
192,2141,2
192,2033,4
192,3397,2
181,2064,1
181,1259,1
181,1307,2
181,3361,1
181,1394,3
181,1079,3
181,1270,3
181,2248,1
181,2918,1
192,3398,3
192,1097,4
192,2081,3
192,2139,1
192,1033,1
192,2005,4
192,2140,3
181,3052,3
181,1171,2
181,2302,4
181,180,4
181,3253,1
181,3157,2
181,543,3
181,2384,4
192,2953,3
181,2355,2
192,1021,4
181,663,1
181,1517,4
192,48,2
192,1702,1
181,3060,2
181,1923,2
181,514,4
192,569,1
192,586,3
181,1265,4
192,2082,1
192,2059,1
192,3438,3
181,1,1
192,1654,4
192,2294,1
192,588,2
192,364,2
181,3617,3
192,595,2
3592,2387,4
181,1562,4
181,1352,3
181,532,4
181,3247,4
181,2002,1
181,42,4
181,2231,2
181,999,3
181,1732,1
181,1061,3
181,1466,2
181,367,1
181,1729,3
181,2542,4
181,47,3
181,2268,1
181,608,1
181,1617,1
181,1213,3
181,1089,2
181,50,1
181,356,1
181,266,1
181,2890,3
181,161,1
181,2421,3
181,2422,3
181,2411,1
181,2404,2
181,2468,2
181,2735,4
181,2402,2
181,3710,2
181,2410,3
181,3441,2
181,3698,4
181,1587,2
181,3444,3
181,2641,1
181,2403,1
181,2405,2
181,2105,1
181,3704,4
181,1101,1
181,2193,2
181,2476,3
181,2406,4
181,3740,4
181,2985,3
181,2872,2
181,3527,1
181,1220,4
181,592,2
181,1210,2
181,1291,3
181,1127,1
181,2000,4
181,2194,1
181,1222,3
181,3703,3
181,1261,2
181,1240,1
181,1036,3
181,1198,1
181,1242,2
181,1196,2
181,1200,1
181,1197,3
181,173,4
181,153,3
181,423,2
181,736,4
181,3257,1
181,3697,1
181,3841,4
181,517,3
181,786,4
181,208,3
181,1825,2
181,2616,1
181,376,1
181,1690,1
181,1320,2
181,1385,3
181,1049,4
181,95,4
181,442,4
181,1586,3
181,552,1
181,70,4
181,1377,3
181,1608,4
181,434,4
181,349,4
181,170,4
181,1479,2
181,479,3
181,648,4
1638,3457,4
181,1552,4
181,165,1
181,380,3
181,329,4
181,1370,3
1638,3790,3
181,353,1
181,2167,1
181,2628,3
181,511,3
181,3107,1
181,6,2
181,480,4
181,3256,4
181,21,3
181,555,4
181,1356,1
1638,3510,2
181,1580,2
181,112,1
181,2427,4
181,1408,3
181,474,3
181,2916,1
181,1527,3
181,733,2
1638,3753,3
181,3267,3
181,377,3
181,1215,1
181,1912,1
181,1610,2
181,457,1
181,2028,1
181,2571,2
181,110,1
181,3266,4
181,2987,4
181,2700,3
181,2395,1
181,3273,1
303,3536,2
181,2734,3
303,1485,4
181,785,1
303,1171,2
303,3809,2
181,3578,4
181,2716,1
303,2371,1
303,3308,4
181,3543,4
181,1093,1
181,3203,3
181,223,4
303,52,2
303,2245,3
303,3039,2
303,497,4
181,2699,4
181,2683,4
303,2407,3
181,2858,3
303,2797,3
303,3751,2
181,2706,3
181,1721,1
181,2692,1
303,1060,2
303,1285,1
181,2115,4
181,541,4
303,1968,3
303,348,3
303,357,1
181,778,4
181,1206,1
181,2959,2
303,3361,1
181,296,4
303,39,1
303,2243,1
303,3072,3
181,1221,3
181,861,2
181,31,1
303,1307,1
303,1197,4
303,1234,3
181,527,1
181,2082,2
181,3506,4
181,3564,3
303,3538,4
303,745,1
303,3948,4
1866,2312,4
1866,902,3
195,1339,4
195,253,1
195,1645,4
182,3499,3
182,47,3
182,2762,3
182,589,1
182,1089,2
182,2858,3
182,2571,1
182,593,3
182,1169,2
182,296,4
182,50,2
1988,3949,1
195,799,1
195,3081,3
182,1379,1
182,3261,2
182,2302,4
182,3450,2
182,2195,3
182,2502,4
182,3809,1
182,1747,1
3074,593,3
3074,858,3
3074,1198,2
182,852,1
182,3174,1
3074,260,2
3074,527,1
182,597,4
182,367,3
182,2706,3
182,1777,1
182,104,4
182,1580,4
182,2124,4
182,440,3
182,500,3
182,3052,1
182,514,2
3074,1411,2
3074,3554,1
182,1265,3
182,2700,4
182,1500,3
182,2396,4
182,39,2
182,3114,1
182,356,4
5172,110,2
182,1,3
5172,58,4
5172,1885,1
5172,1179,2
195,3476,1
195,565,4
182,2436,3
5172,194,4
5172,448,3
5172,36,2
5172,334,2
182,3301,1
5172,1094,1
5172,778,2
5172,1704,2
5172,293,1
5172,866,2
3074,2959,1
3074,3298,1
182,3189,4
5172,994,3
5172,337,1
5172,1358,1
195,2716,2
3074,318,2
5172,308,1
5172,800,2
3074,1721,1
5172,32,3
5172,2966,2
3074,3147,3
182,3252,4
182,1584,2
182,3255,1
182,1060,3
5172,17,4
3074,36,3
5172,2575,2
5172,318,1
5923,3755,1
3074,3246,3
5172,1041,3
5172,296,2
5172,307,3
5172,1213,4
5923,3160,1
5923,3578,3
182,161,2
182,110,4
5172,593,3
3074,919,4
182,1784,4
3074,953,1
182,318,1
182,511,1
182,337,3
182,1213,3
182,1704,1
182,2028,1
3074,1035,3
5172,3255,1
5172,838,4
5172,440,4
5172,1883,4
3074,1197,4
5172,2759,1
5172,1923,3
5172,2359,3
5172,1414,2
3074,2396,4
182,2683,4
182,1517,4
5172,1500,3
5172,348,2
5172,357,4
5172,345,1
5172,1914,2
3074,218,4
182,1610,1
5172,2108,2
5172,224,4
5172,1392,4
5172,3108,2
5172,322,3
182,144,1
182,3948,1
3074,2683,2
3074,1517,4
182,441,2
182,1136,1
5172,1279,4
5172,3253,2
5172,342,3
5172,2843,4
182,3361,1
182,3526,3
3074,2581,2
182,2599,3
182,2000,2
5172,235,4
5172,21,4
5172,1060,3
3074,2436,1
5172,497,1
5172,1845,4
5172,3261,4
5172,3060,4
5172,1588,4
182,1270,1
182,3608,2
182,34,2
182,223,1
3074,2883,3
5172,223,1
5172,2700,1
5172,1,4
5172,3114,3
182,312,2
182,69,1
5172,2395,4
5172,2282,1
5172,2997,2
5172,1537,2
5172,1641,1
182,3484,3
3074,3916,1
5172,1188,3
5172,2599,1
182,3753,2
182,3755,4
182,648,2
5172,2396,2
5172,34,3
5172,728,3
182,3578,1
5172,1148,4
5172,2858,2
182,1721,1
182,507,3
182,527,2
3074,2310,2
182,2114,4
182,3751,1
3074,3173,1
3074,2324,1
3074,3540,2
3074,3565,3
3074,3594,4
3074,3513,1
3074,3555,2
3074,3510,3
3074,3481,2
3074,3578,3
183,2722,1
183,2987,2
183,942,3
183,1179,1
183,1344,3
183,3334,3
183,541,1
183,930,3
183,1284,1
183,1248,2
183,1069,4
183,2186,3
183,1252,4
183,913,2
183,3435,4
183,3152,3
183,3525,3
183,3451,2
183,1197,2
183,914,3
183,3072,1
183,2571,4
183,3093,4
1556,1267,1
1556,2170,3
5539,3751,2
2333,2997,2
5172,3534,2
1425,1499,1
1425,533,2
1425,1438,2
1425,479,1
1425,292,3
1425,552,2
1425,3274,3
1425,316,2
5172,3481,2
5172,3751,1
5172,3624,1
1425,492,4
1425,2583,1
1425,2107,1
1425,1655,1
1425,2279,3
1425,1515,1
1425,282,4
1425,516,2
1425,201,2
1425,2320,2
1425,2829,4
1425,218,4
1425,57,3
1425,524,2
1425,2314,4
1425,1693,3
1425,1399,3
1425,2165,2
1425,1681,2
1425,688,1
1425,2153,2
1425,455,1
1425,754,1
1425,1562,1
1425,761,1
1425,153,3
1425,2103,3
1425,648,3
1425,798,2
1425,208,3
953,3030,2
1425,1377,4
1425,3175,3
953,3468,2
953,1209,4
187,2392,2
187,2154,1
187,2679,4
187,40,3
187,169,2
187,2963,1
187,1727,3
953,110,4
953,2427,1
953,1408,4
953,480,4
187,2506,4
187,182,4
953,457,2
953,2028,2
953,1233,2
953,1610,3
187,2437,4
187,455,2
953,440,2
953,1721,1
953,2006,4
187,3425,1
187,4,1
187,1816,3
953,356,1
953,11,2
953,1183,1
187,1811,4
187,2431,2
187,2479,3
187,3500,2
187,2252,1
953,58,1
953,151,3
953,293,2
187,3173,1
187,3045,2
187,218,4
953,2291,3
953,497,3
953,446,2
187,209,4
187,2432,1
187,105,4
953,25,4
953,2396,2
953,265,2
953,1265,1
953,1393,1
953,17,1
187,46,3
187,266,1
187,3115,3
187,2504,3
187,3262,2
187,1586,2
187,372,1
187,1836,1
187,1888,1
187,1621,1
187,1363,2
187,2023,1
187,1093,3
187,697,4
187,1884,2
187,1183,4
187,230,3
187,57,2
187,1416,4
187,524,4
187,1043,1
187,2976,3
187,461,4
187,2435,4
187,365,2
187,3107,4
187,3176,1
187,2231,2
187,2590,1
187,477,3
187,1399,3
187,2268,2
187,1619,4
187,481,2
187,2071,3
187,282,1
187,2024,4
187,851,1
187,2702,2
187,987,3
187,345,3
187,199,4
187,2711,2
187,454,3
187,2433,3
187,2168,1
187,534,1
187,507,1
187,3186,3
187,1397,4
187,1711,1
187,265,2
187,85,3
187,531,3
187,3257,4
187,3174,1
187,1187,4
187,2112,4
187,1480,1
187,1611,2
187,369,4
187,1735,1
187,802,1
187,175,3
187,1365,4
187,11,2
187,1177,1
187,3108,3
187,1721,4
187,3147,1
187,613,4
187,988,4
187,3100,3
187,2959,2
187,509,2
187,1653,2
187,1840,1
187,2678,4
187,806,2
187,269,1
187,1885,3
187,2725,3
187,43,3
187,322,4
187,2282,3
187,781,3
187,36,2
187,1535,3
187,1547,2
187,1729,3
187,300,4
187,1095,4
187,388,4
187,1179,4
187,1900,4
187,1678,4
187,1794,2
187,3418,1
187,2324,1
187,3060,1
187,1354,2
187,1784,3
187,16,4
187,1704,3
187,1635,4
187,21,1
187,1466,2
187,1639,1
187,293,1
187,3155,4
187,1545,3
187,3083,4
187,3246,3
187,529,2
187,3160,3
187,562,2
187,1594,2
187,1094,3
187,1673,3
187,535,3
187,621,2
187,249,2
187,1733,1
187,1487,3
187,272,3
187,2718,3
187,1633,2
187,3163,4
187,446,4
187,314,3
187,2291,2
187,2333,4
187,1357,1
187,194,2
187,150,2
187,247,1
187,571,3
187,1393,2
187,235,1
187,1245,2
187,2329,4
187,1358,3
187,2801,3
187,2975,4
187,337,1
187,678,4
187,1728,4
187,2994,1
187,2890,1
187,2493,4
187,3128,3
187,476,1
187,290,3
187,34,3
187,17,2
187,483,3
187,381,2
187,2697,4
187,608,2
187,2028,3
187,321,4
187,2996,4
187,2610,1
187,1213,3
187,2501,2
187,838,4
187,2966,2
187,232,1
187,205,2
187,1482,3
187,3179,3
187,1916,4
187,2337,1
187,3285,1
187,3512,3
187,3753,2
187,3578,2
187,3409,2
3441,3553,1
3441,3743,1
2826,3578,4
184,479,2
184,1129,4
184,1221,1
184,1100,3
184,1961,1
184,1196,2
184,515,4
2826,1218,1
1780,551,4
1780,1810,1
1780,1513,1
2826,2611,3
2826,3302,3
1780,733,1
609,3745,4
609,3300,4
1780,2605,3
1780,2028,1
1780,517,2
1780,2321,3
195,944,1
4126,165,1
4126,2012,3
4126,1270,4
4126,2011,3
195,2019,1
195,2550,4
195,924,2
195,1247,3
195,1267,1
195,1278,4
195,1206,4
195,1214,4
185,1918,3
185,208,4
185,9,1
185,1687,4
185,153,1
185,168,3
185,1479,3
185,1544,2
185,1792,2
185,485,3
185,2002,4
185,1552,4
185,2763,1
185,2617,1
185,165,1
185,1801,1
185,288,1
185,1676,1
185,303,2
185,2393,1
185,1586,4
185,329,1
185,2826,2
185,780,4
185,1580,2
185,1610,3
185,1372,2
185,2916,4
185,2879,4
185,380,3
185,349,1
185,1370,1
185,1356,1
185,1429,1
185,1608,3
185,2058,3
185,480,3
185,2006,1
185,110,1
185,3256,2
185,2427,4
185,589,1
185,2028,2
185,1233,1
185,3578,3
185,3916,1
195,1371,2
185,849,1
185,1250,1
185,3948,1
185,3513,4
185,2628,3
195,2877,3
195,1380,4
195,2640,4
195,3498,1
195,1234,1
195,260,3
195,1193,4
195,1994,4
195,265,1
195,3576,1
195,150,4
987,2442,3
987,1363,3
2414,1249,1
2414,2021,3
2414,2193,3
2414,1025,3
2414,2033,2
195,2467,2
195,1172,3
195,3067,1
2414,372,1
2414,1885,2
2414,1100,3
195,1259,1
2414,2504,1
195,2020,3
195,1197,3
195,1131,3
186,2701,2
186,3176,2
186,2395,4
186,2485,4
186,3081,4
186,2692,2
186,1513,1
186,24,2
186,2490,2
186,2581,4
186,2734,3
186,2805,3
186,785,1
186,2713,3
186,2606,4
186,2995,3
186,2688,1
186,2716,2
186,2580,2
186,2428,1
186,2599,3
186,2336,1
186,3113,4
186,2772,2
186,1911,3
186,2759,2
186,2881,2
186,3016,3
186,2541,1
186,2722,2
186,2038,3
186,2770,4
186,2694,1
186,2710,2
186,2683,3
186,2707,1
186,2699,4
186,2858,1
186,1127,1
186,2572,2
186,2706,2
186,2826,2
186,3054,4
186,2123,2
186,1030,3
186,2090,3
186,1920,1
186,1405,3
186,1566,1
186,2141,4
186,1024,1
186,1025,4
186,1907,3
186,616,1
186,364,3
186,661,4
186,2294,4
186,2078,3
186,1033,4
186,783,1
186,2096,2
186,2081,3
186,2355,1
186,594,1
186,2087,3
186,2987,4
186,2085,4
186,2080,3
186,2700,3
186,596,4
186,595,1
186,1029,3
186,1,1
186,3000,1
186,741,1
186,293,1
186,3735,1
186,1968,4
186,1247,4
186,1200,4
186,1206,1
186,1136,2
186,1089,2
186,2018,4
186,2137,3
186,3480,3
186,2997,1
186,1214,3
186,2571,1
186,1240,1
186,1387,1
186,2313,3
186,2762,2
186,1270,2
186,1197,1
186,2396,4
186,1090,3
186,589,1
186,1201,1
186,2761,4
186,296,2
186,527,2
186,1147,1
186,50,1
186,919,1
186,318,4
186,2028,3
186,3424,2
186,1198,2
186,260,4
186,1196,2
186,3565,4
186,648,3
186,3159,1
186,3555,2
186,3578,1
186,3793,3
186,2552,3
186,1097,2
186,2102,1
186,1210,3
186,2364,3
187,858,1
187,1304,1
187,58,2
187,538,2
187,920,2
187,261,2
187,593,2
3340,3753,1
5689,3949,2
5333,3536,2
5333,1979,3
5333,1974,4
1635,2046,3
1635,2083,4
1635,1093,3
1635,805,3
1635,2539,2
1635,1485,1
1635,1729,2
1635,3107,4
5333,1804,4
1635,141,1
1635,3252,1
1635,647,3
1635,1517,1
1635,2496,3
1635,1611,1
1635,508,3
1113,1217,2
1635,300,4
1635,1411,2
1635,1719,3
299,2763,2
299,3176,4
299,2686,4
1064,3793,4
299,2502,2
1779,255,4
587,2289,2
1779,1760,4
1779,1410,3
1779,2036,1
587,73,3
1779,234,2
587,3385,3
587,2241,3
587,2659,3
587,3525,2
587,2262,4
587,3688,2
587,2150,1
1779,3,2
1779,153,4
1779,70,1
1779,88,1
1779,518,3
1779,784,4
1779,2385,4
1779,1918,4
1779,788,1
1779,2335,4
1779,542,3
299,785,2
299,2390,1
1779,3258,1
1779,2012,3
587,312,2
299,2599,3
299,3408,3
299,2881,3
299,2759,3
299,223,1
299,2433,1
1779,1870,3
1779,1485,4
1779,1405,4
1779,3263,2
299,2908,1
299,2355,2
299,2997,2
1779,833,3
299,2858,3
299,953,3
1779,1391,2
1779,339,1
1779,216,3
1779,1858,3
1779,231,1
1779,708,3
1779,1516,3
1779,2424,4
4387,1619,4
4387,3145,4
1779,671,4
4387,3266,2
1779,69,1
4387,1727,2
4387,832,4
4387,3252,2
4387,1268,2
1779,367,1
1779,1476,1
4387,647,4
1779,2124,4
1779,799,1
4387,1279,4
4387,148,1
1779,551,4
1779,1777,1
1779,180,2
1779,1500,3
4387,1758,2
4387,2959,4
1779,356,2
587,2864,4
1779,104,1
1779,1517,3
1779,735,1
5643,3145,4
1779,1784,4
4387,381,4
1779,1923,4
4387,488,4
4387,3060,4
5643,2436,1
4387,230,4
4387,1730,1
4387,271,2
4387,1061,2
4387,538,2
5643,3534,1
4387,508,4
1779,2596,4
1779,2324,2
1779,1,3
4387,3723,1
1779,1265,4
4387,2156,1
4387,3079,2
4387,3148,4
4387,62,3
4387,1271,1
4387,3105,1
4387,1120,4
355,1203,3
1779,1779,3
1779,1591,2
1779,1917,4
1779,1373,3
1779,173,2
4387,1280,4
4387,34,3
4387,529,3
1779,2735,4
4387,1682,3
1779,208,1
4387,1411,1
4387,242,1
1779,1371,3
1779,44,3
4387,1873,1
1779,1544,3
355,2107,2
1779,653,1
1779,2054,2
1779,1552,2
355,2298,2
1779,316,4
1779,1377,4
1779,1967,2
355,2412,3
355,2568,3
1779,2429,1
1779,380,2
1779,1261,4
1779,648,4
355,169,3
355,688,1
1779,2005,2
1779,2167,4
1779,1372,3
355,65,4
355,700,4
1779,10,4
1779,1580,3
355,3439,1
1779,2006,4
1779,1275,1
1779,610,3
1779,2617,3
1779,3168,2
355,2713,2
1779,1376,2
1779,1356,3
1779,592,4
355,2701,2
355,1644,2
1779,2916,1
1779,1374,1
1779,733,2
4277,1422,2
355,3440,2
355,2338,1
1779,590,2
1779,480,3
1779,1215,2
1779,1210,3
355,3773,3
355,435,1
355,413,4
355,2574,3
355,833,2
1779,1259,2
1779,1291,1
355,2188,1
355,879,4
355,637,2
355,2676,4
355,2505,2
355,765,3
1779,1196,4
1779,29,4
355,2042,2
355,2840,1
1779,3826,3
1779,3863,2
355,886,2
355,355,1
355,3258,2
355,2126,4
355,267,4
355,3489,3
355,196,4
355,2772,1
355,2719,2
1779,3910,3
355,2672,2
355,1831,4
355,542,1
355,3053,4
355,788,4
355,3243,2
355,1590,3
355,2389,3
355,2907,2
355,88,1
1779,2987,3
1779,3793,3
1779,2600,2
1779,1623,3
1779,2701,2
355,1825,1
355,2616,4
355,2500,3
355,42,4
1779,3745,1
355,405,4
355,1391,3
1779,2700,4
355,786,2
355,2881,1
355,1690,3
355,1544,2
355,2485,2
355,2,4
1779,2762,3
1779,3273,2
1779,3081,2
355,1894,4
355,1884,2
355,2581,4
355,69,1
1779,2686,3
355,1385,4
355,2320,4
355,376,1
1779,2598,4
355,1895,2
355,410,4
355,517,1
355,2335,3
1779,2490,4
355,429,2
355,1917,1
355,2082,3
1779,2709,4
1779,2723,3
1779,3354,3
1779,3623,4
355,1717,1
355,996,1
1779,3160,2
1779,3174,1
355,7,4
355,3257,3
355,70,1
355,2541,2
355,1027,4
1779,785,1
1779,2761,4
355,1619,3
355,662,2
1779,2995,2
355,2012,1
355,2427,1
355,3263,1
1779,2688,3
1779,3578,2
1779,2716,4
1779,3175,2
355,2683,2
355,2617,4
355,2094,3
1779,2959,1
1779,3409,1
355,3173,4
1779,2605,4
1779,3113,1
355,2694,1
355,653,2
1779,2881,3
1779,3751,2
1779,2541,3
1779,223,3
355,3005,3
355,1586,3
355,1100,4
355,2046,1
355,1457,2
355,1645,2
1779,2710,4
1779,2694,4
355,27,3
355,2124,1
1779,3593,4
1779,2699,2
1779,2706,3
1779,2858,3
355,832,2
355,1909,4
355,1372,4
355,216,1
355,2605,3
355,1687,4
355,2916,2
355,2889,3
1779,3527,4
355,1120,4
355,1483,1
355,2826,2
355,231,4
355,3264,1
355,1597,4
355,780,4
355,3081,2
355,802,3
355,344,1
355,207,3
355,2496,4
355,2567,3
355,1747,1
355,2671,2
355,590,1
355,353,2
355,1805,3
355,3253,3
355,1517,3
355,2169,1
355,511,2
355,2060,1
355,1653,1
355,1407,1
355,62,2
355,2706,4
355,3052,2
355,1673,1
355,112,1
355,1722,3
355,1748,4
355,253,2
355,1892,4
355,1059,4
355,3174,3
355,3250,3
355,337,1
355,480,3
188,3768,3
188,1196,2
188,303,2
355,1682,4
355,3259,1
355,32,3
355,1693,3
355,3499,4
355,1784,3
355,3271,3
188,3072,2
188,204,1
355,1271,3
355,1393,3
355,150,3
355,1721,3
355,377,4
355,2353,2
355,3147,3
355,1912,3
355,2890,4
355,2501,4
355,3100,3
355,457,4
355,2959,3
355,2329,3
355,2762,2
355,3276,3
355,3555,3
355,3578,2
5825,2890,2
355,1288,4
355,1197,2
355,3948,3
5333,3538,3
5825,2710,1
2593,2966,2
192,257,1
192,1590,4
192,3810,4
192,436,2
2125,2084,2
2125,1487,1
2125,1088,4
192,100,2
2125,1093,2
192,547,2
192,185,4
2125,1057,2
2125,2746,3
2125,1416,3
2125,2081,2
192,1647,3
2125,199,1
2125,914,2
192,1320,3
192,132,3
2125,1947,3
2125,1028,3
192,1754,2
2125,919,2
2125,3545,3
192,1717,3
192,2605,4
192,1876,4
192,376,2
192,3249,2
195,1777,2
192,1459,3
192,2803,3
192,1608,2
192,288,3
192,292,3
192,1783,1
192,3082,4
192,259,4
192,481,2
192,1092,4
192,165,2
2125,3949,1
192,280,2
192,230,1
192,1909,4
192,2320,3
192,22,2
2125,239,2
2125,2800,1
192,1732,3
192,1645,2
192,832,2
192,164,4
2125,2092,1
2125,48,3
2125,2142,3
2125,1881,1
192,1407,1
192,628,4
192,1653,1
192,1805,3
5825,320,3
192,3147,4
192,1834,2
5825,3747,2
2125,783,3
2125,1920,1
2125,1064,2
2125,1030,2
192,2542,3
192,16,2
192,1343,1
192,1610,2
2125,1688,1
2125,1566,2
2125,2141,3
192,1249,3
2125,2394,3
2125,2089,4
2125,1907,2
2125,1025,3
2125,2687,3
197,2858,1
2125,2294,1
2125,596,3
2125,2085,1
2125,2078,2
2125,588,3
2125,1029,3
2125,2090,4
192,378,4
197,3538,4
192,2297,2
192,236,3
192,237,3
2125,2137,3
2125,2087,1
2125,2096,2
2125,2355,4
2125,364,3
2125,1022,2
189,3452,3
192,1735,4
192,1339,1
2125,3034,1
2125,1223,3
2125,2139,1
2125,2761,3
2125,595,1
2125,2987,3
189,1242,3
192,1475,2
192,2424,3
192,353,2
192,1597,2
189,1090,4
2125,1274,3
2125,1023,2
2125,3429,1
2125,741,2
2125,3213,3
2125,594,4
2125,720,2
192,105,4
189,2541,1
189,1704,3
192,802,2
189,2106,4
192,1721,4
192,339,1
189,175,4
189,353,4
192,224,1
189,2628,3
189,260,2
189,2572,2
192,440,2
189,2706,2
2125,3654,3
192,1680,2
192,377,1
189,1379,1
189,1378,3
2125,1610,2
195,3300,1
192,2125,2
2125,858,1
2125,1233,1
2125,1196,2
189,2329,1
192,1639,1
192,1393,4
189,2858,1
195,70,1
192,1357,1
192,39,3
189,2762,3
189,3916,4
192,293,4
190,1976,3
190,1977,1
190,611,1
190,891,2
192,1265,3
190,1544,3
190,3918,3
190,804,1
190,648,1
189,3238,1
190,2135,2
192,1562,4
190,480,4
2125,3515,2
190,3917,2
2125,3457,2
189,3285,3
190,1466,2
190,1129,4
190,2160,2
192,160,4
189,2959,1
189,170,2
192,673,2
192,761,3
192,3705,1
192,173,4
190,1282,3
195,2858,1
2125,3594,1
189,1717,1
189,3273,3
192,809,4
2125,3753,4
2125,3917,3
192,552,2
192,849,2
192,168,2
189,870,3
192,316,3
192,3489,2
192,153,4
192,208,1
192,2822,4
189,318,2
192,329,3
192,736,1
192,648,3
192,1049,3
192,1552,3
189,2028,2
189,1097,4
190,3108,1
2125,1250,3
2125,2160,1
2125,2791,3
190,3328,4
189,1208,1
192,10,4
192,380,4
192,1015,4
192,2628,4
192,1377,4
189,593,4
190,1732,2
189,605,1
190,1029,4
190,3598,3
190,2139,1
192,2006,2
192,1372,1
191,2997,3
190,2195,4
190,2096,1
190,2780,1
190,594,2
190,3526,1
190,2321,3
190,3101,1
190,1298,4
190,421,2
190,1124,2
190,1968,3
190,21,1
190,293,2
190,2000,2
190,2946,3
190,2706,3
192,1276,3
190,474,3
190,2734,3
3620,3744,3
190,1641,1
190,2968,1
190,3499,1
190,2329,3
190,1275,3
3620,3566,4
190,2987,4
192,3745,2
190,1982,3
3620,2797,3
3620,2694,3
190,3793,1
192,3176,3
192,2702,1
190,3508,3
190,3702,3
190,1099,1
190,1032,2
190,3422,1
190,110,1
190,969,1
192,2686,4
192,2093,4
190,1350,2
192,2906,2
192,2013,1
192,2394,1
190,1125,2
190,3210,2
190,3363,3
190,6,2
190,592,2
190,2109,3
190,1729,1
190,2459,3
191,145,4
190,1962,1
192,3354,3
192,2622,3
190,1923,4
190,235,3
190,3039,1
191,3525,3
190,1343,4
190,1073,2
190,1941,4
190,2194,4
190,3424,2
191,2060,2
190,2288,1
190,3671,2
190,1610,4
190,352,4
190,1580,4
190,1960,3
190,2700,3
190,3839,3
190,1333,3
190,2947,1
190,2550,4
192,2688,2
192,2716,1
190,1344,4
190,1393,3
190,1186,2
190,1374,2
190,1259,1
192,2712,1
192,233,4
192,2959,4
192,3159,1
190,2745,3
190,1231,1
192,3113,2
190,2174,1
191,1517,4
190,3868,4
190,428,3
190,2395,2
192,1093,2
191,1917,2
191,2707,3
190,3160,1
190,3733,1
192,2541,2
195,1653,4
190,3608,3
190,1411,3
190,2918,1
190,1242,3
192,3593,1
192,2707,1
190,2863,1
190,1080,3
190,296,3
190,899,2
190,47,4
190,2599,2
190,1294,4
190,1036,2
190,589,2
190,1285,3
190,1258,4
192,1127,1
190,1266,3
190,2571,2
190,1240,4
190,1245,2
192,1968,2
192,1036,1
192,1285,4
195,1730,2
195,377,3
195,2333,3
195,1840,1
190,1,3
190,2289,3
190,1214,1
190,3735,3
190,2580,1
192,1270,1
192,2174,4
192,3360,2
190,1288,1
190,1228,4
190,2762,1
190,1089,3
190,2912,2
191,3421,3
190,1299,2
190,260,3
190,1219,3
190,1193,3
190,1136,2
192,1197,1
192,1240,1
191,2539,2
190,265,1
190,912,3
190,2804,2
190,1225,1
191,1693,3
195,1683,2
195,43,2
195,590,3
190,1207,2
190,1252,4
190,608,3
190,1617,2
192,1198,3
190,593,3
190,1237,2
191,2329,3
191,2858,3
191,2706,2
190,858,1
195,229,4
190,70,4
190,2792,3
191,1608,2
191,413,1
190,2791,1
190,2858,4
190,2657,2
190,551,3
192,1617,1
192,50,1
191,344,1
191,19,4
191,409,2
191,2188,4
195,2321,3
191,1609,1
190,1221,1
190,3254,4
190,2028,4
192,303,3
192,1266,1
192,590,1
192,996,4
192,553,3
190,541,1
190,1197,3
191,1193,4
191,333,2
190,1721,1
192,1208,3
191,260,3
191,193,1
191,1062,3
192,1210,2
192,1090,4
192,1200,4
192,1196,4
2303,2322,3
192,780,1
192,1488,2
192,151,3
192,266,2
192,1183,3
192,647,1
195,1883,3
195,1537,2
192,161,1
192,3247,4
192,317,1
192,788,4
192,1753,2
192,2060,3
195,2425,2
192,371,2
192,2694,3
192,2012,2
192,1391,4
192,587,4
192,7,4
192,1020,1
192,539,1
192,543,3
192,466,3
192,344,2
192,708,1
192,2706,1
195,1923,1
192,1711,2
192,2002,4
192,1476,1
192,2539,3
192,2683,1
192,333,4
192,500,1
192,367,3
195,2310,4
195,531,4
192,3450,4
192,785,2
192,1042,4
192,468,4
192,104,1
192,671,2
195,1784,1
192,1500,2
192,1923,2
192,357,3
192,21,4
192,1883,4
192,2108,3
192,45,4
192,223,4
192,1885,1
192,441,3
192,2169,2
192,2395,4
195,1179,2
195,1249,4
192,2997,1
192,2396,1
192,2599,3
195,17,1
195,1243,3
195,34,1
192,3317,4
192,1246,2
192,36,4
195,589,2
192,296,3
192,608,1
195,2329,1
192,1722,3
192,358,2
192,457,4
195,2336,2
195,110,4
195,1358,1
195,1393,1
192,11,4
192,1784,1
192,3108,4
192,3105,2
192,428,4
192,1060,4
195,3147,4
192,1635,1
192,3060,1
192,41,4
192,25,4
192,1411,4
192,34,1
192,994,1
192,2908,4
192,1704,1
192,2289,4
192,3006,1
192,318,1
192,2858,3
192,527,3
192,507,3
192,1518,4
192,1385,2
192,198,1
192,1356,4
192,112,4
192,1370,2
192,349,4
192,1580,2
192,2427,3
192,6,1
192,1573,2
192,3256,2
192,480,3
192,2278,4
192,733,2
192,474,3
192,1408,1
192,511,2
192,589,3
192,2571,4
195,608,1
192,110,1
192,356,4
192,391,4
192,2115,2
195,2686,3
1228,2561,3
1228,70,1
1228,2723,2
1228,3819,4
1737,240,3
1737,891,1
1737,2515,3
1737,3043,4
1737,2153,2
1737,502,2
1737,2807,4
1737,2386,2
1737,3774,4
1737,2555,2
1737,2817,4
1737,3268,1
1737,2107,4
1737,325,3
1737,66,4
1737,181,3
1737,1731,2
1737,1826,2
1737,3705,1
1737,470,4
1737,747,1
1737,2882,1
195,1266,2
1737,437,4
1737,1495,1
1737,2835,4
1737,3663,4
1737,1760,4
195,1734,2
195,30,4
1737,427,3
1737,606,4
1737,2152,2
1737,2974,1
1737,1999,2
1737,3709,3
1737,1105,2
1737,1595,1
1737,519,1
1737,3835,3
1737,1556,4
1737,704,1
1737,1499,2
1737,2548,3
1737,688,4
1737,1445,4
195,50,2
1737,1869,4
1737,810,1
1737,611,3
1737,169,2
1737,840,2
1737,191,4
1737,1756,1
1737,1707,4
1737,1427,3
1737,3669,2
1737,419,1
195,1213,4
1737,413,1
1737,3661,4
1737,1993,4
1737,2412,2
1737,880,3
195,318,4
1737,2720,3
1737,172,2
1737,2818,4
1737,374,3
1737,160,2
1737,2296,4
1737,3439,2
1737,2505,4
1737,2808,4
1737,1623,1
193,2248,3
193,649,4
193,3481,1
193,1875,3
193,3699,3
193,1500,1
193,608,3
193,3728,3
193,21,3
193,1094,2
193,581,2
193,348,2
193,1186,4
193,11,2
193,3801,1
193,2413,3
193,3911,4
193,1250,1
193,2520,2
193,2788,3
193,2966,2
193,3909,3
193,2721,3
193,919,1
193,913,4
193,2583,2
193,223,3
193,1639,4
193,1794,3
193,1648,1
193,82,3
193,900,1
193,3549,4
193,2565,1
193,2941,1
193,2096,2
193,2361,1
193,3114,4
193,3751,3
193,588,2
193,2395,3
193,1265,2
193,2318,3
193,1238,2
193,2804,1
193,34,3
193,2599,2
193,1080,2
4465,1230,2
194,69,4
194,2012,2
193,745,3
193,3897,3
193,1546,1
193,1148,3
193,3671,2
4465,2313,4
193,1234,1
193,3135,1
193,3421,2
193,1206,4
193,1235,1
193,1292,3
193,1136,1
193,1294,4
193,3194,3
193,1278,3
193,1333,2
193,2728,1
4465,3578,4
4465,2731,3
2935,2720,3
2935,2333,2
193,3634,1
2935,2336,4
2935,2959,3
2935,2605,3
193,1219,3
193,1947,2
2935,2369,1
2935,2881,1
193,3469,1
193,750,3
193,2300,1
2935,2147,4
2935,3016,2
2935,3203,1
2935,223,1
2935,2770,3
2935,3298,1
2935,2355,3
193,1253,1
193,1103,1
2935,2188,1
2935,2683,4
2935,2826,1
2935,2699,4
193,2186,3
193,1287,4
193,908,1
193,922,4
193,3196,3
193,926,1
193,1944,1
193,1104,2
193,1203,1
193,969,4
193,899,4
193,910,3
193,1237,1
193,2176,3
193,918,2
193,2204,1
193,931,2
193,3061,3
193,3606,4
193,2202,3
193,929,4
193,1269,1
193,2936,3
193,1282,3
193,2612,2
193,2398,2
193,2203,2
193,946,2
193,2920,2
193,3095,3
193,928,4
193,898,3
193,1284,3
193,942,1
193,3435,4
193,3929,3
193,912,2
193,923,2
193,3097,1
193,1254,2
193,1734,2
193,2609,3
193,776,4
193,2289,1
193,176,2
193,36,3
193,162,2
193,2997,2
193,1183,3
193,1719,2
193,1188,3
193,1694,3
193,3260,4
193,1358,1
193,3150,4
193,1617,3
193,1041,4
193,720,3
193,50,1
193,1704,3
193,1733,2
193,2762,2
193,1223,4
193,2357,1
193,2858,2
193,1446,3
193,514,2
193,2498,1
193,1311,1
193,2626,2
193,984,2
193,1097,1
193,2132,2
193,2939,3
193,3417,2
193,454,2
193,2829,2
2036,2659,4
3430,1233,3
5428,3555,2
5428,3578,3
4312,1965,4
194,3809,4
194,237,4
194,1021,4
194,1911,4
194,3869,1
194,317,4
194,1569,2
194,1367,4
194,1753,3
194,587,3
194,2384,2
194,2321,1
194,552,3
194,248,2
194,1513,4
194,1042,1
194,216,4
194,2599,4
194,2496,1
194,588,3
194,440,1
194,3450,4
4312,1594,2
4312,1272,1
4312,3481,3
194,344,4
194,2124,4
194,586,3
194,3255,3
194,339,2
194,1580,1
194,367,1
4312,3424,2
4647,3002,2
194,356,1
194,2724,1
194,500,1
194,34,2
194,1517,2
4312,150,3
194,747,2
194,2918,3
4312,2908,3
194,3594,3
194,3453,1
194,3565,3
194,3454,1
194,3743,4
194,2291,3
194,39,2
194,1265,4
194,1,1
194,912,4
194,2501,4
194,362,2
194,3786,2
194,3868,2
194,2795,4
194,2423,3
194,783,4
194,1954,1
194,110,3
194,3877,2
194,1485,1
4312,1288,1
4312,913,2
4312,3181,2
1737,1503,4
1737,2053,1
1737,2906,1
1737,274,2
1737,2798,3
1737,3054,4
1737,719,1
1737,762,2
1737,473,3
1737,692,1
1737,2713,1
1737,3919,1
1737,276,4
1737,2448,4
1737,327,4
1737,1681,4
1737,259,2
4562,1287,4
4562,2542,3
4562,1207,4
1737,2196,2
1737,2953,1
1737,455,1
1737,338,4
1737,2170,2
1737,2793,2
1737,1592,3
1737,3802,1
1737,1359,4
1737,836,2
4562,720,1
1737,2719,4
1737,1862,1
1737,1644,4
4562,1221,3
1737,1037,1
1737,135,3
1737,2598,3
1737,3051,3
1737,19,3
4562,3176,3
4562,2841,3
4562,2700,2
4562,2806,3
1737,818,1
1737,1744,1
1737,1779,3
4562,3219,3
4562,1513,3
4562,2734,1
1737,2898,3
1737,2279,1
1737,3248,4
1737,1882,2
4562,3160,3
1737,185,3
4562,2805,3
4562,3510,3
4562,2688,4
4562,2541,1
4562,2336,4
4562,2433,2
4562,223,2
4562,3593,3
4562,2683,3
4562,2770,4
4562,3786,3
4562,3004,4
4562,2378,4
4562,1126,3
1737,3146,1
1737,1884,1
1737,743,1
4562,3844,2
4562,3268,3
4562,3897,4
4562,3911,2
1737,1973,1
1737,328,4
1737,1588,1
1737,1438,2
1737,2297,3
1737,1831,2
1737,2126,2
1737,88,3
1737,1605,1
1737,1113,3
1737,3489,2
1737,2516,1
5636,2359,4
1737,1390,4
195,3745,1
195,3578,2
195,3751,2
1737,1320,4
1737,173,4
5636,3624,1
5636,3481,1
195,356,1
1737,542,4
1737,1858,3
1737,2322,2
1737,879,1
1737,1614,3
1737,2325,2
3112,1292,3
3112,2914,2
1737,3258,3
1737,2840,3
1737,3156,2
1737,2724,2
1737,89,3
1737,1620,4
1737,1377,1
1737,2,3
1737,196,4
403,3408,4
1737,2772,4
1737,44,3
1737,2881,2
2472,3176,3
1958,1011,4
1737,3249,4
1958,1009,1
1958,2116,1
2472,2560,2
2472,1513,2
403,3481,2
2472,2900,3
2472,2392,1
1737,1363,2
1737,3263,3
1958,2038,1
1958,2051,3
1958,2657,3
1737,2806,3
1737,585,2
1958,1073,2
1958,3396,4
1737,1616,3
1737,2888,2
1737,1665,4
2472,3578,3
2472,2716,1
2472,2688,3
2472,2959,1
1737,7,2
1737,1603,4
2472,2369,3
2472,1911,4
2472,3203,4
199,2597,1
2472,2710,4
2472,2694,1
199,3208,1
1737,177,3
2472,2699,1
2472,2683,4
199,2468,2
1737,204,1
1737,2335,3
199,1393,3
1737,1894,1
1737,1911,1
2472,1127,4
2472,2706,4
199,1735,4
199,3,4
199,21,2
1958,2640,2
1737,3686,2
1737,520,1
1737,371,3
1737,494,3
1958,1387,4
1958,1954,2
199,3269,3
199,357,1
199,3108,4
199,1744,4
199,1457,4
299,1929,2
1737,188,4
199,849,2
199,786,1
253,1929,1
199,1196,1
199,1597,4
199,1542,3
3592,2677,1
199,1215,4
199,2858,2
199,1225,4
199,11,3
199,3534,2
199,1203,4
1737,1586,1
1737,517,2
199,3268,3
199,502,3
199,71,1
199,1499,2
199,694,4
199,360,1
199,2253,1
199,315,3
199,3841,3
199,1590,4
199,20,2
199,1604,1
199,204,1
199,1438,3
196,3546,2
196,1834,1
196,2762,1
196,2952,4
196,903,4
196,1240,2
196,1200,3
196,111,3
196,904,4
199,9,3
199,44,4
199,208,2
199,1866,2
196,1267,1
196,1089,2
199,376,1
199,1687,3
196,593,1
196,1252,1
196,50,2
196,908,4
196,1617,4
199,170,1
199,434,3
199,95,2
199,1385,4
199,548,2
1737,317,1
199,227,3
199,70,1
199,423,3
199,1377,3
199,809,3
199,303,1
199,2617,3
199,112,1
196,3481,2
196,3515,3
196,3751,3
199,886,2
199,1858,2
199,1916,3
199,1792,2
1737,2581,4
196,608,2
196,2858,3
196,1213,3
196,296,3
199,733,3
199,288,4
199,2167,4
199,1047,1
199,10,1
1737,2427,2
199,2353,3
199,380,3
199,349,2
199,861,2
199,3256,3
1737,491,3
1737,2606,4
199,145,3
199,474,4
196,3948,4
199,457,1
199,1610,4
1737,1049,1
1737,216,1
196,3897,3
196,3911,1
1737,1485,1
196,1221,4
196,1625,2
1737,832,3
196,912,4
196,357,4
196,1193,2
196,2183,1
197,3481,4
1737,2826,3
1737,165,3
1737,339,3
1737,2024,2
1737,708,4
1737,2540,3
1737,3107,4
197,1393,1
197,412,4
1737,316,2
1737,2841,3
197,1090,2
197,265,3
1737,329,4
1737,2763,3
1737,2424,1
1737,1094,1
197,1246,3
197,3147,4
197,3160,4
197,1259,4
1737,1653,2
1737,1598,3
1737,2302,1
1737,1408,3
197,1060,3
1737,3005,1
197,1222,2
1737,454,3
1737,2617,4
197,2324,3
1737,3219,4
197,593,2
1737,671,1
197,3897,1
1737,1639,2
197,318,3
1737,1396,2
1737,474,1
1737,595,4
1737,34,4
1737,367,3
208,2186,3
198,2368,4
198,2404,2
198,546,2
198,160,1
198,3268,1
1737,1183,4
198,1562,3
1737,588,3
198,2642,3
1737,1476,2
1737,2058,3
1737,3259,2
1737,112,2
208,162,1
208,246,2
208,1649,4
198,1752,3
198,2402,1
198,1037,4
198,153,4
198,2373,1
208,3007,4
197,1197,4
197,1270,4
198,2986,4
198,3764,1
198,2403,2
198,1544,4
198,2365,2
198,3257,1
208,1219,2
208,2366,1
208,1387,1
208,2716,4
208,1258,3
208,1214,3
1737,3839,1
1737,3662,4
197,2272,1
197,480,3
1737,293,2
1737,1456,4
197,1370,1
198,1385,2
198,1320,1
198,1917,4
198,95,1
198,3697,3
198,1371,3
1737,2108,1
1737,150,3
1737,223,3
208,2321,3
198,3744,3
198,1597,4
198,434,1
198,2023,1
198,736,3
198,1876,3
198,1690,4
198,1586,2
1737,2858,2
1737,1356,4
1737,2542,2
208,1748,4
208,2107,4
208,1982,2
208,1974,3
1737,3178,2
1737,1393,4
1737,551,1
1737,3006,4
208,3705,4
208,1240,3
208,589,4
208,3649,4
208,1644,2
208,2338,2
208,597,1
208,509,3
198,2105,1
198,3438,2
198,1587,4
198,1552,3
198,165,1
198,3740,2
198,292,3
198,3698,4
198,2527,2
198,1378,1
198,2989,3
3592,2889,4
198,780,1
198,2393,2
198,3107,3
198,316,2
198,10,4
198,2628,1
198,2193,1
3592,2390,4
198,349,1
198,3635,1
198,1356,3
198,2115,1
198,2985,3
198,377,3
198,1370,2
198,1954,2
198,3639,3
198,3256,4
198,3763,4
198,2916,2
198,2991,3
198,2353,3
198,1372,2
198,2640,1
198,2363,3
198,1210,3
198,592,4
198,2993,2
198,2949,3
198,2948,4
198,3527,3
198,2944,2
198,2662,3
198,1374,3
198,1275,1
198,2058,1
198,1610,1
1737,1,4
198,2947,3
198,2571,4
198,1036,2
198,1200,2
198,1240,4
198,2529,4
198,1222,2
198,1291,1
198,110,3
198,858,1
198,1201,2
198,589,4
198,2028,1
198,1221,4
198,1214,2
198,1198,1
198,1387,3
198,1196,2
198,2366,2
198,260,1
1225,2948,2
1225,1466,4
1225,2966,4
1225,2791,4
1671,2768,3
220,2912,1
220,296,2
220,527,3
220,318,2
4449,3952,3
220,2628,3
220,160,1
220,2126,1
220,1644,3
4449,2607,3
220,1892,1
220,1711,2
220,1754,2
220,350,4
220,492,3
220,1732,2
220,648,4
220,3176,3
220,1589,4
220,2583,3
220,1484,2
220,1617,4
220,800,2
220,2686,4
220,1625,4
2882,2268,4
2882,1393,4
2882,2169,2
2882,2329,1
2882,1617,2
2882,2416,2
2882,2470,2
2882,3398,4
2882,2407,4
2882,3868,2
2882,2011,2
2882,3608,3
2882,2797,4
2882,2918,3
2882,3361,2
2882,1307,2
4937,3357,1
987,261,3
678,3897,2
987,3244,1
678,3483,3
711,492,2
711,2184,3
711,1625,1
711,1252,4
2828,293,3
2691,3510,4
2691,3948,1
2691,3408,2
2691,3536,1
2691,3578,4
2691,527,1
2691,745,3
2691,3265,2
2691,318,2
2691,1734,2
199,2445,4
199,2421,1
199,3825,4
199,4,4
199,1880,3
199,193,4
199,3257,3
199,511,2
199,3430,1
199,42,1
199,1515,2
199,1836,1
199,2541,2
199,996,2
199,3761,1
199,27,1
199,2504,2
199,2688,1
199,1363,3
199,2059,4
199,1487,4
199,2410,4
199,3707,3
199,424,2
199,1825,3
199,450,2
199,1804,3
199,2829,2
199,1816,3
199,1619,2
199,2702,3
199,2560,2
199,2524,2
199,365,2
199,372,2
199,2447,4
199,1884,4
199,3500,1
199,1279,4
199,2190,4
199,3506,2
199,1027,4
199,46,3
199,2271,4
199,2429,2
199,224,3
199,1711,1
199,292,4
199,2420,2
199,1620,1
199,1366,4
199,2297,1
199,2453,3
199,1093,4
199,832,1
199,2145,4
199,491,3
199,454,2
199,218,3
199,3252,3
2303,3513,2
2303,2334,1
199,1476,2
199,2712,4
199,2125,4
199,94,1
199,1061,4
199,350,3
199,3107,1
199,1271,4
199,3178,4
199,2282,1
199,493,3
199,1680,1
199,3628,3
199,409,4
199,3386,3
199,3408,3
199,2000,4
199,45,4
199,1120,4
199,508,1
199,3250,3
199,592,3
199,2268,4
199,3418,3
199,3198,1
199,16,3
199,1411,3
199,1678,3
199,72,4
199,1962,4
199,1012,1
199,1246,2
199,2430,2
199,300,1
199,281,1
199,3100,2
199,2959,2
199,3169,2
198,3388,3
198,3208,2
198,435,4
198,2002,1
198,2792,2
198,2413,4
198,597,2
198,1485,4
198,231,1
198,2496,4
198,587,3
198,543,4
198,2011,1
198,11,1
1141,3565,4
1141,3484,1
199,1682,3
198,2000,3
198,1663,3
198,1517,2
198,2078,4
1141,3745,3
1141,3624,4
199,1302,1
199,1784,3
199,778,2
199,1747,2
198,1968,1
198,3398,3
198,1923,4
198,2797,2
198,235,4
198,1220,3
1141,3512,1
1141,3555,1
1141,3286,1
198,3396,2
198,1278,4
198,3035,3
199,62,2
199,1954,4
199,1673,4
199,1259,2
199,36,2
198,2083,1
198,2423,2
199,3019,1
198,2335,4
198,2794,2
199,3196,1
198,485,2
198,3254,4
198,1646,2
198,3869,2
198,1007,2
198,3263,3
198,2378,1
198,216,4
198,1380,1
198,410,2
198,1614,3
198,2539,3
198,2372,1
198,2054,1
198,333,1
199,2745,2
198,2249,4
199,3160,1
199,150,2
198,1011,3
199,1054,3
198,3247,1
198,2012,4
198,3928,4
198,586,4
199,1222,4
198,708,4
199,1090,2
198,1020,1
198,1377,1
199,1635,2
199,296,3
198,3033,4
198,339,1
198,2133,3
198,2470,1
198,2141,4
198,2001,4
198,1016,3
199,2728,3
198,1010,4
199,954,1
198,2124,2
198,1777,4
198,500,4
198,380,1
198,2746,1
199,924,4
198,368,1
198,3450,3
198,3809,1
198,3873,4
199,2028,4
199,1358,3
198,2302,1
198,3448,4
199,608,1
199,111,2
198,2657,4
199,1213,4
198,2321,4
198,2003,4
199,3095,1
198,1580,4
198,2915,3
199,318,1
198,2081,4
198,3255,2
198,3060,1
199,3469,1
199,593,2
199,1207,3
198,2109,3
198,901,3
198,3039,2
198,104,2
198,3397,1
198,1028,4
198,3868,1
198,3552,4
198,2747,4
198,1285,1
198,3526,4
198,1125,4
198,588,2
198,1073,1
198,2874,1
198,1500,1
198,3253,4
198,2080,2
198,356,1
198,2064,2
198,1215,3
198,2791,3
198,1265,2
198,1394,3
198,1080,4
198,3608,2
198,1,4
198,2918,2
198,1197,2
198,1079,4
198,3671,1
198,3361,3
198,2788,3
198,1136,2
198,2804,1
199,1862,2
199,2701,2
201,1641,2
199,546,1
199,1750,3
199,2808,1
199,160,3
199,737,2
201,2858,4
199,1882,1
198,3948,4
199,2053,4
199,1591,2
199,173,3
199,379,3
198,3793,2
198,2987,2
199,2322,1
199,1603,2
199,1544,1
199,338,4
198,2763,4
198,3114,1
198,2700,2
198,2961,3
198,2394,4
198,3753,1
198,2502,4
198,2490,2
199,196,1
199,256,1
199,1917,1
199,2668,3
199,435,1
199,1371,2
198,2709,1
198,3623,3
199,2699,3
199,2530,1
199,3826,1
198,2805,2
198,2761,2
199,3698,1
199,2232,3
199,316,2
199,442,4
198,2716,3
198,3175,2
199,2628,1
199,1375,3
198,3159,3
198,2861,3
199,2657,2
199,2046,2
199,1573,1
201,265,2
199,2105,3
199,2528,2
199,329,4
199,2012,4
198,1093,1
198,1911,4
198,3615,2
201,1845,3
199,1376,1
199,2393,2
199,2533,3
199,2011,1
199,2640,4
201,1810,4
198,2433,3
198,223,1
198,3751,3
201,2629,2
198,2770,4
198,2355,1
199,968,3
199,1909,3
199,3032,2
199,1396,1
201,1968,2
201,2918,1
198,2997,2
198,2694,3
201,39,3
198,2699,4
198,2683,2
199,2455,1
199,2407,3
199,1356,1
199,1527,3
201,539,3
198,2706,1
199,2985,2
199,1584,2
199,1580,1
201,377,2
201,1888,1
201,2724,2
199,1653,3
199,3702,2
198,786,3
198,1270,3
199,3527,1
199,2529,2
199,1374,2
198,480,2
198,1625,4
198,1097,2
198,2174,4
201,762,4
201,2436,2
199,1127,3
199,1097,1
199,3326,1
199,3471,1
199,32,4
199,541,3
199,1214,1
199,1206,3
199,589,3
199,1240,4
199,2571,1
199,260,2
201,1296,2
199,1381,1
199,1556,4
199,3705,2
199,1398,2
201,515,3
201,1784,2
201,1357,1
201,2390,1
201,3536,1
201,514,3
199,258,1
199,2950,1
201,3078,2
199,1100,2
199,2822,1
201,3079,4
201,802,3
199,2316,3
199,1593,1
199,1801,3
199,1550,1
199,2942,3
199,1353,3
199,1605,4
199,736,4
199,788,1
199,1468,4
199,276,3
199,140,2
199,1479,1
199,1541,1
199,252,2
199,237,4
199,2154,1
199,351,2
199,3638,1
199,2572,4
199,1895,1
199,1339,3
199,295,2
199,1722,1
199,2671,4
199,708,2
199,543,4
199,1059,1
199,1380,4
199,2558,4
199,2006,2
199,1835,4
199,1101,2
199,361,3
199,2424,4
199,1777,2
199,852,3
199,1409,3
199,802,2
199,377,3
199,2491,4
199,1569,2
199,2469,2
199,1639,3
199,3358,2
199,1498,3
199,339,4
199,2025,3
199,2633,4
199,2502,3
199,1721,3
199,2406,3
199,2166,2
199,497,3
199,2291,3
199,222,1
199,2080,2
199,293,4
199,3668,3
199,163,2
199,17,4
199,1197,4
199,1947,3
199,1307,3
199,2396,3
199,473,4
199,688,2
199,466,2
199,1920,3
199,1445,1
199,1616,3
199,3441,4
199,1586,3
199,1676,4
199,780,2
199,1183,1
199,647,4
199,266,1
199,3448,4
199,356,4
199,1408,4
199,3062,1
199,976,2
199,161,1
199,2890,3
199,2944,1
199,110,1
199,2427,1
199,3836,1
199,1272,1
199,3654,1
199,2670,2
199,1294,2
199,1210,1
199,1263,2
199,1208,3
199,1200,1
199,1242,1
199,1256,1
199,527,4
199,912,4
199,3536,1
199,3354,2
199,3596,4
199,3755,2
199,3409,1
199,648,3
199,3578,1
199,3481,2
199,3510,4
199,3753,3
199,3793,4
199,724,2
199,597,3
199,1270,2
199,3253,2
199,480,1
199,3105,2
323,1226,2
323,920,2
323,1393,2
323,1643,4
323,293,4
323,2067,1
323,914,1
323,58,3
323,1066,1
323,899,1
323,912,1
323,3793,3
323,2987,4
323,2701,2
323,2763,3
323,3114,3
323,2070,3
323,2700,3
323,2840,4
323,2702,1
323,3176,3
323,3157,1
323,3081,3
323,2724,4
323,3185,3
323,2670,1
323,43,4
323,2692,2
323,1513,1
323,3753,3
323,3623,3
323,3053,1
323,2882,2
323,3175,1
323,3578,2
323,3510,3
323,2716,4
323,2712,3
323,2959,3
323,3408,2
323,2605,3
323,2599,4
323,2770,3
323,2710,2
323,2827,1
323,648,2
323,1732,1
323,1092,3
323,1589,2
323,1909,2
323,350,1
323,3801,1
323,1964,4
323,1950,1
323,608,4
323,2762,1
323,2571,1
323,2871,3
323,1036,1
323,1240,2
323,866,4
323,50,4
323,1089,4
323,1214,3
323,111,4
323,589,1
323,904,4
323,1200,4
323,593,2
323,924,4
323,1136,3
323,2289,1
323,1294,1
323,3037,4
323,1304,4
323,1276,1
323,1175,3
323,2,1
323,2105,1
323,317,3
323,2628,3
323,2174,3
323,1252,3
323,1267,1
323,913,1
323,1617,3
3842,3176,2
200,2599,3
200,2605,4
200,3408,4
200,2759,4
200,1911,2
200,3751,3
200,2041,2
200,2770,4
200,2355,4
200,2694,2
200,2997,4
200,3051,4
200,2827,4
200,2555,1
200,2699,2
200,2683,3
200,1127,3
200,2706,2
200,1605,4
200,1059,2
200,1441,4
200,2572,4
200,170,3
200,2779,4
200,8,3
200,940,2
1340,3298,1
1340,454,4
714,1644,3
201,3358,4
201,1721,1
201,3450,1
201,3299,4
201,125,1
201,1666,1
201,3481,4
201,3260,3
201,2340,3
201,1615,3
201,2961,3
201,608,3
201,1353,1
201,1732,4
201,2829,3
201,1923,2
201,1894,2
201,2424,1
201,2497,4
201,2432,3
201,3127,2
201,2396,3
201,1704,3
201,1608,2
201,2064,1
201,1674,3
212,1729,1
212,608,4
212,3360,1
212,917,2
212,908,1
212,111,4
212,1355,1
1858,2154,4
1858,648,3
1858,3578,4
1858,3751,1
1635,428,4
1635,1268,4
1635,2089,1
1635,3397,3
1635,2071,2
1635,2090,4
1635,3398,3
1635,2176,4
1635,2096,3
1635,2124,4
1635,3682,1
1635,1120,2
1635,2918,4
1635,2395,4
1635,1994,4
1635,1845,3
1635,1954,1
1635,1962,1
1635,1246,3
201,3162,1
1635,3396,4
2153,3438,1
201,296,2
2153,2193,3
2153,2015,3
1635,1961,4
1635,1333,1
1635,2398,3
1635,778,1
1635,1682,2
201,2359,1
1635,1302,1
201,2690,1
1635,3098,1
1635,3361,4
1635,1095,2
201,2996,2
1635,235,3
1635,1678,3
201,3125,2
1635,150,1
201,110,3
201,987,2
1635,3201,2
201,1874,2
1635,1245,1
201,2324,1
1635,2959,3
1635,319,3
201,1358,4
201,2689,2
1635,944,3
201,1197,3
1635,1704,2
201,2028,2
1635,953,2
1635,1203,1
1635,1340,4
201,527,4
1635,1231,3
1635,1176,3
1635,1304,4
1635,3789,4
1635,306,2
1635,1225,3
1635,1207,1
1635,3683,3
1635,1237,3
1635,923,2
1635,3469,2
412,3162,2
202,2083,1
3106,3578,2
202,2092,4
202,2141,3
202,1022,2
202,1029,2
202,2085,4
202,2087,2
202,2018,1
202,596,1
202,1032,3
202,2078,3
202,594,3
202,2355,2
202,1282,3
202,364,3
202,2987,2
202,3034,1
202,3213,4
1748,951,3
202,3489,4
202,2005,4
202,166,1
202,3392,3
202,65,4
202,19,4
202,3511,1
202,1760,2
202,174,2
202,2265,1
202,3146,1
202,2798,2
202,2379,2
202,360,3
202,2953,3
202,437,3
202,870,2
202,564,3
202,432,2
202,710,3
478,1094,4
478,590,2
202,2471,1
202,429,3
202,355,2
3106,3510,3
478,2890,4
478,3260,1
202,3752,2
202,1126,1
202,2169,4
202,2088,3
202,637,4
478,1,2
478,39,2
478,58,4
202,520,3
202,2027,3
202,1665,1
202,1746,3
202,433,1
202,256,2
202,312,3
202,3387,2
202,3258,4
478,1265,2
202,2478,2
478,2996,1
478,1223,4
478,1277,4
202,784,3
202,3882,3
202,2806,1
202,2413,4
202,2828,3
202,542,4
478,2908,2
202,275,3
478,3147,2
478,17,4
478,1041,4
202,2378,1
202,2072,3
202,1461,1
202,3302,2
202,719,1
478,150,3
202,3534,2
478,2692,3
478,1179,4
202,673,3
202,370,2
202,1588,1
478,2997,3
202,2416,3
478,1358,2
478,720,3
202,3033,4
202,2792,4
478,1704,1
478,1213,3
202,289,3
202,216,3
202,1884,1
202,785,4
202,2683,4
202,3500,4
202,1689,3
202,2335,1
202,414,2
478,2858,3
478,2396,1
478,608,2
478,50,2
478,593,3
478,318,1
202,186,1
202,3869,1
202,2054,3
202,2694,4
202,3243,3
202,2491,3
202,2249,1
202,586,2
202,231,4
202,1405,2
478,1148,4
202,410,2
202,1614,3
202,1091,4
202,1020,1
202,3525,4
202,5,1
202,1821,3
202,344,4
202,2012,1
202,3087,4
202,317,4
202,2567,3
202,371,1
202,663,1
202,569,3
202,3253,3
202,2109,1
202,2770,2
202,2867,3
202,539,2
202,2622,3
202,2447,2
202,2889,1
202,3515,1
202,3861,2
202,3263,4
202,2261,1
202,3450,1
202,2759,1
202,1485,4
202,1777,4
202,2539,4
202,2302,3
202,2470,2
202,339,2
202,2424,2
202,1883,1
202,2245,2
202,514,4
202,2423,1
202,1042,2
202,2011,4
202,104,2
202,2407,4
202,1517,2
202,3398,3
202,3617,1
202,2706,1
202,671,1
202,2144,3
202,1663,3
202,2124,3
202,588,1
202,2915,1
202,2321,3
202,587,1
202,1641,1
202,2797,2
202,2174,4
202,1073,3
202,2395,4
202,3552,1
202,69,2
202,2700,3
202,3421,3
202,3868,3
202,3536,1
202,1079,4
202,3396,2
202,551,2
202,2791,4
202,3072,4
202,2352,3
202,2918,1
202,1080,4
202,3361,3
202,3481,1
202,2599,4
202,1270,2
202,1,2
202,1136,2
478,3357,2
202,2858,3
202,71,1
202,2643,4
202,3864,2
202,1772,2
202,737,4
202,160,2
202,2153,1
202,2808,4
202,2701,4
202,2642,4
202,2402,1
202,327,4
202,2253,2
202,3710,4
202,315,1
202,1882,2
202,849,2
202,420,1
202,2322,4
202,548,2
202,20,2
202,1591,3
202,173,4
202,3208,2
3112,3481,4
202,1438,3
202,786,4
202,3113,4
202,798,2
202,2403,4
202,1544,2
202,2881,4
202,533,4
202,95,2
202,1866,4
202,2410,4
202,1371,1
202,208,4
202,376,1
202,996,1
202,89,3
202,1917,4
202,423,3
202,1379,3
202,1429,1
202,303,1
202,748,2
202,1552,4
202,1597,1
202,3697,2
202,1754,1
202,2641,1
202,3274,1
202,1049,4
202,2990,3
202,3082,3
202,442,3
202,112,2
202,2699,4
202,316,4
202,3638,3
202,736,3
202,1573,3
202,552,3
202,2989,2
202,2273,2
202,3755,1
202,1378,2
202,3438,1
202,1608,4
202,1047,4
202,165,2
202,2490,1
202,145,3
202,2640,4
202,3702,1
202,2628,1
202,733,3
202,3623,3
202,368,3
202,2115,2
202,10,1
202,2723,2
202,2763,2
202,648,3
202,353,3
202,1129,2
202,2353,4
202,1370,4
202,2948,4
202,3555,4
202,377,2
202,3256,2
202,2916,3
202,2951,4
202,3624,1
202,480,1
202,3793,4
202,163,1
202,1580,4
202,349,4
202,3267,4
202,3527,1
202,2278,1
202,1201,4
202,474,1
202,2947,3
202,1220,2
202,1610,1
202,457,1
202,1240,1
202,940,3
202,1036,1
202,1304,1
202,1291,1
202,589,3
202,2571,4
202,1198,4
202,1880,4
202,2392,1
202,2411,2
202,3180,4
202,2188,3
202,430,2
202,2445,4
202,3825,4
202,2409,4
202,193,3
202,2431,4
202,2961,1
202,408,2
202,3457,3
202,1888,3
202,191,3
202,436,3
202,2269,4
202,2688,3
202,2702,4
202,354,2
202,3020,4
202,79,1
202,3791,2
202,2861,3
202,3173,1
202,2541,2
202,3409,1
202,1624,3
202,282,1
202,1093,3
202,225,1
202,481,2
202,3478,2
202,1027,1
202,2718,2
202,1701,1
202,2433,4
202,2420,3
202,2262,3
202,1810,3
202,1727,1
202,1395,4
202,1876,1
202,2114,2
202,292,3
202,832,4
202,3591,4
202,3513,3
202,524,1
202,2165,2
202,3250,2
202,3512,2
202,2474,1
202,2764,1
202,3176,3
202,3298,4
202,805,1
202,802,4
202,45,3
202,3252,2
202,350,4
202,3108,1
202,3418,2
202,1672,3
202,2714,1
202,1120,4
202,2166,4
202,16,2
202,381,2
202,3107,4
202,3408,2
202,2929,2
202,1099,1
202,1268,2
202,1954,3
202,21,2
202,3271,2
202,778,2
202,590,3
202,1968,3
202,3526,4
202,281,3
202,508,2
202,866,4
202,1584,2
202,3105,4
202,235,1
202,2329,2
202,1747,4
202,3006,4
202,300,4
202,1682,3
202,3578,3
202,3471,2
202,1246,3
202,1097,1
202,3098,3
202,32,3
202,3360,2
202,1673,4
202,2501,4
202,3152,3
202,3260,2
202,150,2
202,1393,4
202,919,4
202,78,1
202,2959,1
202,953,1
202,1193,3
202,1694,4
202,3095,1
202,1358,3
202,2398,1
202,1704,1
202,954,3
202,111,1
202,1225,3
202,1207,4
202,3468,3
202,593,2
202,318,4
202,3916,2
202,473,3
202,466,3
202,157,4
202,516,2
202,1391,2
202,1488,1
202,1586,3
202,1676,3
202,2941,1
202,1205,4
202,780,3
202,3753,4
202,3448,1
202,2427,2
202,151,4
202,1222,4
202,1210,3
202,161,2
202,1208,3
202,110,4
202,1294,4
202,1200,3
202,2890,2
202,1242,3
202,1090,4
202,1250,4
202,1204,2
202,2028,2
202,487,4
202,1647,1
202,1562,2
202,463,1
202,3717,1
202,762,4
202,2126,4
202,2986,2
202,153,1
202,2616,3
202,1918,4
202,2605,2
202,707,1
202,3729,4
202,1377,2
202,3301,4
202,170,1
202,2002,1
202,1804,3
202,434,4
202,1627,3
202,1620,1
202,1805,3
202,81,2
202,259,3
202,3744,4
202,1732,3
202,999,1
202,70,2
202,1799,1
202,1589,1
202,1645,1
202,1711,2
202,1729,1
202,2231,4
202,2001,4
202,2985,1
202,22,3
202,6,3
202,367,1
202,1396,2
202,592,2
202,1466,4
202,2391,2
202,2542,3
202,2000,2
202,1179,1
202,2580,4
202,2194,1
202,2268,1
202,1500,1
202,47,2
202,1084,4
202,608,2
202,296,2
202,1213,3
202,1617,1
202,50,4
202,12,1
202,2122,1
202,1389,1
202,2338,3
202,2389,3
202,3024,2
202,2459,1
202,2026,2
202,1975,1
462,3253,3
202,1644,4
202,1388,2
462,1370,1
462,380,2
202,2560,1
202,2328,1
2153,919,3
202,2717,2
202,2719,1
202,2793,1
202,273,1
202,3273,3
202,1128,4
202,2428,4
202,196,4
202,2826,2
202,2004,4
202,2976,2
202,3785,3
462,1396,1
202,2525,3
202,1346,4
202,1974,3
202,1717,2
202,177,1
202,382,1
202,366,3
202,2279,3
202,1690,3
202,1355,1
202,2606,3
202,2668,1
202,2638,4
202,2634,1
202,2633,4
202,2644,2
202,2519,4
202,3693,4
202,426,4
202,1334,1
202,2710,3
462,21,3
462,497,3
202,2617,1
202,253,2
202,799,3
202,879,1
202,2003,4
202,1345,1
202,2657,3
202,2160,4
462,356,1
462,364,3
202,968,3
202,2746,2
202,2645,4
202,2637,4
202,2651,4
202,1350,1
202,1982,4
202,2654,1
202,1321,1
202,1258,4
202,1278,2
202,2716,2
202,2648,1
202,1215,3
202,1387,2
202,1997,3
202,1214,1
202,1219,3
202,2366,1
202,2664,2
462,62,1
202,1556,4
202,1381,2
202,2906,1
202,427,2
462,150,2
202,3705,3
202,93,3
202,2950,4
202,1593,1
202,3394,1
202,3,1
202,3436,2
202,3257,2
202,1100,3
202,2805,4
202,2942,1
202,2485,2
202,1398,4
202,1894,2
202,361,2
202,2316,4
202,1600,1
202,2369,4
202,2405,2
202,237,1
202,2558,2
202,252,2
202,1895,1
202,1226,2
202,266,2
202,1339,2
202,1479,1
202,852,2
202,1441,1
202,2469,2
202,2006,1
202,3614,4
202,1380,3
202,1457,3
202,378,2
202,3684,3
202,2572,3
202,2581,1
202,1722,1
202,543,4
202,2145,2
202,1835,2
202,224,2
202,2080,3
202,3099,1
202,2502,4
202,3259,2
202,1854,4
202,1569,1
202,3081,2
202,1059,3
2153,1479,4
202,2081,4
202,2406,3
2153,3708,1
202,2100,4
202,1101,1
202,597,2
202,380,2
202,2291,3
202,2872,3
202,25,3
202,440,1
202,1680,3
202,356,2
202,1408,4
202,11,4
2153,1717,2
202,1639,1
202,2108,3
202,39,3
202,3668,3
202,1674,4
202,2020,4
462,256,3
462,1924,1
202,1947,3
202,1307,1
202,920,3
462,1037,3
462,173,3
462,3156,1
202,2396,3
202,1912,3
462,2615,1
462,1831,4
462,435,3
202,899,1
202,1265,1
202,265,4
462,3826,3
462,788,1
462,24,1
462,2054,4
462,1391,2
462,2093,4
202,3928,3
462,2699,1
462,3638,4
202,3932,1
462,780,4
462,329,4
462,316,3
462,2105,2
202,3942,3
462,2528,1
462,2046,2
462,2628,4
462,968,3
462,2454,2
462,2640,1
462,2011,1
462,924,1
462,589,1
202,3255,1
202,260,4
202,1359,3
202,1752,2
202,1196,2
202,209,3
202,64,3
462,919,4
462,1097,3
462,1682,4
462,2355,2
462,2288,3
462,3105,4
462,1278,2
462,1080,4
462,1282,3
462,1997,1
462,953,3
462,1258,1
1983,849,2
462,3471,4
462,1961,1
1983,836,4
462,1265,2
1983,158,2
1983,3269,2
462,1240,3
462,1387,3
462,1287,3
462,1340,2
462,457,1
1983,362,3
462,3932,2
462,1193,3
1983,590,4
1983,2006,4
462,908,4
462,1225,3
462,2028,4
462,1291,3
462,1036,2
462,903,3
462,2571,3
2153,2105,1
462,1219,4
462,260,1
462,1196,2
2153,65,1
2153,489,2
1983,996,2
1983,1831,2
2153,3248,4
1983,208,4
2153,432,2
2153,19,4
1983,292,4
1983,2616,4
1983,1479,2
1983,1792,4
1983,1518,1
1983,2094,4
1983,3274,2
1983,1785,1
1983,474,1
1983,457,1
1958,3481,1
2153,445,2
914,2391,1
2153,1445,3
1425,933,2
1425,1,3
1425,903,3
1425,2206,3
1425,1035,3
1425,1407,2
914,1219,2
914,3447,4
914,2762,2
914,899,1
1425,928,1
1425,3527,4
1425,2161,2
1983,3266,4
914,2820,4
914,1136,3
914,928,2
1425,364,4
914,2858,1
1425,480,3
914,920,2
914,1280,1
914,260,3
914,3072,4
914,1267,1
1425,1196,4
914,2324,4
2153,1064,4
914,3461,4
914,969,1
1425,34,1
1425,3082,2
1425,165,2
1425,22,2
1425,10,2
2153,2507,3
1425,2278,4
1425,47,4
1425,2391,4
914,906,1
1425,12,3
1425,2004,3
1425,879,4
1425,1717,3
2153,171,4
1425,1645,3
1425,532,3
1425,2617,4
1425,366,3
1425,3255,2
2153,1541,3
1425,507,4
1425,1747,3
1425,300,1
1425,766,4
1425,1885,2
1425,3260,1
1425,3147,4
1425,1834,1
1425,3181,1
2153,1485,2
1425,2611,1
1425,1682,2
2153,1016,4
1425,1594,1
1425,3271,3
2153,2080,3
2153,1885,4
2153,2502,2
2153,3108,4
1383,1498,4
1383,1268,2
864,759,1
864,2730,1
1383,1120,2
1383,1183,3
1383,3256,3
1383,3418,1
1383,555,2
1383,222,3
1383,3948,2
1383,2542,2
1383,2391,4
1383,62,1
203,3502,2
203,3262,2
203,455,3
203,2541,4
203,2431,1
203,2445,1
203,2961,3
203,2059,1
203,4,1
203,1888,3
203,74,2
203,3051,1
203,1363,3
1383,1660,4
203,2976,4
203,282,1
203,1804,2
203,2432,4
1383,1966,3
203,2975,3
203,3257,2
203,351,1
203,217,3
203,605,2
203,1399,4
1383,1594,2
203,524,2
203,1473,3
203,3477,2
203,3173,1
203,277,1
203,31,1
203,3155,1
203,140,1
203,2589,2
203,1027,3
203,372,1
203,1642,2
203,3259,4
203,1735,4
203,207,4
203,22,4
203,2168,3
203,2125,1
203,3270,1
203,3107,1
203,2718,1
203,1476,2
203,1190,4
203,147,3
203,509,3
203,802,1
203,1619,4
203,2023,3
203,1680,2
203,261,4
203,832,3
203,27,1
203,105,3
203,3260,2
203,222,2
203,3261,1
203,3252,1
203,1061,1
203,477,3
203,3145,3
203,1653,2
203,3174,2
203,508,3
203,1120,4
203,431,1
203,1542,2
203,805,4
203,2443,2
203,3178,3
203,507,4
203,1784,1
203,2268,1
203,2712,3
203,1672,1
203,3186,3
203,16,3
203,1584,1
203,3105,2
203,1729,2
203,3418,3
203,1094,4
203,493,2
203,1396,2
203,590,1
203,1682,1
203,32,4
203,62,2
203,1747,2
203,1393,2
203,3100,1
203,1213,4
203,337,4
203,25,4
203,161,2
1383,1287,2
203,875,4
203,110,1
203,1799,3
203,3250,2
203,3006,1
203,448,4
203,3246,4
203,2890,2
203,1678,2
203,593,1
203,2959,2
203,2908,3
203,1704,2
203,2501,1
203,628,1
203,318,4
203,2329,2
203,1621,4
203,1873,4
203,527,1
203,2695,1
203,3916,2
203,3948,2
203,2028,3
203,2387,1
203,2461,2
203,1987,4
203,3438,1
203,1270,1
203,3052,2
3953,2972,1
3953,2078,4
3953,2085,1
3953,1025,2
3953,1028,1
1873,1224,1
3953,546,4
3953,2701,3
3953,327,2
3953,2012,4
3953,3802,3
3953,1391,2
3953,3175,3
3953,1356,4
3953,2046,1
3953,2450,2
3953,2642,4
3953,2643,1
3953,1373,3
3953,3698,3
3953,1375,3
3953,2011,4
3953,1205,4
3953,2641,2
3953,2105,1
3953,2021,4
3953,1376,4
3953,3527,3
3953,610,1
3953,3703,2
3953,1965,1
3953,1240,1
3953,1210,2
3953,541,4
3953,2985,3
3953,1374,3
3953,1270,2
3953,1274,1
3953,2140,4
3953,1129,3
3953,2968,3
3953,1097,4
3953,3070,4
1449,2624,2
1873,3755,3
205,1617,2
205,318,1
205,1267,1
205,943,3
205,3196,1
205,1221,2
205,3811,3
205,527,4
205,3462,2
205,1199,2
205,2973,3
205,750,2
205,3093,3
205,3435,3
205,3730,1
205,1237,2
205,296,2
205,858,3
205,2019,1
205,3327,2
205,3350,2
205,3362,3
205,3769,4
205,3508,2
205,2916,1
205,1216,3
205,1261,4
205,1275,4
205,3000,3
205,1127,2
205,2987,1
205,1129,2
205,2970,1
205,941,3
205,1196,1
205,1198,4
205,940,2
205,260,4
205,2366,3
205,1931,1
205,1262,3
205,3470,3
205,919,1
205,1254,3
205,969,4
205,1204,3
205,3415,2
205,1232,3
205,3503,2
205,1446,1
205,2747,3
205,1028,3
205,3088,4
205,2108,4
205,3740,2
205,1234,3
205,3751,4
205,3072,1
205,3868,1
205,1270,3
205,1197,2
205,3114,1
205,1211,3
205,1307,4
205,1449,3
205,1215,4
205,1292,4
205,2791,2
205,1285,2
205,3481,3
205,1259,3
205,3424,3
205,2349,3
205,1278,2
205,2396,1
205,1243,1
205,3037,1
205,1394,2
205,933,1
205,3911,3
205,2064,4
205,1265,2
205,3507,4
205,1276,4
205,2946,1
205,3819,3
205,1235,3
205,1226,3
205,1077,1
205,2924,3
205,3070,1
205,3543,3
205,3363,1
205,1288,1
205,1537,1
205,1188,3
205,3814,4
1949,3917,2
1949,3918,3
204,3593,4
1949,3948,1
204,3564,4
204,3752,3
204,3784,1
204,3827,1
204,3623,3
204,3408,2
204,3555,1
204,3578,2
204,3945,4
204,3916,2
204,3948,2
204,3515,1
204,3799,4
204,3354,2
204,648,4
204,3755,3
204,3513,1
204,3510,4
204,3300,4
204,3753,2
204,3751,4
204,3793,1
204,780,2
204,480,3
204,1210,3
204,2100,1
204,1127,1
205,1304,1
205,955,2
205,3097,4
204,356,2
205,3897,3
205,1078,4
205,1136,4
205,2997,3
205,905,2
205,1256,4
205,1294,1
205,910,3
205,2300,2
205,1230,2
205,3030,4
205,2936,2
205,951,2
2828,3793,1
205,1610,4
205,1921,3
205,3527,2
205,1732,3
205,293,2
205,965,4
205,930,3
205,3230,1
205,1834,3
205,2952,2
205,1036,4
205,861,1
205,50,2
205,1274,3
205,2917,3
205,2527,1
205,1953,3
205,2186,4
205,3267,3
205,2871,3
205,3947,2
205,2762,1
205,589,4
205,1240,3
205,111,1
205,1214,2
205,149,2
205,904,3
205,1252,3
205,924,1
205,1248,1
205,1089,1
205,903,1
205,1212,1
205,593,3
205,2129,3
205,1954,3
205,345,1
205,3300,3
205,1210,4
206,1200,1
206,260,3
206,1214,3
206,2571,1
206,3471,1
206,1274,2
206,924,4
206,1196,4
206,1544,2
206,3354,3
206,3793,3
206,1129,4
206,611,4
206,3300,1
206,480,3
206,2657,2
206,3910,1
206,3897,2
206,2471,2
206,1271,2
206,1339,1
206,1688,1
206,451,4
206,2772,3
206,2805,1
206,3072,1
206,1771,4
206,1193,1
206,674,1
206,252,4
649,1097,1
649,2798,4
649,2799,2
649,10,1
649,3033,2
649,2028,3
649,1704,2
649,2231,3
2331,1834,3
2331,1193,4
2331,1225,1
2331,1252,1
2331,111,1
2331,1230,2
2331,1198,4
2331,1207,3
2331,3534,4
2331,3408,2
207,3484,2
207,2399,1
207,3354,1
207,804,3
207,3513,4
207,480,2
207,3917,1
207,3555,1
207,1129,1
207,3755,3
207,2160,3
207,144,3
207,3751,4
207,3481,1
207,2791,2
207,3793,1
207,2858,2
207,3538,1
207,1721,2
207,12,3
207,1196,3
207,996,3
207,1210,1
208,3702,3
208,3703,2
208,3704,1
208,3421,1
3340,2997,4
208,2028,1
208,2194,4
3340,1659,3
208,1208,3
208,2987,1
3340,3354,1
208,3176,2
208,2762,3
208,1959,1
208,968,3
208,3219,2
231,3396,2
3340,1250,1
3340,3148,3
208,2333,3
3340,3481,1
208,3203,2
208,2976,2
208,2908,3
208,3005,3
208,2710,3
208,2997,4
208,2699,4
208,2683,3
208,1127,2
208,2858,1
208,2492,4
225,3579,1
208,527,3
208,111,3
208,110,1
208,1961,4
208,1097,3
914,3730,3
914,2686,2
225,2721,3
225,461,1
1329,902,2
1329,913,1
1329,923,1
1329,1388,4
1329,2409,1
1329,1954,4
1329,1389,1
1329,2410,2
1329,1205,3
1329,2115,1
1329,2985,4
1329,1036,4
1329,3298,2
225,3173,2
1329,3324,4
225,508,2
1329,3301,3
225,356,4
225,4,3
225,3484,2
225,2447,2
1329,3536,2
225,2356,1
1329,3566,3
1329,3864,1
1329,3744,4
1329,3452,4
1329,3623,1
1329,3717,4
1329,737,3
1329,1556,3
1329,1772,1
1329,1882,4
225,1051,3
1329,20,3
225,1552,3
225,86,2
1329,3113,3
225,733,3
225,2167,2
225,2723,4
1329,1438,4
1329,3208,4
1329,2126,3
1329,208,1
225,1580,3
1329,786,4
225,2916,1
225,590,2
225,349,1
1329,2881,2
1329,2616,4
1329,1479,1
1329,95,2
1329,1616,4
1329,3082,3
1329,1627,4
1329,1597,2
1329,2826,1
1329,2273,3
1329,1608,4
1329,353,3
1329,2334,4
1329,1370,2
1329,1722,4
1329,2353,1
1329,377,4
1329,2763,1
1329,2058,1
1329,3256,3
1329,1610,2
225,1958,1
1130,2469,2
1130,2797,2
1130,1965,1
1130,2005,4
1130,3308,4
1130,2929,4
1130,2064,3
1130,2716,3
1130,2915,3
1130,3098,2
1130,3361,1
1130,1968,2
1130,2918,3
1130,3360,3
225,2702,4
1113,2905,1
225,288,2
1130,1285,2
1130,1962,3
225,2568,4
1130,1270,4
225,3553,2
1130,1961,2
225,877,3
225,2963,3
225,322,2
225,1611,1
225,3101,1
1130,3155,3
1130,2268,2
225,2682,3
1130,2618,1
1130,1060,2
1130,300,1
225,2457,4
1130,2291,4
1130,474,3
225,333,2
1130,1784,2
1130,2329,2
1130,3052,4
225,2106,1
225,175,2
225,663,1
225,2054,3
1130,150,1
1130,1498,2
1130,47,1
225,140,4
1130,2501,3
225,3104,2
225,3098,4
1130,2908,3
225,1302,3
225,2987,4
225,2917,4
225,3343,1
1130,700,3
225,1811,2
225,662,1
225,1343,3
225,3869,4
225,206,2
225,1191,3
225,149,1
225,434,2
225,2002,4
225,170,2
225,1352,1
225,1647,1
225,42,4
225,2616,1
225,1799,1
225,464,3
225,112,4
225,1804,4
225,198,1
225,1686,3
225,532,1
225,3272,1
225,2425,3
225,2112,4
225,1396,4
225,998,1
225,70,4
225,367,2
225,1910,2
225,1785,1
225,3266,2
225,117,2
225,493,4
225,6,2
225,431,3
225,2278,1
225,456,4
225,477,2
225,2865,2
225,2952,4
225,781,2
225,848,4
225,1760,2
225,2657,1
225,2145,1
225,509,2
225,1593,2
225,1921,4
225,1554,1
225,2375,1
225,469,4
225,3477,1
225,2280,2
225,3264,4
225,2320,1
225,574,3
225,3148,2
225,3145,1
225,2171,1
209,2336,3
209,2599,4
209,2434,3
209,233,3
209,2828,2
209,1911,4
209,3615,3
209,2722,2
209,2147,3
209,2541,4
225,1208,4
225,1945,3
209,2355,4
225,260,2
225,1178,2
209,2694,4
225,1180,4
225,1207,1
225,922,2
225,912,4
225,923,4
209,2555,3
225,1221,4
225,593,4
225,3265,3
209,2826,2
209,2706,3
209,1127,2
209,2858,2
225,3649,4
209,2671,1
209,356,1
209,2154,2
209,3861,2
209,2302,2
209,1270,3
209,3157,1
209,597,2
649,432,4
649,1516,3
649,586,3
649,2762,3
649,3865,4
210,902,2
210,1816,4
210,552,2
210,1588,1
210,1221,2
210,1388,1
649,3006,4
1449,962,4
1449,2515,1
1449,1998,3
1449,2903,2
1449,2516,3
1449,1105,3
1449,1995,3
1449,2451,3
1449,2118,4
1449,1037,3
1449,3697,3
1449,1909,2
1449,2455,2
1449,2117,3
1449,3042,3
1449,255,3
1449,3041,4
1449,3391,2
1449,2339,2
1449,2382,4
1449,1381,2
1449,2799,4
1449,2381,4
1449,1855,3
1449,54,1
1449,419,2
1449,2379,2
1449,88,3
1449,478,3
1449,1005,3
1449,2380,2
1449,1863,3
2784,3371,4
1449,3248,1
1449,1445,1
1449,2036,4
1449,153,3
1449,437,1
1449,2884,2
1449,460,3
1449,420,1
1449,2849,3
1449,3,4
1449,710,4
1449,2286,4
1449,415,4
1449,3004,1
1449,2027,4
1449,1911,3
1449,489,4
1449,3387,2
1449,3691,2
1449,1431,3
1449,2002,2
1449,3258,4
2784,3510,1
2784,3747,3
1449,788,1
1449,2350,1
215,2628,4
215,316,3
1449,2413,3
215,1372,3
215,2094,1
215,24,1
215,1527,1
1449,2375,1
215,1584,3
215,1876,2
215,2916,3
215,1676,4
1449,3120,4
1449,1091,3
215,1617,4
215,1097,2
1449,1513,3
1449,1194,3
1449,3928,4
1449,3243,3
1449,1409,4
1449,1390,3
1449,410,1
1449,2581,3
1449,2014,3
1449,1007,3
211,1977,1
211,891,2
211,611,3
211,240,2
211,1976,4
211,3300,2
211,1286,4
211,3918,3
211,3354,3
211,1544,4
1449,3396,3
211,3484,4
211,3917,3
1449,2879,3
211,1129,4
211,648,2
211,2160,1
211,524,4
211,1466,1
211,3513,2
211,490,2
1449,1292,3
1449,921,4
1449,700,4
211,3753,4
211,3555,1
211,3510,2
211,2785,4
211,2948,2
211,480,1
211,3627,1
211,1249,4
211,2858,2
211,3578,1
211,2140,3
211,3149,2
211,1721,2
211,2082,1
211,1363,3
211,1097,4
223,661,1
223,364,3
223,2126,1
223,1892,3
223,2338,1
223,553,1
223,1756,3
223,188,3
223,3086,4
223,1088,4
223,1027,2
223,3098,3
223,3707,1
223,3791,3
223,3844,4
223,3478,4
223,2420,3
223,2872,3
223,2114,3
223,1246,1
223,1961,3
223,1097,3
774,3265,1
774,2692,4
223,3138,4
223,2804,1
212,370,3
212,3869,3
212,3868,2
223,3257,3
223,2445,2
223,193,1
212,1614,1
223,2676,3
212,367,3
223,24,3
212,231,2
212,500,3
223,31,3
212,1485,1
223,2541,2
212,1641,2
223,1693,2
212,3253,4
212,344,4
223,1833,3
223,1805,1
212,125,1
212,587,1
212,2245,1
223,832,1
212,3591,3
1227,2963,1
212,3451,3
1227,199,4
212,2797,3
212,2174,1
212,2518,1
1227,568,2
223,1271,1
1227,99,2
1227,125,2
1227,3115,1
1227,2321,4
1227,223,2
223,1120,2
1227,2959,3
1227,1923,4
1227,3176,3
1227,1680,3
1227,1784,1
1227,3145,1
223,1476,3
223,3386,4
1227,164,1
1227,3129,3
1227,348,2
223,1682,2
212,1079,4
212,3448,4
1227,508,3
1227,2108,1
212,2262,4
212,1188,1
212,2396,3
212,1073,4
212,2352,1
1227,2580,1
1227,3148,4
1227,3044,3
223,1673,1
1227,1354,2
1227,171,2
212,934,2
212,2302,3
1227,2071,2
1227,3160,1
223,110,2
1227,1466,4
1227,1834,1
1227,1542,2
1227,137,2
1227,475,2
223,150,2
212,440,4
1227,474,2
1227,342,2
1227,1245,4
223,1704,3
212,2791,3
223,2501,2
1227,1794,2
1227,1357,3
1227,896,4
1227,1633,2
1227,1177,3
1227,1914,2
223,593,4
212,3210,1
1227,1611,1
1227,150,3
212,1136,2
212,3362,1
1227,34,2
1227,235,1
1227,535,4
1227,1450,3
1227,1180,3
1227,428,3
1227,1095,4
212,3039,3
212,1259,1
212,11,2
212,3526,1
212,1968,1
223,3699,1
223,2987,2
223,2093,4
212,1307,1
1227,2427,3
1227,1484,3
1227,1535,3
1227,1643,2
1227,2890,2
212,1270,2
223,2421,4
1227,364,2
1227,2626,3
212,2918,1
1227,242,2
223,3698,2
223,2411,2
223,2410,4
223,2641,3
1227,263,4
1227,1192,3
223,3441,4
223,1101,4
1227,2291,1
223,2115,3
223,2406,3
223,592,1
1227,1415,4
1227,357,3
223,1210,1
223,2194,4
223,1222,2
1227,388,3
1227,3100,3
223,1196,4
223,1291,3
223,1198,1
1227,80,3
1227,1358,3
212,2064,2
1227,2762,2
1227,299,3
1227,2336,2
1227,58,2
1227,800,2
1227,2839,4
1227,632,3
223,2724,4
223,2497,1
223,2316,3
223,3436,3
223,1894,4
223,1100,1
223,3528,1
223,2558,4
223,2875,4
1227,1043,1
223,1888,1
1227,1641,4
1227,300,1
223,1479,4
1227,556,2
1227,1844,1
1227,373,2
223,802,3
223,1735,3
223,1339,2
1227,515,2
1227,1265,4
223,3081,2
1227,866,2
1227,1885,3
223,362,4
223,543,3
1227,1046,1
1227,529,4
1227,307,1
223,1835,4
223,2340,2
223,151,2
223,1722,4
223,266,1
1227,308,1
1227,1179,4
1227,3260,3
1227,994,1
223,2125,2
223,377,2
223,1408,3
223,587,3
1227,2997,1
1227,36,2
1227,3006,2
1227,1233,2
1227,2028,2
212,1608,3
223,1059,4
223,1721,3
1227,1635,4
1227,549,1
1227,1446,4
212,1385,2
1227,265,2
1227,246,2
1227,306,4
1227,2908,3
1227,162,1
212,1552,2
212,1518,3
212,3384,4
212,1792,4
212,494,4
1227,446,3
1227,2607,2
1227,1699,4
1227,1704,4
212,648,2
1227,1089,2
1227,2692,4
1227,1213,3
1227,2599,2
1227,593,1
1227,318,2
1227,1406,1
1227,2708,1
1227,296,4
1227,1617,3
1227,501,1
1227,2396,4
1227,3083,1
1227,608,3
1227,1734,2
1227,1041,1
1227,50,1
1227,527,2
1227,1280,1
212,1220,2
212,786,1
1227,3131,3
1227,670,2
1227,1471,2
212,1573,4
212,21,1
1227,2858,1
223,2291,3
223,1393,4
212,292,2
212,380,1
212,3104,2
212,480,4
212,349,4
212,1580,2
212,474,2
212,1197,1
223,673,3
212,1240,2
212,1291,1
212,2000,1
223,3489,4
223,761,1
223,153,4
223,2,1
212,1214,4
223,60,4
223,1917,4
223,158,3
223,3269,4
223,2006,3
223,1566,2
223,590,3
223,2916,3
223,2103,1
212,165,1
212,1036,4
212,1370,2
223,2088,2
223,2380,4
223,1381,4
212,1427,1
212,1523,3
223,2413,4
223,2471,2
223,2478,4
212,1459,2
223,2369,3
223,2794,4
212,556,1
223,3033,1
223,3688,1
212,1515,4
223,3619,2
223,2796,2
223,3087,2
212,1827,1
223,1091,2
223,2405,4
223,3608,1
223,2054,2
223,2470,2
223,2795,4
223,2100,3
223,2174,2
223,3552,4
223,2797,1
223,3448,1
223,2144,2
212,1942,1
223,1259,3
223,2918,3
223,2791,4
212,1769,2
223,1197,1
223,1270,3
212,1531,1
212,1357,3
223,325,1
212,261,3
223,575,1
223,174,4
223,1602,3
212,1393,4
212,2359,3
223,419,2
212,2278,3
223,837,3
212,296,1
223,1474,3
223,2296,1
212,2268,3
223,3,2
212,589,2
223,1702,3
212,457,3
223,2252,2
223,414,4
223,788,4
223,2907,1
212,1358,1
223,1588,3
212,1704,1
212,1265,4
223,135,4
223,1665,1
212,246,3
212,1213,4
212,2028,3
223,1377,2
212,50,4
223,542,4
223,3243,2
223,1405,1
223,1911,2
223,410,2
223,830,3
223,2052,2
212,527,2
223,586,4
223,585,1
212,593,1
223,231,1
223,2581,4
223,317,1
223,2683,1
212,318,3
223,2567,3
223,1777,1
223,1641,4
223,2424,2
223,1020,1
223,344,1
223,2124,1
3693,1276,4
212,3418,3
212,1198,1
212,2247,1
223,104,4
223,3450,1
1113,125,1
223,1485,2
223,1042,2
223,1517,3
223,2447,1
212,3500,2
212,3363,4
212,1721,1
223,539,3
223,3255,3
223,551,1
223,2321,3
223,1923,3
223,2355,1
223,1784,4
223,34,1
223,2396,3
223,356,3
223,1265,2
223,3793,1
223,3617,3
223,3751,4
223,3705,3
223,2412,2
223,15,3
223,2253,2
223,1562,3
223,1882,1
223,170,4
223,438,4
223,1438,3
223,288,1
223,168,2
223,2616,3
223,95,2
223,2002,3
223,786,4
223,208,1
223,1552,2
223,1544,2
223,653,4
223,292,2
223,552,4
223,368,2
223,1586,3
223,2094,1
223,736,3
223,2628,3
223,329,1
223,1801,2
223,380,2
223,780,1
223,2167,2
223,2393,1
223,648,1
223,2617,1
223,353,3
223,1580,1
223,1573,1
223,480,4
223,1610,3
223,1356,1
223,2028,1
223,733,4
223,589,4
223,2571,1
223,457,3
214,1707,2
214,3180,1
214,487,4
214,2720,4
214,1410,1
214,2306,4
214,1760,1
214,2829,1
214,3031,2
214,2587,3
214,2961,3
214,765,4
214,3146,2
214,1772,2
214,2860,2
214,153,3
214,2335,2
214,1918,1
214,1894,1
214,518,4
214,413,1
214,673,1
214,2027,1
214,2387,4
214,2431,1
214,2606,1
214,485,4
214,2836,4
214,7,2
214,2155,3
214,2249,2
214,2060,4
214,317,4
214,1317,3
214,1391,4
214,2696,2
214,1884,3
214,410,4
2454,1381,1
214,3046,1
214,585,2
214,1377,4
214,2002,4
214,2295,3
214,1057,3
214,3247,3
214,2891,1
214,1485,3
214,2567,2
214,2195,2
214,500,3
214,1821,4
214,2622,1
214,1405,4
2454,1957,4
214,489,1
2454,1961,1
2454,1302,2
214,1701,3
214,344,4
343,648,2
214,2390,4
343,3755,3
214,368,3
343,3624,2
214,539,2
214,562,4
2454,2123,2
214,1711,2
214,380,3
343,3793,3
343,3510,4
2454,3877,3
214,2774,4
214,2718,2
214,1569,3
2454,3673,1
2454,2088,3
214,2539,3
214,2690,2
214,543,2
214,367,1
214,3264,2
2454,3699,4
214,1476,4
214,1566,3
214,2671,2
214,1042,3
2454,2643,1
2454,2411,1
214,345,1
214,2507,3
2454,2642,2
214,1580,1
2454,1373,4
2454,2410,4
2454,2735,3
214,1883,4
214,2424,1
214,1732,1
214,2999,1
214,2809,3
214,141,4
2454,3698,2
214,1713,4
214,356,3
214,11,4
214,21,1
214,3175,1
214,2282,1
214,588,4
343,344,4
214,1777,2
2454,2792,2
214,223,3
2454,1091,1
2454,2378,3
214,1500,2
214,671,1
2454,2405,4
343,1485,2
214,1784,4
214,1747,4
214,2883,3
214,231,4
214,2321,4
214,3174,2
2454,2469,3
343,367,4
2454,1958,4
2454,3087,1
2454,2371,3
214,1175,4
214,3178,3
214,2395,1
214,2759,3
2454,1297,2
2454,3591,2
2454,2795,3
214,3052,2
214,1923,4
214,180,4
2454,2423,3
2454,2145,1
2454,3608,2
214,1641,4
214,1060,3
214,1,1
2454,3868,3
2454,3072,3
2454,2144,2
214,1223,4
214,2318,2
2454,1079,4
2454,3424,2
2454,2804,1
214,2396,4
214,2542,3
214,1265,2
214,3114,3
343,1515,4
2454,2791,2
214,34,2
214,2599,3
214,2997,2
343,1556,1
2454,2918,3
214,3429,1
214,745,4
213,1680,1
343,3555,2
214,1748,3
214,2987,4
213,2431,2
213,440,3
213,1580,4
2454,520,2
2454,1027,3
2454,3526,3
213,2622,4
213,2321,3
213,224,4
213,852,2
213,3253,2
214,913,1
214,3683,2
214,541,1
214,930,1
2454,69,1
587,1147,3
213,11,2
214,1617,4
213,1042,1
587,1189,2
587,1673,1
213,34,1
1329,1416,1
213,1,3
213,588,1
213,1265,2
213,3114,2
2454,2471,1
2454,2470,4
213,2355,2
214,3509,3
214,3747,3
1329,647,2
587,3538,3
587,1393,4
2454,1101,2
1329,1589,3
1329,2433,1
214,3596,4
1329,3252,3
1329,3107,1
1329,832,4
1329,1680,3
1329,1120,4
2454,2392,3
214,1544,4
1983,12,2
213,260,1
1983,102,2
1983,1453,2
1983,3268,1
214,2792,1
214,70,1
214,3745,3
214,3513,1
213,110,3
213,1210,3
587,2871,2
213,1608,3
213,920,3
587,36,2
5333,2157,3
214,3786,4
214,3624,3
214,3755,1
1983,93,3
1329,3418,4
1983,2798,1
1983,1445,4
587,3551,4
214,3753,4
1329,1639,4
587,3169,4
214,2160,1
214,3159,1
214,3510,4
587,1258,3
587,1245,4
1329,2125,2
587,1956,4
587,1594,4
214,551,3
1329,16,4
1329,2712,2
587,1054,3
1983,1167,1
214,3578,3
214,3751,3
214,2791,4
214,3481,3
587,949,2
1329,2427,1
214,2948,3
214,1282,4
214,2858,2
214,1248,3
1329,1095,3
1983,312,3
1329,1682,1
1329,778,4
215,480,3
215,3551,3
215,2167,3
587,2313,3
1983,575,4
215,1909,4
587,1387,3
587,1289,3
587,1249,1
587,162,1
215,3421,3
215,2302,2
215,1801,3
214,3893,4
587,1247,4
215,1210,3
215,2115,1
214,3949,1
1983,3120,4
215,1197,3
1983,725,1
1983,267,3
1983,518,2
587,1299,4
215,2803,2
1983,2082,3
1983,1379,4
1983,466,2
1983,3254,4
214,3895,4
214,3946,2
1983,1918,1
1983,2252,1
587,318,2
1983,435,2
1983,1646,4
1983,2485,4
214,3948,3
587,29,1
214,2769,3
1983,2805,4
214,3897,2
214,3910,4
214,3896,2
1329,1673,4
1983,450,3
1983,2002,1
1983,2431,1
1983,1894,3
215,1961,4
214,912,1
1983,2829,3
1983,2907,3
1329,3147,4
214,95,1
214,1196,4
214,471,1
1329,1411,1
1329,110,2
1983,187,4
1983,586,3
587,2913,2
214,1645,3
1983,3243,2
1983,344,3
1983,1588,3
1983,371,3
1983,1884,1
215,3072,4
1983,410,1
1983,3544,4
1983,532,1
1983,2012,1
1983,224,1
1983,2331,3
1983,468,2
215,260,1
1983,2506,3
1983,3247,4
1983,539,4
1983,368,3
1983,1777,1
1983,3261,1
1983,330,2
1983,3614,2
1983,3263,3
1983,417,3
1983,1485,2
1983,3253,2
1983,514,3
1983,2302,4
1983,597,1
1983,11,4
1983,3809,1
1983,52,2
1983,471,3
1983,2424,2
1983,500,1
1983,1517,2
1983,440,1
1983,45,3
1983,1883,2
1983,356,4
1983,3358,3
1983,345,1
1983,2124,1
1983,3174,4
1983,3178,3
1983,700,1
1983,1747,3
1983,1923,2
1983,2052,3
1983,2321,4
1983,1500,1
1983,1265,1
1329,1393,3
1329,150,4
1329,2890,3
1983,1,2
1983,2289,3
1983,3452,1
1983,3555,1
1329,3006,2
1329,296,2
1329,608,1
1329,2265,1
1329,2322,1
1329,2153,4
1329,1562,1
1329,673,2
1329,153,3
1329,3489,2
1329,112,3
1329,1049,3
1329,736,4
1329,10,2
1329,2006,3
1329,1552,2
1329,733,3
1329,2617,4
1329,2167,2
1329,349,2
1329,2643,1
1329,2642,2
1329,2641,3
1329,592,2
1329,2987,2
1329,1380,3
1329,2109,2
1329,1125,2
1329,3671,1
1329,3421,1
1329,1080,3
1329,3392,3
1329,2471,3
1329,2088,1
1329,2072,3
1329,2717,4
1329,2054,3
1329,2794,3
1329,2796,1
1329,3033,4
1329,2301,1
1329,3087,1
1329,2470,4
1329,2746,1
1329,2134,4
1329,2003,4
1329,2797,3
1329,2100,2
1329,2423,3
1329,1663,1
1329,3552,3
1329,3526,4
1329,2795,2
1329,3039,2
1329,2174,3
1329,1220,4
1329,1968,4
1329,3361,2
1329,2804,2
1329,2716,3
1329,3481,3
1329,3175,1
411,3556,1
411,3298,3
411,3129,1
411,3844,3
411,1639,2
411,3052,2
411,2891,3
411,2618,2
411,2583,2
411,2567,4
411,2391,3
411,562,3
411,2359,1
411,2356,3
411,2331,1
411,2324,1
411,3293,3
411,2314,2
411,162,2
411,1885,4
411,1916,1
411,2439,2
2634,1391,2
2634,368,2
2634,780,4
2634,466,3
2634,2094,4
2634,380,2
2634,648,4
2634,316,2
2634,2763,1
2634,3082,2
2634,2023,4
2634,3107,4
2634,748,3
2634,1356,2
2634,353,2
2634,733,3
2634,2006,4
2634,480,3
2634,6,2
2634,1527,2
2634,1573,3
2307,2987,4
2634,1912,4
2634,2571,1
2634,3000,3
2634,377,2
2634,1610,3
2634,3178,4
2634,1408,1
2634,110,4
2634,457,3
2634,2692,1
2307,2598,3
2307,785,2
2307,3174,1
2307,2690,3
2307,2336,4
2307,223,2
2307,2710,4
2307,2706,2
2307,2770,3
2307,2355,4
2307,2572,2
2307,2683,2
2634,3536,2
582,3177,1
582,69,3
582,2959,3
582,2478,4
3519,3114,4
3519,3793,3
2877,3755,2
2877,3555,4
425,1394,2
425,1517,2
425,1294,2
425,1175,2
425,1276,3
2063,3053,4
1650,1500,4
1650,2384,1
1650,663,2
1650,3178,3
1650,1923,1
1650,2700,2
1650,2562,1
1647,1030,4
1647,1218,1
1647,2042,2
1647,1005,2
1647,2082,1
1647,1911,3
216,2115,2
216,861,4
216,1810,4
216,3197,1
216,2528,3
216,938,4
216,2527,2
216,647,2
216,289,1
1647,2133,2
216,1589,1
216,3107,2
216,105,3
216,1475,4
216,2135,4
216,2502,2
216,3148,1
216,2393,4
216,198,2
216,2991,1
216,2519,3
216,627,2
216,1639,3
216,3186,2
216,482,1
216,10,3
216,802,1
216,454,4
216,2363,3
216,3678,2
216,3725,3
216,1735,4
216,2433,3
216,1029,2
216,2287,4
216,2091,2
216,3101,2
216,3760,1
216,1124,2
216,2007,4
216,1187,4
216,45,2
216,3176,1
216,2077,3
216,2085,4
216,2985,4
216,1722,2
216,1527,1
216,2018,1
216,3167,4
216,154,2
1647,1753,3
216,3157,3
216,3494,3
216,3635,1
216,3032,2
1647,3717,3
216,1608,3
216,1186,4
216,2757,2
216,1013,2
216,2730,3
216,3253,1
216,3731,3
216,1022,1
216,3203,4
216,2739,2
216,3418,1
216,1356,1
216,1554,3
216,1365,2
216,2634,1
216,2140,1
216,2640,1
216,3029,3
216,556,3
216,2247,4
216,1797,4
216,230,3
216,2291,1
216,1129,4
216,3684,2
216,1095,4
216,194,3
216,3298,3
216,2455,3
216,2633,4
216,2852,1
216,1275,2
216,3930,4
216,2071,1
216,2212,1
216,1466,4
216,3102,2
216,2841,2
216,2764,2
216,377,2
216,968,1
216,2097,2
216,1909,3
216,3260,4
216,1619,4
216,2344,2
216,602,2
216,964,4
216,3427,2
216,1370,3
216,1721,2
216,2729,2
216,1082,4
216,1372,3
216,1271,3
216,3169,3
216,3073,2
216,148,3
216,1997,4
216,3018,2
216,3256,3
216,596,2
216,1921,2
216,3527,3
216,733,1
216,3461,4
216,2968,2
216,509,4
216,3071,3
216,2857,4
216,2427,3
216,1019,4
216,3168,1
216,364,2
216,1321,4
216,976,4
216,3526,3
216,1376,1
216,3653,2
216,3194,2
216,590,1
216,2712,4
216,3034,3
216,1096,3
216,2272,1
216,2430,2
216,3366,3
216,300,2
216,1185,4
216,3499,4
216,3198,2
216,2278,4
216,1982,3
216,508,3
216,3384,4
216,1127,3
216,3927,4
216,3763,4
216,3296,3
216,1097,2
216,2899,4
216,2391,4
216,1085,1
216,3682,3
216,2529,4
216,337,1
216,2951,2
216,3549,3
216,3100,2
216,1343,4
216,1693,1
216,1960,1
216,161,2
216,553,4
216,1357,4
216,2987,3
216,2670,4
216,1253,4
216,1954,2
216,3152,2
216,2921,3
216,1582,2
216,2948,4
216,151,1
216,1396,2
216,58,3
216,1012,2
216,1086,3
216,2949,4
216,2345,1
216,1246,3
216,3062,4
216,1103,2
216,1635,1
216,1333,3
216,2782,3
216,249,4
216,2067,2
216,281,2
216,3546,2
216,3074,1
216,2947,1
216,902,1
216,971,3
216,3105,2
216,3408,4
216,1961,4
216,914,3
216,2871,4
216,3153,3
216,1962,4
216,3204,2
216,3093,1
216,2917,2
216,953,1
216,2398,3
216,1201,2
216,1845,4
216,3246,1
216,1955,4
216,3147,4
216,2194,4
216,2872,4
216,2967,1
216,944,2
216,3359,4
216,1730,1
216,1258,3
216,2313,2
216,1393,4
216,3471,3
216,2501,1
216,3069,4
216,1222,2
216,1227,4
216,1374,4
216,32,2
216,949,3
216,1952,3
216,3655,3
216,1673,3
216,1610,4
216,1643,1
216,3360,1
216,1419,2
216,2310,3
216,1302,4
216,36,3
216,1387,3
216,1266,4
216,1291,1
216,3733,4
216,1240,4
216,969,4
216,1678,3
216,599,4
216,3870,2
216,943,1
216,3098,4
216,1397,2
216,3068,1
216,3447,1
216,2944,1
216,2312,1
216,1090,1
216,1287,2
216,919,3
216,1956,2
216,1208,2
216,1203,2
216,2010,1
216,3161,2
216,1199,2
216,3545,3
216,2819,2
216,2644,2
216,2366,3
216,3196,1
216,3217,2
216,1299,2
216,1938,4
216,1206,1
216,3334,1
216,3654,1
216,1247,4
216,3932,4
216,3703,2
216,1200,4
216,2336,1
216,457,3
216,150,4
216,924,3
216,1282,2
216,162,3
216,3201,1
216,1272,3
216,899,3
216,965,2
216,3730,2
216,110,1
216,954,3
216,1944,2
216,589,4
216,920,2
216,2969,4
216,2028,4
216,1704,3
216,3160,2
216,296,4
216,3871,2
216,2728,4
216,912,3
216,2648,1
216,2571,4
216,1219,2
216,1263,1
216,1953,3
216,1358,4
216,3504,3
216,1228,1
216,608,2
216,1931,2
216,541,4
216,265,2
216,1193,4
216,1104,1
216,1250,4
216,1225,1
216,1214,4
216,1036,1
216,2467,2
216,3681,1
216,1949,2
216,1267,2
216,1204,2
216,903,3
216,923,1
216,913,2
216,1252,3
216,1207,4
216,3011,1
216,750,2
216,1254,2
216,3364,3
216,1198,1
216,941,3
216,908,3
216,1945,4
216,1196,1
216,950,4
216,3095,2
216,131,4
216,3469,2
216,926,1
216,527,3
216,318,1
216,2762,2
216,858,4
216,593,4
216,3064,2
216,73,4
216,1340,1
216,1887,4
216,3564,4
216,3804,3
216,102,4
216,1381,3
216,2383,4
216,19,3
216,3690,3
216,3041,4
216,3268,3
216,2552,4
216,1602,1
216,3042,3
216,505,2
216,1839,3
216,3043,4
216,3286,1
216,1855,1
216,2798,2
216,1005,1
216,2016,2
216,1503,1
216,3689,1
216,2685,2
216,1702,2
216,1353,2
216,2152,2
216,2828,3
216,374,2
216,1445,1
216,360,4
216,444,1
216,2478,3
216,2296,3
216,2053,1
216,234,2
216,2720,3
216,762,4
216,818,4
216,2037,2
216,489,3
216,2306,3
216,3299,3
216,3014,2
216,637,3
216,2032,3
4647,3927,3
4647,3925,2
216,2014,3
216,2051,3
216,2098,4
216,1016,3
216,2052,1
216,186,2
216,2141,1
216,2717,3
216,2339,2
216,435,4
216,2031,3
216,1588,3
216,2015,1
216,2041,3
216,432,1
216,1468,4
216,1875,2
216,2879,2
216,1091,1
216,2770,2
216,2747,4
216,2249,1
216,2961,3
216,1380,4
216,3590,3
216,2582,1
216,2718,4
216,1894,1
216,516,2
216,2002,1
216,153,4
216,3254,4
216,3385,3
216,1863,3
216,788,4
216,2598,3
216,107,4
216,2699,1
216,1919,4
216,1665,4
216,87,2
216,765,1
216,585,4
216,2558,2
216,2724,1
216,2384,4
216,708,2
216,1711,3
216,248,4
216,1405,1
216,1857,3
216,1410,1
216,2286,1
216,2539,3
216,3247,3
216,1378,2
216,1701,3
216,3033,4
216,34,3
216,2133,1
216,543,3
216,3710,2
216,252,1
216,2469,2
216,1777,4
216,3695,4
216,2124,1
216,348,3
216,901,2
216,1948,3
216,3358,2
216,1297,3
216,551,3
216,588,4
216,367,1
216,2040,3
216,2659,2
216,2390,3
216,955,2
216,1446,4
216,951,4
216,141,2
216,514,2
216,552,4
216,2506,3
216,574,1
216,2706,2
216,2145,1
216,2407,3
216,2671,3
216,2518,3
216,3099,3
216,2735,1
216,2752,1
216,2134,2
216,3398,4
216,2772,3
216,663,3
216,322,4
216,11,3
216,3087,2
216,2463,4
216,2081,1
216,2144,2
216,1564,2
216,380,1
216,3874,3
216,2736,3
216,1632,3
216,2111,3
216,3809,1
216,1220,2
216,3108,1
216,3477,3
216,1580,1
216,2302,2
216,3451,1
216,915,2
216,235,2
216,3671,3
216,492,4
216,3548,4
216,2035,2
216,3048,3
216,3072,2
216,2331,4
216,3396,1
216,3114,3
216,2102,2
216,3362,4
216,1294,3
216,3811,4
216,3496,3
216,2567,3
216,357,4
216,3178,4
216,2918,3
216,3685,2
216,3244,2
216,1270,4
216,1394,1
216,945,1
216,1288,3
216,3035,3
216,1269,1
216,911,3
216,1747,2
216,1883,2
216,1234,1
216,2352,3
216,3421,2
216,1136,2
216,905,3
216,2324,2
216,3096,1
216,447,3
216,1474,4
216,157,3
216,2060,2
216,3600,1
216,3388,4
216,1194,4
216,1011,2
216,1614,3
216,2829,4
216,1390,4
216,420,3
216,413,1
216,355,1
216,2042,2
216,3258,1
216,1010,1
216,2335,1
216,2683,1
216,3524,4
216,1391,1
216,4,1
216,2471,2
216,2805,3
216,2259,3
216,2408,3
216,520,4
216,532,4
216,1020,2
216,3144,2
216,2378,3
216,333,4
216,2468,2
216,370,2
216,3387,3
216,2379,4
216,3841,3
216,2054,1
216,2082,3
216,1073,1
216,3301,3
216,1526,1
216,3156,2
216,3812,4
216,231,2
216,203,3
216,2889,4
216,2136,1
216,466,1
216,3506,3
216,144,4
216,2792,2
216,3712,1
216,984,2
216,2587,2
216,237,3
216,2301,2
216,2109,1
216,2163,4
216,2794,4
216,2374,1
216,1689,2
216,2369,4
216,3525,1
216,3,3
216,1513,2
216,2003,1
216,2874,4
216,2255,2
216,3120,3
216,2431,2
216,3688,1
216,1888,2
216,537,2
216,852,3
216,3591,3
216,3450,2
216,2065,1
216,471,3
216,2424,1
216,468,4
216,2375,1
216,7,4
216,485,2
216,2405,2
216,3869,4
216,2372,3
216,2012,2
216,410,3
216,586,3
216,830,2
216,1135,4
216,3243,3
216,344,2
216,1569,2
216,368,3
216,2416,4
216,2572,1
216,236,2
216,2746,4
216,3622,3
216,3040,3
216,1923,1
216,2470,2
216,3740,4
216,2110,2
216,597,4
216,2700,2
216,2151,2
216,539,4
216,3501,3
216,2245,1
216,2496,2
216,2011,4
216,1081,2
216,3308,2
216,3928,4
216,2241,3
216,1409,1
216,2078,4
216,3448,4
216,339,4
216,2262,2
216,2657,3
216,2371,4
216,587,4
216,317,3
216,119,3
216,3614,2
216,3263,2
216,3255,1
216,500,2
216,2926,3
216,440,3
216,1641,3
216,3608,2
216,1732,3
216,1083,4
216,952,3
216,342,4
216,934,2
216,1078,4
216,2001,2
216,2321,3
216,2406,3
216,3507,3
216,52,4
216,3613,3
216,1958,3
216,2779,4
216,2100,1
216,356,3
216,2690,1
216,1542,3
216,2150,1
216,1968,3
216,2870,4
216,3086,2
216,39,1
216,3076,2
216,3235,2
216,3052,1
216,2243,3
216,1784,3
216,3175,2
216,1235,2
216,2797,4
216,3070,1
216,3873,2
216,3552,2
216,1517,4
216,1640,2
216,3200,3
216,1307,3
216,1500,2
216,2395,2
216,3836,3
216,1965,1
216,3039,1
216,2000,2
216,1244,1
216,933,3
216,2863,2
216,1125,4
216,1292,4
216,1060,4
216,671,3
216,2361,2
216,3868,4
216,2791,2
216,2174,3
216,1172,1
216,909,2
216,1028,2
216,2915,4
216,3088,2
216,3481,4
216,21,4
216,916,2
216,1077,2
216,2716,2
216,3210,1
216,1304,4
216,1663,4
216,1259,4
216,3543,4
216,921,4
216,1279,3
216,3037,3
216,3361,2
216,2396,4
216,1265,1
216,1914,2
216,1080,4
216,1278,2
216,2064,2
216,2997,1
216,1230,2
216,1079,3
216,3929,3
216,1276,1
216,1256,2
216,2300,2
216,3462,1
216,3363,4
216,2788,2
216,2804,3
216,639,1
216,2023,1
216,910,3
216,2387,4
216,2130,1
216,897,3
216,302,1
216,2858,4
216,1210,3
216,900,2
936,110,2
936,2394,4
936,569,4
936,1911,2
936,1005,1
936,1556,1
936,3623,3
936,3793,1
5333,2155,2
217,2302,2
217,2763,1
217,3354,3
217,3745,2
217,3484,2
217,648,2
217,3578,1
217,480,1
217,2858,4
217,1250,3
217,2542,4
217,50,2
217,1101,1
217,2918,2
217,2134,4
217,356,4
217,1197,1
217,1617,2
217,1210,1
217,1097,2
735,1297,2
735,1960,1
735,2915,2
735,2795,2
735,2174,2
735,1961,3
735,1962,2
735,1968,1
735,2194,1
735,1090,3
735,1302,4
735,3360,2
735,1258,2
735,1231,2
735,1225,2
1137,240,4
1137,1544,1
1137,201,2
1137,804,4
1137,277,4
1137,2657,1
1137,266,1
1137,490,4
1137,144,2
1137,1286,2
1137,524,1
1137,3675,1
1137,3357,1
1137,3793,1
1137,2160,3
1137,3538,4
1137,1466,1
1137,1282,1
1137,551,3
1137,3555,1
1137,480,4
1137,2966,4
331,1845,3
331,708,4
331,1500,1
331,345,4
331,1834,3
331,1674,3
331,1635,3
331,3100,2
331,17,1
331,3068,1
331,2329,2
331,1259,3
331,3105,2
331,994,1
331,1090,3
331,3019,2
331,1358,3
331,2866,3
331,1288,2
331,1276,2
331,2442,1
331,1242,3
331,608,3
331,296,3
331,1225,3
331,3201,3
331,1213,1
331,2028,1
331,908,4
331,1196,3
331,318,2
331,1193,1
331,527,3
331,912,2
331,919,3
331,1233,2
331,593,1
331,1689,4
331,3869,2
331,2683,3
331,2539,4
331,3450,3
331,1020,4
331,785,2
331,372,3
331,2706,2
331,537,1
331,417,1
331,205,1
5242,3159,4
5242,3578,3
331,3263,2
331,500,3
331,141,2
331,1485,2
331,104,2
331,2770,2
331,216,1
331,231,3
5242,2769,3
5242,3949,2
331,2496,1
331,1614,1
331,2690,1
331,2883,1
331,1747,3
331,3052,3
331,21,4
331,441,1
331,2321,2
331,1517,2
331,1883,2
331,348,4
331,1794,1
331,1171,4
331,2542,4
331,2289,1
331,1449,2
331,2359,1
331,34,2
1812,3858,3
1812,3911,1
5367,3177,4
5277,1573,3
5277,2353,1
5277,1370,4
5277,2879,1
5277,2427,3
5277,2000,2
5277,1610,3
5277,2194,4
5277,861,2
5324,3821,2
5277,1197,4
5324,3285,3
5324,3316,3
5324,3452,3
5324,3623,1
5324,3753,3
5324,3298,2
5324,3510,1
5324,2769,2
5324,3555,1
5324,3911,2
5324,3408,1
5324,3783,4
5324,3897,4
271,1262,1
218,2987,2
218,2701,3
218,2806,1
218,2702,4
218,2763,2
218,2840,1
218,2724,4
218,2396,2
218,1513,4
218,2394,2
218,2013,2
218,24,2
218,43,4
218,2598,1
218,2490,4
218,1959,1
218,3606,3
218,2581,2
218,968,3
218,3219,3
218,2734,2
218,2805,1
218,2568,2
218,2900,3
218,2622,3
218,3053,4
218,2723,1
218,3174,1
218,2761,3
218,913,4
218,785,3
218,2713,3
218,2720,2
218,2856,1
218,2333,2
218,3175,1
218,2861,3
218,233,2
218,2605,4
218,2959,4
218,2428,3
218,2688,4
218,2336,1
218,2599,1
218,1911,3
218,2369,4
218,3543,4
218,2718,1
218,223,1
218,2433,4
218,2147,3
218,3203,3
218,2710,4
218,2770,1
218,2826,4
218,2683,4
218,2706,3
218,2699,1
218,3516,2
218,2827,4
218,3484,4
218,3354,3
218,3534,4
218,3513,2
218,3753,2
218,648,3
218,3755,3
218,3510,3
218,3578,1
218,3793,2
218,3745,4
218,1210,3
218,1171,3
218,2408,3
218,920,4
218,3180,4
218,209,4
752,1947,2
752,2922,1
752,2951,2
752,1201,2
752,3681,3
752,3441,4
752,2115,2
752,2641,3
752,1378,4
752,1291,2
752,1198,2
2828,1701,1
752,3821,3
752,3793,3
587,2128,3
219,2763,2
219,2762,2
219,2396,3
219,1513,2
219,785,4
219,2688,4
219,2712,1
219,2718,1
219,2433,1
219,223,2
219,3005,1
219,2683,1
219,2706,3
219,480,3
219,266,2
219,3101,1
219,3911,1
220,1079,4
220,2917,4
220,2064,2
220,2076,4
220,1258,3
220,2467,1
219,3481,2
220,1291,1
220,2174,1
220,1186,3
220,1296,1
220,1374,4
220,1674,2
220,2020,1
220,1288,2
220,1090,4
220,1961,1
220,3361,3
220,2987,4
220,1240,4
220,1394,2
220,1197,4
220,1307,3
220,1957,1
220,1259,4
220,1200,1
220,1231,2
220,1270,2
220,1198,2
220,1295,4
220,1036,3
219,3301,1
219,3863,2
220,541,3
220,1225,1
219,3785,2
220,1199,2
220,3798,1
220,3752,1
220,3623,1
220,3534,2
220,3457,4
220,3882,4
220,3852,1
220,3755,4
220,3618,2
220,3831,3
220,3578,1
219,3755,2
219,3408,1
220,3911,2
220,3408,1
220,3783,4
219,2792,2
219,648,3
219,3675,4
219,3753,1
219,2791,2
219,3555,4
219,2657,4
219,2858,3
220,2302,1
220,3253,3
220,3178,2
220,2384,4
220,235,1
219,2795,1
219,2752,1
220,562,3
220,2542,2
220,2321,2
219,3253,4
219,2028,3
219,3791,1
220,125,4
220,1923,3
220,101,3
5675,1632,4
220,2396,2
220,2359,1
220,1500,1
220,2171,3
220,3114,4
220,1265,1
220,2324,4
220,34,1
220,2599,1
220,1885,3
220,2858,1
220,1,1
220,2997,4
220,1722,3
220,2928,4
220,1952,4
220,3505,2
220,608,1
220,1272,1
220,110,1
220,1077,4
737,2987,2
737,2720,4
737,2710,3
737,3051,4
221,3081,2
221,407,3
221,3499,2
221,1645,2
221,1407,3
221,1732,3
221,2267,1
221,648,1
221,3044,3
221,1589,2
221,1754,2
221,1783,4
221,1909,2
221,3176,4
221,2875,1
221,1625,4
221,3386,3
221,1617,2
221,113,4
221,695,2
221,451,4
221,3902,1
222,1466,4
222,3513,3
221,3897,1
222,551,2
222,3481,2
222,3555,3
222,3578,3
222,3751,3
222,1250,4
222,2858,4
222,3452,2
222,3824,1
222,3512,2
222,1376,4
222,592,1
222,2987,2
222,1291,2
222,1259,2
222,1197,1
222,2,3
222,653,2
222,788,3
746,3717,4
221,3431,2
221,111,3
221,1270,4
221,2468,3
221,3125,2
221,3823,4
222,2021,4
222,3438,2
222,2054,4
222,2628,2
222,317,3
222,2622,4
222,2140,2
222,367,3
222,2100,4
222,2005,3
746,3785,1
222,2193,2
222,2174,2
222,1073,1
222,2797,3
222,1097,1
222,1076,4
222,266,4
222,553,2
222,590,3
222,3671,1
222,1266,4
222,2693,2
222,3007,2
222,1050,2
222,1230,3
222,1372,2
222,3793,3
222,1215,3
222,32,3
222,1127,1
222,1210,3
222,1374,2
222,924,3
222,541,1
222,1200,1
222,1240,3
222,589,1
222,1214,4
222,2571,1
222,1196,2
222,260,3
222,1704,2
222,2028,1
222,1617,3
222,1233,2
222,318,2
222,714,1
222,3948,2
222,3916,2
222,3897,1
222,3896,3
222,3893,2
222,480,3
222,3785,4
222,1388,4
222,3809,4
222,1100,3
222,1198,1
222,1676,4
224,300,4
224,2872,3
224,1185,2
224,249,2
224,2443,1
224,1653,2
224,800,4
224,835,3
224,3668,2
224,161,1
225,3946,1
224,3105,4
224,1097,4
224,3471,3
224,1186,1
224,428,4
224,17,3
224,3098,2
224,3100,4
1484,2745,4
1484,1036,3
1484,1270,4
1484,1288,2
1484,1231,3
1484,1090,4
224,1302,1
224,182,2
224,1095,2
224,1949,2
224,1208,3
224,1096,3
1484,1197,3
1484,3361,4
224,3260,2
224,293,2
1484,2970,4
1484,1240,1
1484,3342,1
1484,1217,1
1484,2248,1
224,2336,2
224,2125,2
224,920,1
1484,1199,2
1484,1222,3
1484,2973,3
1484,541,3
1484,1225,2
224,924,1
224,3360,3
1484,3683,2
1484,3090,1
1484,1394,4
1484,1299,4
1484,1228,1
224,2020,3
224,515,1
224,2959,3
1484,1198,1
1484,1196,2
225,1185,4
225,2064,2
225,1264,2
224,73,4
224,3148,1
224,1296,4
224,919,1
225,1240,2
225,1198,1
224,110,4
224,1242,4
224,1960,4
224,2890,3
224,1704,1
225,1228,2
224,296,3
224,1090,2
224,1635,3
224,247,3
224,1041,4
224,2728,4
224,953,1
224,2248,3
224,3548,1
224,1224,3
224,1213,1
224,1207,1
224,1956,4
225,1114,4
224,1193,3
224,1250,4
225,1529,2
224,1196,4
224,2028,2
224,608,4
225,2282,2
224,1225,2
224,593,4
224,912,1
224,3469,3
224,923,1
225,3320,2
224,318,3
1484,1250,4
1484,3518,2
224,357,1
224,468,4
5493,1865,2
224,2746,2
224,144,3
225,2580,3
225,3717,1
1484,1759,3
224,380,3
224,2321,4
225,2712,4
225,3238,4
225,2428,4
5493,2481,3
224,1648,1
224,2081,2
224,3060,2
224,1569,4
5493,1916,3
225,2759,3
225,2369,1
224,69,4
225,2541,1
225,3203,1
224,497,3
224,3052,2
225,2770,4
225,3005,1
225,2979,4
224,1968,3
224,39,2
224,180,2
225,2707,1
225,3593,3
225,3004,4
224,2355,4
224,3108,4
224,1307,3
224,104,3
225,2188,3
225,1127,2
225,3754,1
225,2826,3
1484,3618,3
225,1884,2
1484,3328,4
225,2600,1
225,1483,4
225,1711,1
225,1464,2
225,113,2
225,1909,2
225,3176,3
225,1732,3
225,1589,2
225,2583,3
225,2024,2
225,1805,4
225,1484,2
225,492,1
225,3386,3
225,555,1
225,1251,1
225,1084,1
225,1304,4
225,1219,2
225,1247,4
225,1952,1
225,1955,2
225,3421,4
225,3204,1
225,1997,2
225,1345,2
225,3551,4
225,3504,3
225,1387,1
225,3099,1
1329,3258,2
1329,518,3
1329,784,4
225,2971,3
225,1206,2
1329,466,4
1329,1894,2
1329,2860,4
1329,2805,1
225,3545,2
225,1235,2
225,3741,3
225,111,2
225,1964,4
225,1214,3
1329,312,2
1329,1918,1
225,1193,4
225,3730,1
225,1230,2
225,2871,4
225,858,3
1329,216,1
1329,2793,2
1329,1888,4
225,2626,4
1329,2888,3
1329,719,1
1329,2004,1
1329,135,4
1329,1405,3
1329,2195,1
1329,1588,4
1329,2335,1
225,2312,3
225,2968,4
225,2114,1
225,3521,1
225,1965,3
225,2352,4
1329,2694,3
1329,2606,4
1329,2431,2
225,2749,1
225,3526,4
225,1994,1
225,2174,3
225,1131,3
225,1291,4
225,1079,4
225,1961,1
1329,1614,3
1329,5,3
1329,2861,2
1329,1020,4
1329,2718,3
225,3608,3
225,3361,2
225,2194,2
225,1968,1
1329,3869,3
1329,2683,2
1329,2249,1
1329,785,2
1329,231,1
1329,2770,1
1329,1377,2
1329,2169,3
225,2243,3
225,1270,2
225,3072,3
225,1246,2
1329,586,4
225,3480,4
225,3019,3
225,2918,4
1329,2424,1
1329,2889,3
225,3360,3
225,2915,2
225,3210,1
225,1036,1
225,3543,4
225,1259,3
225,1197,4
225,2349,1
225,1258,4
225,1285,4
225,3868,4
1329,1777,2
1329,1485,1
225,1132,4
225,1274,3
225,1242,3
225,1200,1
225,2791,1
225,1186,1
225,541,4
1329,1732,2
1329,543,2
1329,344,4
225,1189,4
225,3547,2
225,1300,4
225,1172,4
225,1222,3
225,2020,4
1329,2723,3
1329,2759,2
1329,317,4
225,1307,2
225,1150,2
225,2348,4
225,1090,1
225,1196,2
225,1956,2
225,1394,2
225,1299,2
1329,3809,1
1329,2622,2
225,3090,2
225,3424,3
225,3683,3
225,3067,2
225,1217,4
1329,514,3
1329,2581,1
1329,3263,1
1329,440,2
223,500,3
223,2335,2
223,1747,4
225,2973,1
225,1218,4
1329,356,4
1329,1569,1
1329,441,4
223,367,4
223,2700,2
223,2706,2
223,2858,3
223,3114,4
223,1,2
1329,2302,1
1329,1883,4
225,1059,4
225,1729,2
225,778,3
225,2336,4
225,595,4
225,1358,2
225,25,3
225,1187,3
1329,3255,2
1329,587,3
1329,3253,2
225,3055,1
225,1594,4
225,2391,3
225,449,3
225,2333,1
225,448,4
225,2427,3
1329,367,4
1329,1747,4
412,303,3
225,47,3
1329,2124,3
1329,2502,4
225,1625,2
1329,2395,2
225,337,1
225,2761,4
225,1834,1
1329,21,2
1329,1517,2
225,3728,3
225,2159,2
225,319,3
225,1046,1
225,529,1
223,3809,4
225,1633,1
225,1266,4
223,3101,3
225,29,1
223,316,1
225,3006,4
1329,1923,4
223,253,4
1329,1641,2
1329,1449,2
225,2575,2
223,597,1
225,263,4
225,1664,2
225,549,1
1329,1215,2
1329,235,3
225,1192,1
225,373,2
225,2610,3
225,2028,4
225,293,1
225,3418,3
225,581,4
225,190,3
225,2329,4
225,556,4
225,2959,2
225,1704,3
1329,2542,1
1329,1500,3
1329,2599,1
1329,1265,3
225,36,2
225,1277,2
225,1095,1
225,1699,2
225,1673,3
225,162,1
225,1533,4
225,714,2
225,1249,2
1329,2396,4
1329,1,4
225,1912,2
225,1147,3
225,2630,3
225,2908,1
225,866,2
225,1635,2
225,1354,3
225,800,1
225,2966,3
225,2360,1
225,3271,3
225,246,4
225,123,3
1329,3354,1
225,570,4
225,1089,3
1329,3534,4
225,608,2
225,2964,2
225,50,2
225,665,3
225,2692,2
1329,2792,1
224,1188,3
224,915,4
224,1028,2
224,3317,1
225,3823,2
225,3182,2
224,2108,2
224,2352,1
224,3072,1
224,2174,3
224,955,3
224,2282,4
224,1517,1
224,3396,1
224,2716,3
225,700,3
224,1257,4
224,3526,3
224,3361,1
225,247,2
1329,3409,3
1329,648,1
1329,3755,1
224,1641,1
224,2750,3
225,2893,1
1329,3513,1
224,1060,4
1329,1129,2
1329,1466,4
224,1270,3
224,2542,2
224,1500,2
224,1079,4
225,164,3
225,1617,2
1329,3555,1
1329,3753,4
224,1259,4
224,2791,3
224,1285,4
224,2359,3
1329,551,2
1329,3578,1
1329,2791,2
225,1721,2
224,1083,2
224,2918,1
225,535,2
1329,2858,1
224,1073,4
224,1,3
224,1269,3
224,2300,3
224,1234,3
224,1197,2
224,2997,3
224,2804,1
224,1278,1
224,909,2
224,2858,2
224,1265,3
224,2289,1
1329,3952,1
224,1304,4
224,1136,2
224,2599,1
1329,3948,1
224,3897,3
224,1934,4
1329,3916,3
224,2007,3
225,2076,2
225,2248,4
1329,519,3
225,3852,1
1329,160,4
1329,2701,1
1329,880,3
225,3129,3
225,125,2
225,104,1
225,223,3
1329,849,1
225,235,3
225,1060,3
225,1171,4
225,1215,3
225,1875,2
1329,1831,3
1329,1591,2
1329,2986,2
1329,256,3
225,1500,4
225,348,3
225,2321,2
225,3108,1
225,2318,2
1329,1917,1
1329,1544,3
1329,788,1
1329,1590,3
225,2542,3
225,3712,3
225,3253,4
225,2108,4
225,1966,3
225,1449,1
1329,1676,4
1329,196,4
1329,2428,1
225,1585,2
225,1753,3
225,2700,4
225,1236,1
1329,2722,3
1329,2012,2
225,1265,4
225,1885,2
225,101,4
225,39,3
225,187,4
1329,316,3
1329,442,2
1329,1876,3
1329,1391,4
225,34,1
225,2384,4
1329,1580,3
1329,1573,4
225,2289,4
225,176,4
225,1188,2
225,2997,4
225,2395,2
225,2599,2
1329,1254,2
3693,180,2
224,480,1
224,150,2
224,908,4
224,1059,4
224,1091,3
225,2324,3
225,3113,1
225,2722,3
225,3081,1
225,2396,1
225,2706,2
225,2571,3
225,1517,3
225,2683,1
225,2762,4
225,2628,3
225,2912,3
225,2890,1
225,3623,2
225,3879,3
225,3302,2
225,3187,2
225,3535,1
225,3298,3
225,3618,1
225,3755,2
225,3509,1
225,3578,2
225,3457,3
226,1246,3
226,2739,1
225,3408,3
225,3566,4
225,3317,2
225,3793,4
225,3794,3
225,3328,1
226,2716,4
226,1307,4
225,3481,2
225,3747,4
225,3571,1
226,1186,2
226,2791,3
225,3859,4
225,3192,4
225,3783,2
226,1036,2
226,1225,2
225,515,4
225,17,4
225,1719,1
225,2830,3
225,1041,2
226,1079,2
226,1220,1
225,1734,4
225,1094,1
225,1545,2
225,446,1
225,265,3
225,232,4
225,1471,1
225,318,4
226,1968,1
225,501,1
225,1213,4
225,213,3
225,994,1
225,527,4
225,3083,1
226,3361,3
226,1960,1
226,1196,4
225,233,3
225,1280,4
225,296,2
225,2858,4
225,290,4
225,3786,3
225,3513,2
225,1904,3
225,3160,2
225,3844,3
245,1422,1
245,1018,2
245,1732,1
225,1179,3
226,2527,4
226,3432,2
226,920,3
225,3915,2
225,3910,1
225,3897,1
225,3911,1
225,3949,4
225,3893,4
225,3896,1
245,931,1
245,1625,2
245,1086,3
245,2467,2
226,1739,4
226,3072,4
226,3438,1
226,1953,1
225,3556,3
225,225,3
225,2942,2
225,511,3
225,3716,3
225,605,1
245,904,3
245,2206,3
245,942,1
245,903,1
227,2693,3
227,2841,1
227,2840,2
227,2762,2
227,2396,1
227,2692,3
227,3219,1
227,2490,2
227,3354,3
227,785,2
227,3578,3
227,2716,4
227,3175,4
227,2712,4
227,2959,2
227,2599,3
227,1093,4
227,2908,2
227,2710,3
227,2997,3
245,3420,4
227,2707,1
227,3593,4
227,1127,2
227,1193,2
227,2657,2
227,923,4
245,2268,1
227,2628,1
227,356,1
480,2628,4
245,2929,3
245,3100,3
480,653,4
245,2404,1
245,3643,2
245,1586,3
245,3367,2
245,3066,2
245,2670,3
245,1289,3
245,2067,4
245,1224,1
245,1944,3
245,1299,1
245,1272,2
245,920,2
2762,2763,1
2762,2396,2
245,3487,3
245,383,3
2762,2013,1
1837,444,4
2762,1959,3
2762,2734,1
2762,3053,4
2762,2676,1
245,2401,4
245,3365,2
245,3682,3
245,2922,3
245,964,3
245,553,3
1837,697,1
2762,2688,2
245,2921,4
245,1266,2
245,3508,2
245,3681,2
245,599,3
245,1283,3
1837,1458,4
1837,2724,2
1837,2805,3
1837,1479,4
1837,3528,4
1837,1100,4
1837,3257,2
1837,3103,1
245,2655,4
245,2461,1
245,2902,4
1837,46,2
1837,361,3
1837,2497,4
1837,1600,2
1837,2875,1
245,2328,3
245,1388,4
245,3840,1
245,2451,4
245,273,2
1837,2581,4
1837,131,3
245,3708,1
245,407,2
245,2121,1
245,1974,1
245,3732,4
245,1973,1
245,1971,4
1837,2671,4
1837,708,3
1837,451,4
1837,1597,1
1837,237,3
1837,2340,1
1837,224,3
245,879,3
245,177,4
245,1327,2
245,2513,1
245,2713,3
245,1346,3
1837,539,4
1837,1895,2
1837,1409,1
1837,7,3
245,2789,4
1837,3614,2
1837,2572,2
1837,353,4
1837,3259,4
245,1130,4
245,2517,2
1837,597,3
1837,1569,3
1837,3155,2
1837,1835,4
1837,2292,4
1837,1777,1
245,2459,4
245,1339,1
245,3550,1
245,532,3
245,1329,3
245,1128,1
245,2645,1
245,2634,1
245,1645,4
245,3081,4
245,1347,2
245,1407,4
245,3016,3
1837,802,4
1837,838,4
245,2651,1
245,2097,3
245,3018,3
245,2646,3
245,1982,2
245,2867,3
245,2118,2
245,2003,4
1837,339,1
1837,1906,2
1837,440,1
1837,85,3
1837,2496,3
245,3693,2
245,1321,2
245,2633,3
245,1345,4
1837,1722,3
245,2644,4
245,2649,3
245,1997,2
245,1350,4
245,1994,1
245,3930,1
245,2654,1
228,2710,1
1837,1897,2
1837,2570,1
1837,163,4
1837,587,3
1837,3044,1
1837,3874,3
245,2650,4
245,3476,1
245,3499,4
1837,3358,1
1837,249,1
245,1333,1
245,2648,3
245,2638,1
245,1258,3
245,2647,4
245,1340,4
245,1219,2
1837,247,3
1837,377,3
245,2021,4
245,1920,1
245,2477,3
228,3452,4
245,3489,1
245,798,4
245,736,1
245,2,1
245,761,3
245,3036,1
245,2143,1
245,1049,3
245,3494,2
245,362,2
245,1017,3
245,303,3
245,1031,3
245,2043,4
245,3479,2
245,1967,1
245,2161,3
245,1073,4
245,2135,2
245,349,2
245,3104,2
228,3916,1
245,2430,3
245,2871,4
228,3513,1
228,3300,2
245,1262,2
245,1254,2
245,1204,1
228,3354,2
228,1544,2
245,3706,4
245,1748,2
245,2987,1
228,3753,1
228,3555,1
228,480,2
228,3578,2
228,3917,4
228,3481,2
245,1267,4
245,2186,1
228,551,2
245,1252,4
245,1617,4
245,922,2
245,913,4
245,1284,3
228,2858,4
228,1249,2
228,32,3
228,2355,2
228,2770,1
228,50,3
228,3535,2
228,1210,4
230,3579,4
230,3598,3
230,3786,2
230,3623,3
230,3794,2
230,3555,4
230,3859,4
230,3185,4
230,3328,1
230,3783,2
230,2528,4
230,2109,4
230,2871,4
230,1136,3
230,3735,3
230,1214,2
230,1371,2
230,1380,4
230,2013,1
230,1078,1
230,3519,4
230,2009,4
230,3503,1
230,3671,2
230,1954,3
230,1997,2
230,1292,3
230,1953,3
230,1234,1
230,1244,2
230,1206,4
230,2524,3
230,3813,4
230,2877,4
230,2346,3
230,3230,3
230,2657,1
230,1077,1
230,1913,1
230,1161,1
230,2730,1
230,3363,1
230,3198,3
230,1080,2
230,1208,3
230,1193,4
230,3362,1
230,1387,4
230,3471,2
230,1263,2
230,1230,1
230,3730,4
649,1389,2
649,1388,3
649,1387,2
230,260,1
649,2412,3
649,2410,1
649,1954,2
649,2409,2
649,2411,4
2116,147,1
230,2150,4
230,2405,2
230,1135,3
230,3070,4
230,1959,2
230,2110,1
230,2003,4
230,1081,1
230,2021,3
230,1289,4
649,1983,1
649,1984,4
649,1982,3
230,2407,2
230,1096,1
230,2075,1
230,2455,2
229,3448,4
230,3448,3
230,3039,4
229,1968,2
230,1150,4
230,1079,3
229,1961,4
230,2987,1
230,1185,4
230,1994,4
230,2020,3
230,1394,3
229,1288,2
229,1957,3
230,2716,3
230,2929,3
229,1242,2
230,2064,3
230,2313,4
230,1960,1
229,3155,1
229,3675,3
230,1307,4
230,1293,2
230,2068,1
230,1957,1
229,3793,1
230,1961,1
230,1097,4
229,3481,4
230,1270,1
230,541,4
230,1225,2
230,1231,1
229,1862,2
229,2053,1
229,1882,4
229,2549,2
229,196,3
230,2105,2
229,1544,3
229,185,4
229,3697,3
230,1127,1
230,2115,1
229,2672,1
229,1831,3
230,1198,3
230,1200,4
230,1291,3
229,1372,1
229,1676,4
229,780,4
229,2094,1
229,24,3
229,1580,3
229,1527,2
229,329,3
229,1876,2
229,1356,2
229,480,1
229,1921,3
229,2571,2
229,1584,4
229,3755,2
230,2688,1
229,1702,3
229,3489,2
229,2,1
229,3438,1
229,1848,1
229,3440,3
229,885,3
230,292,2
230,736,4
229,2622,3
229,788,2
229,673,2
229,367,1
230,1573,2
229,1060,4
229,1672,2
229,524,2
229,2996,2
230,1610,2
230,1249,4
229,11,3
229,1673,2
230,2762,2
229,1784,3
229,1396,2
230,1831,2
230,76,4
229,1680,4
229,1682,1
229,2569,3
229,25,1
229,150,4
229,3100,3
230,1917,3
229,1358,1
230,1527,3
230,780,3
229,778,1
229,2596,1
229,3006,3
230,1584,3
230,2916,2
230,589,1
230,2571,4
229,2908,4
229,2336,1
229,527,3
229,296,3
229,1840,3
229,1916,2
229,1611,2
229,2707,2
230,3258,3
229,2607,2
229,2959,1
229,2858,1
230,344,1
230,2384,3
230,3157,4
229,2329,3
230,2671,2
230,2424,4
230,2124,4
230,2539,4
230,500,1
230,3358,1
230,3129,2
230,2108,1
230,1641,4
230,1580,3
230,2355,1
230,1923,2
230,1265,3
230,1188,1
230,2583,4
230,1597,1
230,455,1
230,1619,1
230,3176,3
230,802,2
230,1711,1
230,1726,1
230,242,4
230,509,4
230,105,2
229,1246,4
230,1120,4
229,1704,2
229,835,1
230,1721,4
230,1094,4
230,3148,1
230,21,2
230,3260,2
229,3916,2
230,272,4
229,1721,2
229,2087,4
229,2028,2
230,2686,2
230,110,4
230,590,1
230,2291,1
230,2959,3
230,1682,2
230,3100,3
230,32,4
230,1784,1
230,1280,1
230,2028,4
230,296,2
230,36,2
230,608,3
230,3105,2
230,3181,2
230,527,3
5208,3181,1
5208,3148,2
230,446,3
230,3354,1
5208,3717,1
230,3755,4
230,3578,2
230,3751,4
5208,3452,4
230,3948,1
230,3911,4
230,356,3
230,1,1
230,1258,2
230,2734,4
230,480,3
230,3066,3
2360,1370,1
2360,2427,3
3971,3051,3
231,2174,1
231,3623,3
231,2683,1
2022,1214,2
2022,924,2
2022,1200,4
2022,919,3
2022,953,2
2022,912,3
2022,923,1
2022,1250,2
2022,1945,4
2022,2300,1
2022,750,1
2962,3593,4
2022,1207,1
2962,3325,4
2962,3238,3
2962,3826,3
2022,3471,4
2022,3504,1
2962,3752,4
2962,3285,4
2022,1230,1
2022,1387,3
2962,3273,1
2962,3830,3
2962,3452,4
2962,3717,3
2962,3861,3
2962,3646,4
2022,260,3
231,1197,2
2962,3744,3
2962,3831,2
2022,2918,2
2022,1197,2
2962,3863,3
2962,3535,2
2022,1231,2
2022,1674,1
2022,1291,1
2962,3745,2
2962,3755,4
2022,1198,2
2022,541,2
2022,1196,4
2962,3793,4
2962,3578,1
2962,3853,1
2962,3625,1
2962,3481,2
2962,3783,3
2022,2890,1
2962,3896,3
2022,356,2
2962,3240,1
231,2924,1
2022,2396,4
231,1394,2
231,1732,3
231,3219,2
231,1221,3
231,480,2
2022,3844,1
774,2763,4
774,1552,2
774,1391,2
774,1597,1
774,1833,2
774,2334,4
774,2490,4
774,3256,1
774,380,2
774,1608,3
774,21,1
774,377,1
774,2058,2
774,349,2
774,3418,4
1217,3624,3
232,2539,4
232,2567,1
232,1414,4
232,1377,4
232,1701,4
232,2424,2
232,339,4
232,1713,1
232,1391,1
232,2321,4
232,141,1
232,2384,2
232,125,3
232,104,1
232,2759,1
232,3052,3
2153,3388,1
232,3358,2
232,2706,3
232,471,2
232,3060,2
232,1580,3
232,441,3
232,2355,1
232,1784,3
232,3175,2
232,3544,1
232,663,2
232,342,4
232,3108,1
232,2596,1
232,348,3
232,1449,3
232,1517,2
232,101,1
232,2282,4
232,1966,4
232,1060,2
232,180,3
232,1641,1
232,2124,1
232,562,1
232,2700,4
232,1265,4
232,2395,2
232,1885,1
232,2396,1
232,2542,1
232,2359,4
232,2289,2
232,2599,3
232,1546,1
232,34,4
232,235,1
232,176,3
232,1,2
232,3114,2
232,2997,3
232,1148,4
232,745,4
232,1175,3
232,750,3
232,2792,2
232,70,3
232,144,2
232,1129,3
232,2160,2
232,3578,1
232,2791,1
232,1171,4
232,2858,2
232,951,4
232,1250,4
232,551,3
232,3893,3
232,3948,3
232,3897,2
232,3911,1
232,3484,4
232,648,1
232,3513,2
232,3481,3
232,3793,3
232,3751,3
232,3526,2
232,858,1
232,1091,3
232,480,2
232,1208,1
232,1333,3
232,3812,3
2153,2077,3
2153,2115,3
2153,1321,1
2153,2985,2
2153,1962,4
2153,1298,3
2153,2139,3
2153,3098,3
270,1291,1
270,3461,4
270,2871,1
270,952,1
270,1259,4
270,2366,4
270,969,3
270,3104,3
270,1085,1
270,1931,2
270,1204,4
270,919,1
270,1262,1
270,941,4
270,1254,3
270,1197,4
270,2951,1
270,2000,3
270,2571,4
270,2947,3
270,3062,3
270,1222,1
270,1210,4
270,1387,4
270,2944,2
270,3703,2
270,3654,4
270,1036,3
270,1287,1
270,110,4
270,1304,4
270,1198,1
270,940,1
270,1214,1
270,457,4
270,1221,3
270,1196,3
270,2019,3
270,260,1
3717,2268,1
3717,3100,2
3717,3138,2
3717,2745,3
3717,1962,4
3717,1246,4
3717,2312,2
3717,1257,4
3717,2398,3
3717,3361,2
3717,1947,3
3717,1231,3
3717,1285,1
3717,1307,3
496,2959,1
3717,1234,1
3717,1956,4
3717,899,3
3717,908,3
3717,923,4
3717,3937,3
3717,3952,4
660,3316,2
660,3623,3
2895,2542,3
660,3185,1
660,1458,3
660,3877,1
660,1499,1
660,2835,2
660,2851,3
660,132,3
660,2505,4
660,554,1
660,2808,2
660,3354,3
660,1461,1
660,2536,4
660,2017,1
660,697,4
660,637,3
660,882,3
660,2409,3
660,204,1
660,1779,4
660,2410,2
1218,1748,2
660,2466,4
660,3389,4
660,1363,2
660,2126,4
660,1515,3
660,3452,1
660,3141,1
660,2146,1
660,3024,1
660,1371,2
660,2520,1
660,516,1
660,2524,1
2528,3285,3
2528,2710,2
2528,3298,2
2528,2997,1
660,1943,4
660,1327,1
2528,3155,1
2528,2683,1
2528,2827,4
2528,3593,4
2528,2826,2
2528,1127,4
660,2375,4
660,736,3
660,3301,2
660,1442,2
660,237,1
2528,2561,4
2528,2126,4
2528,2605,3
2528,153,1
2528,170,2
2528,1918,4
2528,707,4
2528,2002,2
2528,2616,2
2528,1804,4
660,3020,4
660,3638,1
2528,70,4
2528,1377,2
2528,1620,4
2528,2023,3
2528,2425,2
2528,1675,4
2528,1589,1
2528,1711,4
2528,198,3
2528,2278,4
2528,1645,3
2528,1729,3
2528,1396,3
2528,431,3
2528,555,4
2528,391,4
2528,2268,1
2528,47,2
2528,1785,1
2528,6,2
2528,1466,2
2528,2391,2
2528,2912,3
2528,293,1
2528,1912,2
2528,1617,3
2528,1213,1
2528,50,1
2528,608,3
2528,296,2
2528,3930,4
2528,3923,4
2528,3937,1
244,296,2
244,1213,1
244,910,4
244,1234,1
244,858,3
244,1221,3
244,50,1
3792,1680,3
3792,832,3
3792,266,4
3792,805,2
3792,300,4
3792,2959,4
3792,2383,1
3792,2382,4
3792,2379,4
3792,2381,4
3792,3388,2
3792,2151,3
3792,2478,1
3792,2717,2
3792,2792,4
3792,2416,4
3792,3497,2
3792,2372,4
3792,2011,3
3792,2100,3
3792,2144,2
3792,2615,2
3792,1030,2
3792,2,2
3792,362,2
3792,1375,3
3792,2046,3
3792,2133,4
3792,2115,1
3792,238,3
3792,2161,2
3792,1017,2
3792,2099,4
3792,2987,4
3792,181,2
3792,1681,3
3792,1389,3
3792,1556,1
3792,2153,1
3792,2643,4
3792,502,2
3792,2818,2
3792,2642,2
3792,1499,2
3792,2404,2
3792,2411,4
3792,2816,3
3792,1388,2
3792,360,1
3792,20,2
3792,9,2
3792,2373,2
3792,172,1
3792,2701,4
3792,548,4
3792,420,2
3792,3710,1
3792,2402,3
3792,168,3
3792,2815,1
3792,2986,4
3792,1606,1
3792,2421,4
3792,1744,4
3792,2720,1
3792,2879,3
3792,173,3
3792,1831,1
3792,485,4
3792,2468,3
3792,3439,2
3792,2735,2
3792,2367,1
3792,379,2
3792,2403,2
3792,2410,4
3792,1391,2
3792,3257,2
3792,3440,4
3792,547,3
3792,3771,2
3792,1373,3
3792,786,1
3792,1918,4
3792,1379,1
3792,2641,1
3792,1544,4
3792,208,1
3792,1858,2
3792,1479,2
3792,2409,4
3792,1371,3
3792,1801,3
3792,3807,1
3792,1690,3
3792,376,4
3792,1667,3
3792,434,3
3792,303,4
3792,112,3
3792,3698,1
3792,1205,4
3792,1049,4
3792,1917,2
3792,3697,3
3792,1586,1
3792,1573,1
3792,736,3
3792,3638,2
3792,2105,2
3792,3633,3
3792,3704,1
3792,2989,1
3792,2533,1
3792,3441,2
3792,1378,2
3792,1101,4
3792,2414,1
3792,2193,4
3792,3639,3
3792,2640,4
3792,2985,4
3792,3527,2
3792,2058,2
3792,2949,2
3792,1912,3
3792,1616,2
3792,1792,2
3792,780,4
3792,292,1
3792,1676,2
3792,1527,3
3792,329,2
3792,316,1
3792,2393,4
3792,10,2
3792,368,3
3792,507,4
3792,1372,2
3792,2763,1
3792,165,1
3792,653,3
3792,1722,3
3792,733,1
3792,1356,1
3792,2353,1
3792,3238,2
3792,3159,3
3792,3481,2
233,381,4
233,1704,3
233,590,1
233,150,2
233,36,2
233,2501,1
233,2028,4
233,318,2
233,3105,1
233,3675,4
233,107,1
233,1951,3
233,588,1
233,364,3
233,3061,2
233,2081,3
233,1035,4
233,918,2
233,1032,4
233,1947,1
233,595,3
233,2096,1
233,1028,2
233,594,4
233,1029,4
233,919,3
233,2565,4
233,945,3
233,509,3
233,2125,3
233,2067,4
233,2080,4
233,2243,4
233,3259,2
233,914,4
233,1408,2
233,362,1
233,7,1
233,1265,2
233,356,2
233,969,4
233,1307,3
233,3668,4
233,2396,3
233,3512,1
233,3753,1
233,3751,3
233,2950,2
233,941,4
233,1721,4
233,1954,3
233,1210,1
233,1230,2
4277,2355,2
4277,1069,3
4277,2924,2
4277,387,1
4277,3936,2
4277,1281,4
4277,2782,4
4277,2653,4
4277,1942,2
4277,116,2
4277,902,4
4277,2068,3
4277,1946,2
4277,2434,2
4277,78,1
4277,306,3
4277,1872,2
4277,2963,1
4277,3452,2
4277,2255,3
4277,287,1
4277,3554,2
2063,718,2
273,405,1
273,1882,4
273,548,4
273,1552,3
273,648,1
273,2167,4
273,377,1
273,1275,2
273,733,1
273,3793,2
273,3578,2
273,110,3
273,3178,3
273,1240,3
273,3247,4
273,3896,3
273,2268,4
273,1396,2
273,50,3
273,3439,4
273,126,2
273,2054,1
273,1073,3
273,2174,2
273,3440,1
273,2478,2
273,196,4
273,3257,2
273,2042,3
273,153,2
273,2378,1
273,2986,2
273,2470,2
273,3273,1
273,44,4
273,1416,2
273,3438,4
273,586,4
273,466,3
273,3301,2
273,3444,3
273,2717,3
273,70,4
273,3489,2
273,1377,1
273,1754,3
273,2616,3
273,1676,1
273,2541,2
273,2094,4
273,785,3
273,2002,4
273,2335,2
273,95,1
273,597,3
273,736,4
273,3173,3
273,256,2
273,1019,1
273,2710,4
273,1380,1
273,802,1
273,2413,1
273,1485,1
273,780,2
273,552,4
273,3901,3
273,587,4
273,2683,1
273,3452,2
273,1010,2
273,329,1
273,141,2
273,1407,3
273,2694,1
273,1835,2
273,2011,1
273,3156,1
273,1646,3
273,1372,3
273,3863,2
273,1597,3
273,69,3
273,216,4
273,1020,4
273,1580,2
273,3256,1
273,380,3
273,344,1
273,1753,3
273,3005,2
273,2622,4
273,2115,3
273,1101,4
273,3821,3
273,1370,1
1584,3466,2
273,145,3
273,364,3
273,1374,1
273,2334,1
273,2671,2
273,2985,1
273,2001,2
273,353,4
273,367,1
273,2763,3
273,1748,1
273,3668,3
273,553,2
273,2899,3
273,1356,2
273,3175,1
273,2707,3
273,1608,2
273,2006,4
273,2424,3
273,1408,3
273,1777,4
273,3527,4
273,356,3
273,2394,4
273,2916,4
273,2716,3
273,2124,4
273,1947,3
273,3363,1
273,3255,2
273,1517,1
273,3535,1
273,3160,1
273,1028,4
1584,3809,3
1584,2759,4
1584,1482,1
1584,1919,4
1584,141,4
273,1302,4
273,47,1
1584,1966,2
1584,2482,2
1584,104,4
1584,799,2
1584,663,1
1584,1732,4
1584,356,1
1584,3253,2
273,2890,2
273,594,1
273,592,4
273,1022,2
273,2355,1
1584,3358,1
1584,52,1
1584,2124,3
1584,3060,2
1584,171,3
273,3185,1
273,590,1
273,3147,1
1584,101,1
1584,671,1
1584,1449,4
1584,322,4
1584,1171,1
1584,156,3
1584,471,1
273,74,2
273,1210,3
273,32,1
273,2987,3
273,588,4
273,1393,1
273,3177,3
273,1080,2
1584,1500,3
1584,348,2
1584,34,1
1584,1845,3
1584,180,1
273,2571,4
273,1,3
273,2871,1
1584,1180,1
1584,2318,1
273,1259,2
273,1288,2
1584,3721,3
5689,3624,3
273,34,2
273,2000,2
273,2791,2
273,1036,1
273,1197,2
273,3006,2
273,2396,1
273,589,3
273,1246,4
273,3386,3
273,541,4
273,1136,1
273,3871,2
235,1392,1
273,1704,2
234,2020,4
273,2959,2
273,2762,1
235,2936,4
273,1307,1
273,1196,4
234,3053,3
273,1203,3
273,919,1
273,2997,4
273,2858,4
273,1198,1
273,3897,3
273,1387,3
234,1394,3
273,3365,1
234,2497,4
273,3114,4
273,3801,1
234,1619,4
273,260,4
273,2058,1
234,2971,2
273,163,2
273,2628,2
273,2028,2
234,508,3
234,1090,3
234,1213,2
234,1678,4
234,2022,4
234,527,3
234,318,2
234,1198,4
234,1242,3
234,1196,3
234,1291,4
235,2935,4
234,1299,3
234,3712,4
234,3254,3
234,3100,3
234,858,3
234,780,1
235,3201,1
235,296,2
235,1228,4
235,1136,2
235,1207,2
235,950,1
235,912,3
235,1267,2
235,910,2
235,2938,3
235,1221,4
235,922,1
235,3047,2
235,1391,4
235,1580,4
235,680,3
235,1965,2
235,3700,4
235,2529,4
235,2662,1
235,1200,3
235,1097,4
235,1077,4
235,1253,2
235,968,3
235,32,2
235,2571,4
235,741,1
235,3702,2
235,2664,2
235,1274,2
235,2657,4
235,3578,1
235,1129,2
235,3793,2
235,661,2
235,551,4
235,3751,3
235,2791,1
235,2948,2
235,3741,3
235,1080,4
235,110,3
235,1269,3
235,3551,4
235,3471,3
235,921,4
235,1201,4
235,1240,1
235,154,3
235,1175,4
235,2947,4
235,2599,2
235,1258,1
235,1230,4
235,1249,2
235,1245,2
235,1224,1
235,2858,1
235,1247,1
235,971,3
235,28,3
235,3341,4
235,2788,1
235,3819,2
235,2973,2
235,1292,3
235,1299,1
235,2010,2
235,2997,4
235,1103,2
235,924,4
235,905,3
235,1199,3
235,1225,4
235,608,4
235,899,3
235,1193,2
235,2289,1
235,916,4
235,3683,1
235,1635,3
235,527,4
235,750,1
235,2937,4
235,1617,2
235,903,2
235,3083,3
235,247,1
235,1214,4
235,908,2
235,913,2
235,923,1
235,541,2
235,904,3
235,1212,4
235,1252,4
235,2360,4
235,751,2
235,1544,3
235,849,1
235,761,2
235,653,2
235,1552,1
235,648,4
235,2723,2
235,2641,1
235,674,1
235,2628,3
235,2099,3
235,733,1
235,2105,4
235,2115,4
235,1967,2
235,2406,4
235,1275,1
235,592,3
235,2640,1
235,2987,2
235,1291,2
235,3175,4
235,1073,3
235,3036,2
235,2968,1
235,29,3
235,1259,1
235,3070,2
235,919,4
235,260,4
235,1204,1
235,1303,3
235,1198,4
235,1196,1
235,2871,2
235,1711,1
235,3247,1
235,2616,2
235,707,1
235,367,3
235,532,4
235,3729,3
235,2764,2
235,1732,3
235,3328,1
235,2912,2
235,2278,4
235,1260,1
235,3521,4
235,117,3
235,659,1
235,2692,1
235,1500,4
235,1248,2
235,1089,1
235,1179,3
235,50,4
235,858,2
235,3019,2
235,3783,4
235,1213,3
235,1912,1
5653,3911,1
235,3859,3
235,206,4
235,77,1
235,3653,3
5653,1914,2
235,1310,3
235,137,3
235,1192,3
235,128,1
235,1649,1
235,1050,2
235,3680,2
235,2859,3
235,2693,1
235,2330,4
235,549,2
235,2064,2
235,1147,2
235,1189,4
235,2677,3
235,363,4
235,162,2
235,3007,4
235,2337,3
235,1210,2
235,1238,4
235,1197,2
235,152,3
235,1684,2
4647,1833,1
4647,736,4
2520,922,4
2520,3706,3
2520,1344,4
2520,541,4
2520,3683,1
2520,913,3
2520,1252,2
2520,902,2
2520,920,2
2520,2692,1
2520,1247,4
2520,265,4
2520,94,3
2520,2925,1
2520,2797,2
2520,2352,1
2520,2971,4
2520,1200,2
2520,1214,3
2520,2791,3
2520,969,3
2520,2624,3
2520,3251,1
2520,412,1
2520,932,2
2520,345,4
238,1061,3
238,3379,2
238,3420,2
2520,344,1
238,1860,1
238,3723,2
2520,1251,4
2520,2731,4
2520,1203,4
2520,2826,2
238,1177,2
238,1093,4
238,1227,4
238,1354,2
238,1082,1
238,2764,2
238,3178,4
238,2712,1
238,3251,4
238,151,4
238,1680,2
238,2000,4
238,3714,2
238,1693,1
238,2750,2
238,3676,4
238,1120,3
238,3386,3
238,2310,4
238,2025,1
238,3198,1
238,806,4
238,2801,1
2520,2844,1
238,3071,3
238,85,3
238,3135,2
238,3194,3
1340,1548,4
238,3546,1
238,1747,3
238,2738,2
238,508,4
238,2852,4
1340,383,4
238,1085,1
238,3498,4
238,1682,4
238,3179,2
238,3037,1
238,3108,4
238,3586,4
238,2686,1
238,2194,3
238,3668,1
238,2291,3
238,2239,1
238,279,4
238,300,3
238,2070,3
238,2022,1
238,2243,1
1340,2297,2
1340,337,3
1340,366,3
238,3060,1
238,3733,1
238,1012,2
238,3222,2
238,491,2
238,3271,3
238,650,4
238,2866,4
238,1834,2
238,247,1
238,3200,3
238,1246,2
238,3405,4
238,3147,4
238,2967,1
238,1941,1
238,2729,4
238,2071,2
238,1653,4
238,1639,2
238,2621,2
238,3713,3
238,161,2
238,3211,3
238,1759,1
238,3100,3
238,25,1
238,2117,1
238,1295,1
238,1096,3
238,3246,2
238,3870,4
238,3296,4
238,271,3
238,3350,1
238,2065,3
238,1954,3
238,30,2
238,2890,3
238,535,4
238,1302,2
238,1097,1
238,2725,2
238,58,2
238,3163,2
238,3418,3
238,3260,2
238,3255,2
236,3527,4
236,2916,4
236,2985,1
236,2872,1
236,163,1
236,2000,1
238,3215,4
238,3424,1
238,1730,1
238,1968,3
238,1584,2
238,3700,4
238,1245,4
238,1124,1
238,1936,2
238,16,3
238,590,4
238,32,3
238,3067,4
238,531,1
238,971,3
238,529,4
238,1296,1
236,3703,1
236,457,4
236,1127,4
236,3793,3
236,1201,4
1340,2840,4
236,1291,4
236,1240,2
236,1196,2
236,260,1
236,2571,4
236,1197,3
236,2028,3
1340,3669,1
1340,315,3
236,1298,1
236,1997,3
236,1307,2
236,2324,3
236,1961,3
236,1,4
236,1610,4
236,1036,4
236,3930,3
236,1200,1
236,1259,4
236,1304,3
236,2396,3
236,923,4
236,34,2
236,3114,1
236,3105,3
236,589,3
236,912,3
236,1214,1
236,3751,3
1340,1972,1
236,1225,4
236,1208,4
236,541,1
236,1250,3
236,608,2
236,678,3
236,50,1
236,1387,4
236,3548,3
1340,3869,4
236,1193,1
236,1198,1
236,2236,2
1340,3053,3
236,2804,4
236,3683,4
236,318,2
236,1148,2
236,2069,3
236,3363,1
1340,800,4
236,1210,2
236,273,1
236,24,1
1340,2001,3
1340,2000,2
236,1748,3
236,2628,3
1340,3773,3
237,3354,4
237,3098,3
237,2529,3
237,2671,1
237,597,4
237,7,1
237,150,3
1340,1977,4
1340,1981,3
237,1485,1
237,648,4
237,10,4
237,370,3
237,3869,4
237,3868,3
237,838,3
237,1266,3
237,1270,4
237,2012,4
237,2005,4
237,1396,4
237,1101,2
237,2804,2
237,1136,2
1340,782,1
237,543,2
237,737,4
1266,480,2
1266,1466,4
1266,2966,1
1266,3159,1
1340,1183,3
1340,229,1
237,17,3
237,1408,1
237,500,3
237,440,1
237,104,3
1340,3264,1
237,3255,1
237,539,1
237,2355,4
237,231,2
237,588,4
237,34,1
237,1,2
237,1307,3
237,1393,3
237,318,3
1340,2033,3
237,3512,4
237,3481,3
237,3408,4
237,1544,4
237,168,4
237,434,4
2000,3916,1
237,44,2
237,380,4
237,1580,4
237,480,1
237,590,4
1340,23,4
237,1197,4
237,1198,3
237,1196,4
237,260,4
237,3717,3
237,3623,1
237,3755,4
2000,1302,2
237,3578,4
237,3753,1
237,3821,1
1340,1688,3
237,3301,3
237,3536,3
1340,3250,2
237,3751,3
237,3948,4
1340,3710,1
1340,2124,4
1340,344,1
237,457,1
237,1086,3
238,2932,1
238,3461,4
238,2872,2
237,903,3
238,3111,3
238,1788,2
238,1094,2
237,908,1
238,1962,3
238,2067,3
238,1150,1
238,3105,2
237,2762,3
238,296,3
238,2352,3
238,1704,4
238,2333,1
238,1222,3
238,2908,3
238,1635,1
238,1674,4
238,909,3
1340,42,2
1340,2551,2
238,337,1
238,3168,3
238,3526,3
238,36,2
238,110,3
238,1054,3
238,1694,2
237,356,2
237,1265,1
237,1094,3
238,515,1
238,3160,4
238,34,1
238,944,4
238,2398,2
238,1272,4
238,272,1
238,1946,4
237,497,3
238,1288,4
238,1208,4
238,3019,3
238,2904,2
238,924,2
238,1358,4
238,3098,1
238,199,3
238,1949,1
238,3330,1
238,265,1
238,41,1
1340,3176,2
238,3196,2
238,3543,2
238,2732,3
238,1944,3
238,3090,4
238,1873,2
238,2728,4
238,1247,2
238,1237,1
238,1277,1
237,1721,2
237,1923,4
238,175,2
238,2501,2
238,1259,4
238,1217,3
237,912,4
237,2115,4
238,3371,2
238,2966,4
238,1244,4
238,1933,4
238,17,1
237,1210,4
238,1952,2
238,800,1
238,1104,1
237,1291,1
238,3011,2
238,1263,3
238,954,4
238,1213,1
238,1186,3
238,1423,4
238,1196,3
238,2969,2
1340,1909,4
238,926,1
238,608,4
238,2348,3
238,1233,4
238,3217,4
238,1221,1
238,150,2
238,2303,3
238,1224,1
238,3171,2
238,3471,4
238,3469,3
238,3370,1
1340,428,3
238,1090,4
238,3789,2
238,3362,4
238,1250,4
238,3801,1
238,3654,1
238,923,1
238,1471,3
238,844,4
238,1280,2
238,3735,2
238,3734,2
238,1041,4
238,2289,2
238,1179,1
238,1185,2
238,3741,1
1340,3712,4
238,446,4
238,3724,1
238,1945,3
238,1251,2
238,2357,4
238,2912,3
238,858,3
238,2130,4
238,1207,3
238,1299,1
238,3730,2
238,3952,1
238,1103,3
238,593,1
238,1935,2
238,1938,1
238,3504,1
238,3467,4
238,2609,2
238,3468,2
238,2972,4
238,3678,3
238,3788,3
238,1594,4
238,3304,4
238,3649,3
1340,539,4
1340,2722,1
238,116,1
238,2174,3
238,2628,4
238,2384,2
238,2313,3
238,902,4
238,475,1
1340,848,4
240,1909,4
240,3418,1
240,1584,3
240,1704,1
240,150,2
240,2359,3
240,17,3
240,246,2
240,2391,4
240,3105,3
240,457,2
240,34,1
240,2762,2
240,2501,4
240,266,1
240,2941,4
240,3448,4
240,2890,1
240,1272,2
240,1224,3
240,161,4
240,1960,2
240,3196,3
240,3742,3
240,1233,1
240,1204,2
240,1262,1
240,1250,1
240,317,2
240,2100,1
240,434,1
239,2125,2
240,2013,2
239,1393,1
239,509,3
240,736,1
240,3404,3
240,1608,3
239,1721,2
240,1385,3
239,2108,3
239,3108,3
240,2001,1
239,1197,4
239,1639,2
239,1183,1
240,3107,1
240,2115,4
239,39,4
239,1265,2
240,2414,4
239,1094,2
239,1674,4
239,122,4
240,2406,3
239,2396,4
239,2692,1
239,1307,4
239,497,1
239,1247,4
239,1947,1
240,2363,3
239,1230,3
240,733,3
239,2704,4
240,3062,1
240,2353,4
240,1429,4
240,1101,1
240,1127,1
240,3256,1
240,1287,2
240,2948,4
239,527,3
240,2947,3
240,2949,1
240,3654,4
239,2028,3
240,1291,3
240,1610,1
239,805,4
240,589,1
240,110,2
240,1196,3
240,1198,3
3732,3948,4
239,1210,1
239,780,2
240,1732,4
240,3763,4
240,1396,1
3732,3897,1
5060,497,2
240,112,2
240,2268,1
240,1084,2
240,2000,2
240,1953,4
240,1234,4
240,1617,1
240,608,4
240,50,4
240,858,2
240,1924,3
240,2389,3
240,2633,4
240,2617,4
240,1690,4
240,2782,2
240,1348,4
240,2716,4
240,1333,3
240,1997,2
240,2648,1
240,1278,1
240,1373,4
240,1917,4
240,3033,4
240,788,1
240,2054,1
240,1320,4
240,1371,3
240,2012,2
240,1544,4
240,1372,2
240,2699,1
240,3375,1
240,780,2
240,1375,3
240,3927,4
240,3827,3
240,329,1
240,1019,1
240,2455,2
240,1376,3
240,1077,3
240,1374,3
240,1334,1
240,1356,1
240,3699,2
240,480,2
240,1210,4
240,2571,2
240,1270,1
240,1097,1
1228,2701,1
240,1200,2
240,1240,4
240,1214,3
240,260,2
240,541,3
240,750,1
1228,3841,3
1228,2253,1
1228,327,1
240,1171,3
240,2302,1
1228,42,1
1228,1100,1
240,3253,1
240,1641,2
1228,2986,2
1228,2126,1
240,3175,1
1228,1544,1
240,492,2
240,1580,3
1228,2881,2
1228,170,3
240,2396,2
1228,1552,3
240,1265,4
1228,3082,2
1228,2616,2
1228,1377,1
240,235,3
1228,292,2
1228,2582,4
1228,1754,1
1228,434,1
1228,423,4
240,1148,3
240,745,1
240,1223,1
1228,316,2
1228,2699,1
1228,2273,2
1228,2617,2
1228,95,1
1228,1597,3
1228,1488,1
240,3755,1
240,3751,4
240,3578,2
240,3555,1
1228,780,1
1228,517,1
1228,1480,4
1228,1573,1
240,3812,1
1228,648,4
1228,380,1
1228,1916,4
240,2374,1
240,1301,1
1228,733,3
1228,2353,1
1228,10,3
240,3072,3
1228,288,2
1228,1527,2
1228,3178,1
1228,368,1
1228,1788,4
1228,1722,4
240,356,4
1228,2058,4
1228,377,1
1228,1580,3
649,1997,2
5333,2778,4
242,2995,2
242,3355,1
649,2004,4
649,2003,1
649,3864,1
242,2433,3
649,305,3
242,3535,3
2828,3005,3
1962,3569,4
1962,3745,2
1962,3538,2
1962,3457,3
1962,3357,4
242,1092,1
242,445,3
242,474,3
241,2916,1
241,2278,3
241,21,2
241,1112,3
242,3785,2
242,1625,4
242,2542,1
242,50,4
242,2027,3
242,778,3
242,3328,2
242,2268,4
242,47,1
242,2329,2
242,608,2
242,1617,2
242,296,3
242,1079,4
242,539,4
241,457,3
241,6,3
241,2427,3
241,2912,1
241,3418,2
241,2540,1
241,474,1
1228,1408,1
1228,349,4
1228,480,3
1228,3256,2
242,223,3
241,1912,3
241,2028,2
241,3265,2
241,1233,4
241,3267,1
242,2693,3
1228,2278,1
1228,474,4
1228,507,1
1228,21,4
1228,2916,2
242,2150,2
242,2151,2
241,1376,2
241,1129,2
241,1127,1
241,1374,2
241,3175,4
241,3745,1
241,2287,4
242,208,2
241,3702,4
241,2288,3
241,1748,2
241,3699,1
241,3576,1
242,3489,4
1228,2912,1
1228,3266,1
1228,1610,3
241,2968,4
241,3471,3
314,965,3
314,924,2
314,1019,1
241,2571,3
241,589,2
241,1240,3
241,32,1
241,1196,4
241,1306,4
241,1200,1
241,1270,1
314,2072,2
314,1367,1
314,2085,4
314,3420,2
242,1136,4
242,1080,1
241,541,1
241,1214,3
241,1077,2
241,3703,1
242,2405,1
242,362,1
241,1206,3
241,750,1
241,924,2
314,2406,2
242,2115,4
314,3175,4
314,2111,3
314,2797,4
242,2193,2
314,350,3
314,3671,4
241,1230,1
242,2005,1
314,3448,3
314,2518,1
241,910,3
314,597,1
314,194,1
314,2174,1
241,904,3
241,1284,1
241,1252,4
314,1459,1
314,1621,4
314,938,3
314,1124,4
314,141,2
314,3167,2
242,1242,1
314,1183,2
314,1079,3
314,1625,4
314,3111,2
314,1485,4
314,2291,3
314,2746,3
314,3873,1
314,1185,2
314,1282,4
314,2427,4
314,3039,4
314,1350,1
242,1961,3
314,3398,4
314,1721,1
242,3037,4
314,3702,2
314,2857,4
242,3948,3
314,1580,3
314,2160,1
241,3814,4
241,3072,4
241,1923,2
314,3414,2
314,1094,3
314,901,4
242,663,2
241,1097,2
314,3418,3
314,963,1
241,2023,4
314,529,2
314,3675,2
241,3704,2
241,3101,4
314,2077,1
314,3396,1
314,2336,4
314,300,1
314,357,2
314,62,4
314,3296,4
314,3361,1
314,1092,1
314,3507,3
314,2918,3
314,3132,3
314,2176,4
242,1394,4
314,377,4
314,2662,2
314,2359,3
314,1968,4
242,3869,3
242,3868,1
314,1719,2
314,2915,2
314,1302,1
314,3037,1
314,2018,2
314,1344,1
314,2096,1
242,161,1
314,3244,1
314,1635,4
314,1035,2
1181,180,1
314,3185,3
1181,3320,2
242,1275,2
242,1772,1
242,1754,2
242,3386,4
242,465,1
242,2406,2
242,858,1
242,151,3
242,2000,2
242,3864,3
314,595,2
242,1220,2
314,915,3
242,511,4
242,1953,2
314,2966,2
314,921,3
314,1321,2
242,2194,4
314,2716,1
314,596,4
242,1291,4
242,1198,1
314,3674,4
314,3062,4
242,1924,3
314,2919,1
314,1103,4
314,534,1
314,3763,3
314,3072,1
242,1917,2
242,2054,2
314,900,4
242,2012,3
242,1909,3
314,3281,1
314,3405,4
314,2206,2
242,2011,4
242,3033,1
242,3827,4
242,316,4
2122,2762,4
2122,3359,3
314,1206,3
314,1610,1
1556,2478,1
1556,3268,3
242,1301,2
314,3147,3
314,39,2
242,1396,3
2122,1234,1
2122,1276,3
242,2529,2
314,902,4
314,1189,3
242,32,1
242,1748,3
242,1270,3
242,3471,4
2122,1206,4
314,1023,4
242,924,2
2122,1193,2
242,260,3
314,1307,2
314,594,4
1556,1197,3
1556,1198,4
242,541,2
242,1206,4
242,750,1
2122,1358,1
314,515,1
2122,1704,2
2122,1203,1
2122,1247,3
2122,1927,3
314,918,2
314,2208,3
314,457,4
242,1215,1
314,1278,2
314,1333,1
314,1953,4
242,3578,1
2122,1214,4
1556,3784,4
1556,2622,3
314,1012,2
314,2070,4
2122,1136,3
314,1253,1
242,1288,1
314,949,3
314,1,4
242,1125,4
242,1921,2
2122,1219,1
2122,260,4
2122,1252,3
1556,3388,1
314,1304,4
314,3088,2
314,1270,1
2122,920,2
2122,1204,1
2122,1233,3
314,750,4
314,3730,3
314,1292,1
242,1584,1
2122,50,2
2122,919,4
2122,1230,4
1556,1366,4
1556,2759,2
1556,1020,4
242,2273,2
242,1373,4
242,1375,4
242,1374,4
242,1376,2
242,1371,3
2122,1250,4
314,3362,2
314,971,4
314,994,4
242,2700,2
242,861,3
314,2664,3
314,1293,1
314,1294,1
314,2791,2
314,930,1
314,914,1
2122,2907,2
314,954,1
314,1193,3
314,1287,1
242,370,4
242,2718,1
314,3504,3
314,2186,2
314,1997,4
242,520,4
242,449,2
314,934,3
314,3551,2
242,2335,4
242,788,1
314,1262,2
314,2565,3
242,2431,3
242,69,2
314,1937,2
314,3095,1
314,2762,2
3693,1631,1
314,3736,4
314,1234,1
314,1214,3
242,1020,3
242,344,4
242,231,1
242,2683,1
2122,1242,3
242,3450,4
314,1254,2
314,905,4
314,1267,3
314,1283,2
242,216,3
242,410,1
242,356,2
314,3035,4
314,1266,1
2122,3578,2
242,3247,4
242,1614,2
314,919,2
314,1225,2
2122,3793,4
314,50,3
314,3447,3
242,671,4
314,2132,3
242,2706,4
242,1747,3
242,3174,2
314,2028,4
314,904,1
314,1219,2
314,1212,4
314,1617,2
242,1441,2
242,492,3
242,1485,4
242,2770,2
242,1784,3
242,3175,3
242,1732,1
242,1517,2
314,1945,4
2414,3033,4
242,471,4
242,1449,1
242,3253,1
314,928,3
314,2324,3
242,3052,3
242,1641,4
242,235,2
242,2395,2
2414,420,1
242,1923,3
242,1883,1
242,39,2
314,318,1
314,3469,2
242,1265,4
314,3435,2
242,745,1
242,1148,3
314,2203,3
242,692,3
242,160,3
242,3113,2
242,2808,3
2414,442,1
242,786,1
242,327,2
242,694,1
242,736,4
2414,47,2
242,368,3
242,380,4
242,2393,2
242,2628,3
242,3208,1
242,2600,4
242,653,3
242,1616,3
242,2625,1
242,1676,4
242,1372,4
242,466,2
242,1385,3
242,288,3
242,780,4
242,3082,4
242,1608,4
242,2490,3
242,2617,1
242,2723,4
242,353,1
242,1876,4
242,1391,1
2414,2354,4
242,2763,3
242,1356,1
242,1573,2
242,198,1
242,1722,1
242,2353,4
2414,2657,1
242,1429,2
242,1580,1
242,2170,1
242,1527,4
242,1858,3
242,733,3
242,2582,3
2414,1380,1
242,2006,3
242,3020,4
242,112,2
242,2879,4
242,2571,2
242,110,3
242,1610,3
2414,180,2
242,3267,2
242,2028,1
242,2692,2
242,1788,4
2414,1639,2
242,3484,3
242,70,4
2414,3941,2
2414,3942,2
242,648,2
242,480,2
242,3753,3
242,551,1
242,2792,3
242,2657,3
242,3793,4
242,2791,4
242,2858,1
242,3751,1
2414,518,2
2414,1020,2
242,785,4
242,1721,3
242,329,1
242,1464,3
242,1196,3
242,2396,2
2414,3861,1
242,1210,4
242,364,2
243,1968,1
243,2174,3
2414,288,3
2414,3825,1
2414,18,4
2414,1206,1
2414,1101,2
2414,531,1
2414,1517,4
2414,2723,1
243,2716,4
243,1270,1
243,1307,3
243,2918,4
243,1060,2
243,3536,3
243,1285,3
243,2324,3
243,1265,1
243,1259,1
243,1172,1
243,933,2
243,3868,2
243,3481,1
243,1276,3
243,2542,2
243,2289,4
284,2701,3
284,2987,1
243,2913,2
243,1136,3
243,1641,3
243,1,2
284,2841,1
243,2858,4
243,1234,3
243,3712,2
243,2791,4
243,1125,1
243,920,4
243,1197,4
243,477,4
243,1079,1
243,542,4
284,2720,4
284,2718,3
284,2147,1
284,2710,3
284,3593,1
1960,3155,3
1960,3755,2
1960,266,4
1960,3534,1
1960,3159,3
1960,2111,4
1960,2757,3
1960,1297,1
1960,3868,2
1960,1960,3
1960,1246,4
1960,2791,3
1960,1132,4
1960,1172,3
1960,1285,3
1960,1674,3
1960,1189,1
1960,3098,4
2478,1810,1
2478,1029,1
2478,2987,1
2478,2501,3
2478,3359,2
660,3512,2
660,3430,3
660,140,4
660,3506,1
660,2311,1
660,1727,4
660,3300,2
660,1385,1
660,2641,4
660,1027,3
660,1380,3
660,292,1
660,3729,1
660,627,4
660,3066,1
660,3553,4
660,1686,3
660,3529,4
660,3639,1
660,1485,3
660,3519,4
660,10,4
660,3633,2
660,2528,2
660,832,1
660,229,4
660,992,4
660,500,3
660,3624,1
660,3040,3
660,1907,1
660,2346,2
660,3740,3
660,2990,4
660,1959,1
660,365,3
660,2407,3
660,1395,1
660,2657,3
660,1356,3
660,3635,3
660,1459,4
660,3032,1
660,2527,2
660,2991,2
660,3494,2
660,2779,1
660,1286,4
660,3769,2
660,1584,4
660,2640,2
660,2985,4
660,476,3
660,2747,2
660,1797,3
587,3646,3
660,94,4
587,3578,3
587,3182,4
660,3105,3
660,3099,3
660,1376,1
660,2287,1
660,553,2
1593,3565,2
1593,3793,2
1593,3513,1
1593,3745,1
1593,3578,2
1593,3755,3
1593,3753,4
1593,648,2
660,3699,1
660,3396,1
660,1370,1
660,1035,3
660,2565,4
660,3927,2
660,1125,2
660,3682,3
660,3873,3
660,3788,3
660,2009,1
660,2922,1
660,3203,1
660,3074,4
660,3505,3
660,1954,3
660,2427,1
660,3471,2
660,3408,1
660,3194,3
660,3198,1
660,1246,1
660,1302,3
660,1210,3
660,3507,4
660,3836,2
660,3668,1
660,281,4
660,1253,2
660,3104,2
660,3499,3
660,3671,2
660,3451,1
660,953,3
660,2921,2
660,2948,4
660,3685,3
660,3702,2
660,2857,2
660,2501,1
660,2819,3
660,2728,1
660,2366,3
660,1649,3
660,1201,1
660,2951,4
660,3359,2
660,2067,2
660,3508,1
660,3296,3
660,3421,2
660,3098,2
660,1387,2
660,2944,4
660,1952,1
660,1200,3
660,3733,4
660,924,3
660,1036,1
660,1287,4
660,920,2
660,1208,2
660,2313,2
660,3654,2
660,1944,1
660,1950,4
244,2150,1
244,3039,2
660,3196,2
660,1953,4
244,2797,4
244,3072,1
244,2352,1
244,2100,1
660,951,3
244,2915,1
244,3070,3
660,1272,2
660,457,4
660,3634,4
244,1307,2
660,1234,4
244,2716,2
244,3361,4
244,1172,1
244,2174,3
660,3681,1
660,1193,3
660,3730,1
244,1197,3
660,1206,3
660,1299,2
660,1267,1
660,1294,4
660,1247,3
660,1084,1
660,1209,1
660,3735,3
660,1262,3
660,3504,4
660,908,3
660,919,1
660,111,4
660,1136,2
660,260,4
660,1207,1
660,750,1
660,1250,4
660,1252,2
660,1276,1
244,3623,2
660,1204,3
660,858,1
660,2019,4
244,2791,4
244,2948,3
244,1282,3
244,1250,4
244,1249,4
244,1270,1
244,1240,3
244,589,4
244,260,1
244,750,1
244,924,3
244,1214,2
5948,1346,4
244,2858,2
244,541,2
244,2745,1
244,3408,1
244,3916,1
1137,3893,1
1137,3515,3
1137,2881,3
1137,2605,3
3051,1222,2
3051,111,3
245,3766,4
245,1499,1
245,1562,2
245,1382,3
245,2402,4
245,1606,2
245,3113,2
245,2475,1
245,3889,2
245,2373,1
245,2815,3
245,3139,1
245,2367,3
245,2403,1
245,2126,4
245,1769,3
245,1320,1
245,3082,2
245,3441,3
245,208,3
245,1917,1
245,786,2
245,2616,1
245,517,3
245,204,3
245,653,2
245,2376,3
245,434,4
245,44,3
245,95,4
245,2826,4
245,292,2
245,1385,3
245,464,2
245,2013,1
245,533,4
245,2370,4
245,112,3
245,3639,4
245,145,2
2076,2762,2
245,2476,3
245,1792,1
245,2167,1
245,2989,3
245,165,2
245,2273,1
245,2006,1
245,1552,4
245,3623,4
245,1587,2
245,3444,1
245,733,2
245,288,4
245,2115,3
245,10,2
245,2334,1
245,2617,4
245,3771,3
245,2414,2
245,2993,1
245,2990,2
245,1722,1
245,1378,1
245,2193,4
245,2353,3
245,1608,1
245,3633,3
245,353,1
245,2991,1
245,3635,1
245,163,1
245,3769,4
245,2058,2
245,1275,4
245,3807,1
245,1370,4
245,377,3
245,2278,1
245,1127,2
245,2949,1
245,3702,4
245,2947,3
245,3763,4
245,474,3
245,1291,3
245,2951,1
245,969,3
245,3153,4
245,1201,3
245,3366,4
245,2366,1
245,2944,4
245,940,1
245,1610,3
245,1387,1
245,1036,4
245,457,3
245,2720,2
245,1474,2
245,3804,4
245,12,4
245,2828,2
245,3690,1
245,1772,1
245,93,3
245,2953,1
245,19,2
245,419,4
245,520,4
245,432,1
245,2379,3
245,355,4
245,2253,2
245,3048,3
245,153,2
245,2478,2
245,2088,1
245,2683,2
245,1461,4
245,1911,2
245,466,1
245,2717,1
245,3258,3
245,2149,1
245,3590,2
245,3385,1
245,370,4
1449,3504,4
245,2052,4
245,2405,1
245,1689,1
245,673,2
245,2375,4
245,2335,3
245,2378,2
245,1379,4
245,2582,4
245,2413,3
245,473,3
245,1020,2
245,1359,3
245,2794,2
245,2060,1
245,2372,1
245,3846,3
245,2735,1
244,480,4
244,1544,3
245,267,3
245,2796,4
245,586,2
245,1091,4
245,1194,1
245,3254,2
245,3506,3
245,3525,1
245,2418,1
245,2457,1
245,485,2
245,1409,4
245,333,3
245,552,4
245,2567,3
244,3528,1
245,1377,3
245,2040,1
244,1479,3
244,2724,3
245,3264,3
244,736,1
245,2136,2
245,344,4
244,1541,4
244,2570,1
245,2470,3
245,3812,3
245,2723,1
244,1569,2
245,122,1
245,500,3
245,2148,1
244,1339,3
244,587,1
245,3235,4
245,410,3
245,1010,4
244,597,2
244,2424,1
245,2780,2
245,492,4
244,539,4
245,3516,3
245,3087,1
245,2539,3
245,3263,1
245,356,2
244,1835,2
245,3928,4
244,3358,2
244,2108,1
1193,3513,1
245,2134,4
1193,3753,3
1193,3751,1
1193,3555,4
1193,3793,4
245,2109,1
244,11,2
1193,3578,3
245,317,4
245,1395,4
245,3491,4
244,339,4
245,1485,3
245,1367,2
244,2671,3
244,1721,3
245,2110,1
245,2746,2
245,440,4
245,2150,3
245,2371,3
245,3873,3
245,3740,3
245,3253,4
245,587,1
245,380,2
244,440,4
244,151,3
245,3760,2
245,3040,1
245,2406,3
245,2111,4
245,2779,3
244,357,3
245,1883,3
245,1083,3
245,1028,3
244,377,2
245,2423,3
244,356,1
245,2518,3
245,2108,3
245,2463,4
245,2302,4
245,1125,1
245,1517,4
245,3809,2
245,3358,2
245,588,2
245,3039,1
245,2100,1
245,3507,3
245,497,3
245,2174,1
245,3088,2
245,1297,1
245,1078,1
245,2080,4
245,3210,3
245,2065,3
245,1079,1
245,3671,1
245,2078,4
245,955,3
245,2700,3
245,1963,4
245,367,2
245,2797,1
245,1500,3
245,3526,1
245,3608,4
245,2918,2
245,1257,1
245,2355,3
245,330,4
245,2863,4
245,3868,4
245,3836,2
754,3554,3
245,952,2
754,3623,4
245,2124,2
245,3552,3
245,3814,3
245,1220,3
245,2915,2
245,3037,3
245,1278,1
245,3361,2
245,1256,4
245,2300,4
245,1269,3
245,1235,4
245,1294,1
245,921,3
245,3421,3
245,2788,4
245,3451,4
245,1080,3
244,1680,4
244,1393,4
244,17,4
245,69,3
245,1292,1
245,2716,4
245,1197,2
245,1304,4
245,1230,4
245,1234,2
245,1136,2
245,3599,4
245,3504,1
245,3114,4
245,2422,4
245,3331,4
245,2950,1
245,2431,2
244,2396,2
244,1265,3
245,724,2
245,1801,1
245,168,3
245,42,3
245,3707,4
245,2120,1
245,2409,1
244,3799,3
245,1918,2
245,2421,4
245,2374,4
244,648,1
244,3755,1
244,3513,3
245,2942,2
245,2688,2
245,3834,1
245,1726,2
245,1943,3
245,2524,3
245,2252,2
245,253,4
245,3020,4
245,3430,1
245,2877,2
245,3791,1
245,1027,2
245,996,1
245,1959,2
244,3578,2
244,3510,3
244,3481,2
244,3793,1
245,2023,4
245,832,1
245,382,1
245,3107,1
245,3259,4
245,2429,2
244,908,4
244,2112,2
244,1591,4
245,3591,3
245,2240,4
244,1617,4
244,1097,4
244,1206,2
245,2734,1
245,3448,3
244,1210,3
245,3723,4
245,2420,1
245,3628,1
245,2474,4
245,3684,1
245,1298,4
245,1589,1
245,3252,1
245,3060,1
245,1401,4
245,11,2
245,454,1
245,508,2
245,22,3
245,1721,4
245,590,3
245,3029,1
245,3255,1
245,2764,2
245,2313,4
245,16,2
245,1246,4
245,3108,3
245,2988,2
245,3347,2
245,2194,4
245,1955,3
245,2427,2
245,1094,3
245,1954,1
245,1099,2
245,2291,1
245,3733,1
245,592,4
245,2000,4
245,3685,1
245,1396,4
245,953,1
245,3654,2
245,3062,1
245,3418,2
245,2866,3
245,1302,2
245,2959,4
245,2872,3
245,21,2
245,1682,3
245,943,4
245,3386,1
245,150,3
245,944,3
245,3461,2
245,300,2
245,1968,2
245,529,2
245,1960,4
245,2398,2
245,2890,1
245,3871,4
245,2352,3
245,1938,4
245,235,1
245,1357,2
245,3169,2
245,2130,4
245,3363,1
245,3424,3
245,3147,2
245,1185,4
245,1674,4
245,110,2
245,1287,2
245,1288,3
245,1956,1
245,1964,4
245,1293,1
245,3035,2
245,1222,3
245,1950,1
245,1939,4
245,3168,2
245,1203,2
245,1259,1
245,1231,1
245,3098,1
245,954,4
245,3068,2
245,2336,3
245,1090,2
245,3196,2
245,3362,3
245,1247,4
245,2728,3
245,296,4
245,111,3
245,1213,4
245,1207,2
245,1952,1
245,608,2
245,2804,2
245,1263,1
245,1953,1
245,3405,4
245,1228,2
245,1276,2
245,593,2
245,3735,2
245,3468,1
245,919,3
245,1103,1
245,2028,1
245,3201,2
245,1193,4
245,1945,3
245,1225,2
245,1208,1
245,1221,3
245,908,3
245,527,3
245,912,1
245,318,4
245,1233,3
245,923,4
245,2019,2
245,858,4
245,160,3
245,2643,2
245,2656,4
245,692,1
245,3401,3
245,1882,1
245,173,3
245,1590,4
245,172,1
245,2851,2
245,256,2
245,2642,3
245,2450,4
245,2456,2
245,2701,3
245,2986,2
245,1591,4
245,2808,1
245,1924,1
245,849,3
245,1373,2
245,1831,2
245,435,4
245,504,1
245,2322,3
245,1779,3
245,1037,2
245,3926,3
245,3802,3
245,2531,2
245,2232,1
245,379,2
245,2034,3
245,196,1
245,2428,4
245,1371,1
245,2530,4
245,2900,3
245,3923,4
245,1876,3
245,2668,2
245,3032,3
245,1603,4
245,316,1
245,2094,4
245,3937,1
245,3697,3
245,76,3
245,748,2
245,512,1
245,2054,2
245,788,4
245,2311,3
245,2661,2
245,3698,4
245,1334,4
245,1391,1
245,426,4
245,3863,1
245,2532,3
245,3638,3
245,2012,4
245,1676,2
245,780,1
245,2393,2
245,2533,4
245,2641,2
245,3826,2
245,3770,1
245,2525,1
245,2657,3
245,2105,2
245,3375,4
245,610,1
245,2699,2
245,3704,4
245,2628,3
245,2901,1
245,2046,2
245,1375,3
245,2377,4
245,3033,4
245,2527,1
245,1573,3
245,2407,3
245,2454,3
245,3701,2
245,2528,3
245,2116,1
245,2346,1
245,2009,1
245,3927,2
245,1376,4
245,2140,4
245,1909,4
245,3699,2
245,1372,1
245,1019,1
245,1356,4
245,671,2
245,1584,4
245,2640,3
245,2455,4
245,1527,3
245,2985,2
245,3340,4
245,1653,1
245,1077,3
245,1580,4
245,968,1
245,2363,3
245,3527,1
245,1215,2
245,3070,3
245,1301,3
245,1965,4
245,2662,4
245,2288,4
245,2287,1
245,2529,2
245,3576,1
245,2916,1
245,2553,4
245,1097,1
245,2968,2
245,1253,4
245,3703,3
245,1374,4
245,2571,2
245,3932,3
245,32,3
245,1210,1
245,1200,3
245,3471,2
245,1270,2
245,2664,2
245,2660,3
245,589,1
245,1206,3
245,924,4
245,260,2
245,750,4
245,1240,3
245,541,2
245,1196,2
245,1214,4
245,1544,3
245,2792,2
245,3918,2
245,648,2
245,490,3
245,70,2
245,1286,3
245,3917,3
245,480,2
245,1129,2
245,2160,1
245,3578,3
245,3793,2
245,2948,2
245,1248,4
245,2858,1
245,551,3
245,1282,1
245,951,3
245,2791,2
245,1250,1
264,2921,2
245,3159,4
245,329,3
245,368,3
245,1947,2
245,674,4
245,1198,2
245,2010,2
245,1101,2
245,1961,2
245,151,2
264,1292,3
264,3287,2
264,2047,3
264,2014,1
264,1033,1
264,1907,3
264,3253,4
323,29,3
264,1101,1
264,3114,2
264,3066,4
264,3438,2
264,1923,4
264,1025,4
264,1372,2
264,1396,2
264,3712,3
264,3248,2
264,543,1
264,899,3
264,3624,2
264,2396,2
264,593,2
249,2580,2
264,2406,4
264,7,3
249,2861,4
249,2605,1
264,2410,3
264,2986,1
249,1093,3
249,2881,1
264,2404,3
2395,3147,4
249,2694,2
249,2710,2
249,2683,4
264,3688,1
264,48,1
249,2706,1
249,2188,4
1246,3440,3
264,2161,3
1246,163,2
1246,353,4
249,337,3
249,1073,4
249,1104,3
249,1042,3
249,593,4
249,2406,4
264,954,4
264,2249,1
264,707,1
249,1961,3
264,2375,3
1246,2124,4
1246,2395,1
1246,1639,1
1246,161,4
249,3104,4
249,2006,2
264,3040,1
249,1285,3
249,1265,3
249,3061,1
264,2111,4
264,3682,1
249,2369,3
249,2280,2
249,3421,2
249,2352,1
249,2797,2
249,222,1
264,1387,3
1246,2841,3
1246,3448,3
1246,497,1
1246,1094,4
1246,1411,1
249,1060,2
264,104,3
249,377,2
249,1777,3
249,1625,2
412,1537,3
249,349,3
249,1573,2
249,2245,4
1246,875,4
1246,3868,3
1246,508,2
264,5,3
249,2420,4
249,339,2
249,1518,3
264,1997,1
1246,16,4
1246,3668,1
1246,1012,1
1246,1301,3
264,165,1
249,3633,2
249,3256,1
249,1513,1
264,1587,1
264,2471,4
264,3060,4
1246,1201,1
1246,69,4
1246,2542,3
264,39,2
249,3255,2
1246,1625,1
1246,41,4
249,1589,2
249,1101,3
249,3638,4
1246,1357,3
1246,62,3
264,3671,3
249,2150,3
264,141,2
1246,1393,3
1246,2391,4
249,3882,3
264,2018,1
249,1645,3
249,480,3
249,10,4
249,2640,4
264,3841,4
264,1320,4
249,1580,2
249,2991,4
264,2085,3
1246,162,1
264,2122,3
1246,2959,3
1246,2890,1
264,3708,4
1246,47,3
264,2263,1
249,1088,2
1246,219,2
249,1380,1
249,357,1
249,1721,3
249,356,2
1246,1704,2
249,2987,1
249,440,2
1246,1089,4
1246,2908,3
1246,750,2
1246,1207,2
1246,3545,4
1246,2762,1
246,1073,4
246,2078,4
246,2080,4
249,3210,4
1246,1262,4
249,39,2
249,474,4
246,2791,1
246,585,3
1246,923,4
246,1784,1
264,1089,2
246,1,4
247,3198,1
247,1097,4
1246,50,2
247,2739,3
246,2144,2
246,3308,3
246,1888,2
246,2355,2
247,778,4
246,3466,1
246,2716,3
246,1259,2
246,467,4
246,3114,4
247,34,4
247,2020,1
246,1270,1
246,2354,1
246,1136,1
246,34,3
246,1265,3
1246,3941,1
247,1222,3
249,3635,2
247,296,1
247,16,1
247,3006,3
247,1203,3
246,3363,1
246,3751,2
249,1061,4
247,3386,2
247,3105,4
246,2918,3
264,3436,1
247,3871,2
249,3639,3
264,2266,1
247,1487,2
247,2336,2
264,224,2
247,2501,4
249,3893,1
249,104,4
249,1302,2
1246,2519,1
1246,2995,4
264,1339,2
247,527,3
249,2268,4
249,3147,1
1246,1960,3
247,3251,3
247,318,3
264,802,3
1246,3108,1
246,2720,4
1246,2728,4
264,377,4
246,1210,4
247,3095,1
247,1247,2
1246,3576,3
246,595,2
246,2028,1
246,3450,4
247,1207,3
264,1307,4
247,3420,4
249,2166,4
249,1393,2
249,1466,3
247,2908,3
249,2302,4
264,3706,3
249,1517,2
264,2822,1
249,150,3
249,1500,3
249,45,1
264,3489,3
264,1009,1
264,2043,3
264,60,1
249,3868,3
264,2,1
247,2947,3
247,3753,3
264,362,3
249,1729,1
247,2028,2
247,2470,3
247,1263,2
264,1967,1
247,475,2
249,1200,1
264,3494,2
248,377,4
248,1370,4
248,474,4
248,3753,2
264,3705,4
248,3702,3
248,2366,2
248,1275,2
248,1222,1
248,1240,1
248,2571,4
248,2000,1
264,1562,4
264,2402,1
249,1307,4
249,3253,2
248,589,3
248,1242,2
248,480,1
248,457,3
248,1036,2
248,1210,2
249,1240,2
248,1197,2
248,1198,3
248,260,2
248,110,3
264,2815,4
264,2373,3
264,208,4
249,1036,3
264,95,4
264,2616,2
264,736,3
249,2949,2
249,2948,2
249,457,1
249,2248,2
248,1196,3
248,1994,2
248,2805,1
2895,3114,3
248,1980,1
248,160,1
248,2011,4
248,2856,1
248,1556,1
2895,3861,3
249,589,2
264,44,3
264,170,2
249,2947,2
264,3441,1
264,1552,2
249,2716,1
264,2990,2
249,2571,4
249,1270,2
249,1210,3
264,1479,2
264,2476,1
264,2006,4
264,3197,3
264,2989,3
264,3633,4
249,2918,3
264,10,3
249,1197,2
264,1370,2
264,2949,4
264,474,3
264,2366,2
5737,3019,3
249,2396,2
264,1030,3
264,1031,2
264,963,1
264,783,4
249,1136,2
264,1029,1
264,2565,4
249,1617,3
264,2422,2
264,2412,1
249,1213,4
264,2411,3
264,168,2
249,318,2
264,2421,1
249,1196,4
264,2409,1
249,50,2
264,2942,3
264,2002,3
264,1586,4
264,3834,4
264,3791,3
249,260,2
249,2359,2
249,3033,2
249,2568,2
249,2005,1
264,517,4
264,2146,4
264,1027,4
264,3844,3
264,2551,1
264,3107,4
1837,3753,4
1837,3256,3
1837,190,2
264,491,3
264,590,4
264,1954,4
264,508,2
264,3654,1
250,3452,4
250,1976,4
250,1544,3
250,2792,1
250,3286,1
250,648,2
250,1466,2
250,1129,3
250,3510,3
250,480,2
250,2791,3
250,1249,3
250,2858,4
250,2948,3
250,464,4
250,356,2
250,3078,3
250,1097,1
250,762,3
250,1214,1
264,1393,2
264,3360,3
264,62,3
264,1674,3
264,1302,2
264,1242,4
264,953,2
264,2398,4
264,1225,2
264,2028,3
284,2195,2
284,952,1
284,3751,2
284,2174,4
284,1278,1
284,921,1
284,1080,2
284,3897,2
4823,3747,1
1218,805,4
1218,2379,2
1218,1631,2
251,1047,1
251,1408,3
251,2058,4
251,6,2
251,21,2
251,377,3
251,1370,2
251,349,4
251,3256,1
251,3418,1
251,474,3
251,1610,2
251,1233,3
251,110,4
251,2028,1
251,457,1
251,1379,4
251,210,1
251,368,3
251,383,3
251,1266,2
251,2012,3
251,553,3
251,266,3
251,590,1
251,2094,3
251,435,4
251,1320,4
251,3697,1
251,316,3
251,2046,4
251,780,4
251,480,3
251,1580,4
251,1748,3
251,2916,1
251,32,1
251,589,2
251,1372,4
251,1958,3
251,2795,2
251,2915,3
251,1081,2
251,2065,3
251,3361,3
251,1079,4
251,2000,3
251,3448,1
251,1663,1
251,3072,2
251,1220,3
251,2716,2
251,2174,4
251,2918,2
251,1968,3
251,1259,1
264,1453,1
264,3130,2
251,1307,3
251,2804,2
264,2253,1
264,1863,2
264,2478,4
264,107,4
264,2088,3
264,520,4
264,3014,3
264,1126,2
264,466,4
264,432,4
264,499,2
264,2255,2
264,1021,3
264,153,1
264,637,2
264,1588,3
264,2004,4
264,2163,3
264,2374,2
264,435,1
264,231,1
264,2468,2
264,2717,4
264,1377,2
264,3710,3
264,3264,2
264,830,4
264,2301,4
264,1016,2
264,2735,4
264,3087,2
264,3525,4
264,344,3
264,1007,2
264,3506,4
264,1378,3
264,1359,1
264,1380,1
251,3930,4
251,3928,4
251,3927,3
264,2136,4
264,1367,3
264,552,1
264,2752,3
264,2110,4
264,3247,1
264,586,3
264,2405,4
264,2371,1
264,852,1
264,3614,2
264,1135,1
251,3936,2
251,3937,1
264,3450,3
264,3608,2
264,3591,1
264,2133,3
264,3524,1
264,2145,3
251,3946,3
251,3948,2
264,1010,3
264,2003,1
264,367,2
264,317,3
264,2302,1
264,539,1
251,3952,1
264,2100,2
264,1297,4
264,2746,2
264,1394,4
264,1079,4
264,357,3
264,3104,2
264,3072,3
264,1294,3
264,1,2
264,1234,1
264,1269,3
264,2420,2
264,3418,3
264,1298,4
264,2469,3
264,648,3
264,2470,1
264,3740,4
264,3873,1
264,3259,3
264,3639,1
264,1042,4
264,1290,1
264,3358,3
264,1013,1
264,2001,3
264,3686,2
264,2941,4
264,2144,2
264,339,1
251,1721,1
251,380,1
251,594,2
264,3101,1
264,1017,3
264,2245,1
264,2134,2
264,158,3
264,2463,2
264,2115,4
264,2015,4
264,2005,1
264,368,1
264,1569,3
264,2174,2
264,1566,2
264,3635,3
264,1485,4
264,1271,2
251,11,4
251,1270,4
251,2474,1
264,380,2
264,3108,2
264,1350,4
264,1073,4
264,468,2
264,3198,3
264,2797,1
264,1982,4
264,1663,4
264,2872,4
264,3255,2
264,3421,1
264,805,3
264,2078,1
264,3628,1
264,2108,1
264,349,2
264,3210,1
264,500,4
264,597,4
264,1994,2
264,2081,1
264,3479,2
264,2080,4
264,2915,1
264,3448,1
264,2993,4
264,151,1
264,1408,4
264,2852,2
264,3256,2
264,2944,2
264,3868,1
264,2739,4
264,588,4
264,2291,4
264,595,3
264,2313,2
264,356,3
264,587,2
264,1201,4
264,1185,3
264,2194,2
264,914,2
264,1275,3
264,1500,2
264,364,1
264,2000,4
264,2947,4
264,1028,4
264,161,3
264,1222,4
264,3361,3
264,1226,2
264,2268,4
264,1257,4
264,1288,2
264,2352,3
264,1278,2
264,1220,3
264,3359,4
264,3363,3
264,920,2
264,1957,3
264,1259,4
264,2918,3
264,296,2
264,1277,2
264,1266,4
264,1235,2
264,1036,1
264,2804,1
264,2728,1
264,3871,4
264,3035,3
264,457,4
264,919,4
264,969,2
264,1287,1
264,1208,2
264,1961,2
264,1272,3
264,1282,1
264,608,4
264,1299,1
264,1219,2
264,1193,4
264,1090,3
264,1197,1
264,2467,1
264,1231,3
264,1267,1
264,1136,4
264,110,4
264,1224,4
264,536,1
264,912,4
264,1262,4
264,1198,4
264,1233,2
264,2450,2
264,1037,3
264,185,2
264,1391,4
264,2034,1
264,2105,4
264,3697,1
264,3701,2
264,1584,2
264,2628,4
264,2393,4
264,3032,4
264,2613,1
264,1249,2
264,2997,2
264,3471,4
1274,2398,3
1274,3118,4
1274,3430,1
1274,2409,1
1274,495,1
1274,2239,4
1274,1954,4
1274,3655,1
1274,3194,1
1274,3498,4
1274,3733,3
1274,3198,1
1274,3069,4
1274,3359,1
1274,3152,4
1274,3037,1
1274,1955,1
1274,1964,4
1274,1362,1
1274,1193,2
1274,1221,2
1274,1952,1
1274,3468,3
1274,903,3
1274,971,1
1274,3088,4
1274,1203,2
1274,926,3
1274,1104,2
1274,2731,1
1274,955,1
1274,1099,4
1274,905,4
1274,978,1
1274,2010,3
1274,3022,2
272,553,1
272,32,2
272,1673,2
272,25,3
272,778,3
272,1527,2
272,1783,4
272,1208,4
272,1193,2
272,111,3
272,1206,1
272,1387,1
272,1263,4
272,1391,1
272,466,1
272,1920,2
272,780,1
272,516,2
272,1586,3
272,527,2
272,151,3
272,1408,3
272,2028,3
272,110,4
272,2890,3
272,2427,1
272,2815,1
272,2816,1
272,3441,3
272,1960,4
272,3766,1
272,2643,1
272,3431,2
272,3768,4
272,2404,3
272,3767,4
272,3877,2
272,3433,1
272,2422,3
272,3432,1
272,2748,4
272,2468,4
272,2411,1
272,2410,4
272,2642,2
272,3710,2
272,2402,4
272,2373,4
272,3704,3
272,2403,3
272,2990,3
272,2641,4
272,1378,3
272,3444,1
272,2376,1
272,1101,2
272,1129,1
272,3763,1
272,3703,2
272,1205,4
272,1218,2
272,1036,3
272,3527,1
272,2344,4
272,1240,1
272,1200,2
272,1722,4
272,1573,3
272,350,3
272,1047,2
272,2334,4
272,1824,2
272,832,3
272,1370,1
272,454,1
272,1661,3
272,1892,4
272,1407,3
272,2353,3
272,1608,2
272,1092,4
272,1653,2
272,2058,4
272,163,3
272,3044,3
272,1834,3
272,3256,2
272,373,3
272,377,1
272,1343,4
272,1748,2
272,2763,1
272,474,1
272,16,1
272,1625,4
272,161,2
272,589,3
272,2571,2
272,1358,1
272,628,2
272,1610,2
272,457,3
272,3147,4
272,593,2
272,2248,4
272,1302,4
272,2313,1
272,1674,4
272,1961,4
272,1090,3
272,3098,4
272,1299,1
272,1228,1
272,3360,3
272,1225,3
272,1222,3
272,3949,3
272,998,3
272,2389,1
272,2458,4
272,762,4
272,2387,2
272,42,2
272,2986,3
272,2027,2
272,1352,2
272,3764,2
272,2126,4
272,1804,2
272,1918,4
272,2540,4
272,1598,4
272,1662,4
272,2002,4
272,3247,2
272,3301,3
272,70,2
272,2616,3
272,1627,3
272,3761,3
272,532,3
272,1620,2
272,81,1
272,3272,4
272,2023,1
272,3744,1
272,1589,2
272,2112,3
272,2231,1
272,198,2
272,2001,2
272,999,3
272,3701,3
272,1711,2
272,866,4
272,1805,2
272,431,3
272,493,4
272,1645,2
272,2280,4
272,1799,1
272,293,4
272,555,4
272,1466,2
272,2268,4
272,2985,4
272,1396,4
272,6,2
272,2278,3
272,2194,4
272,2912,4
272,3362,2
272,1912,3
272,2391,3
272,296,4
272,1221,2
272,3265,3
272,1617,4
272,50,4
272,1213,1
272,608,2
272,1089,1
272,47,3
272,3591,3
272,441,4
272,141,4
272,2111,3
272,1476,1
272,2247,2
272,3040,4
272,663,1
272,3740,1
272,3809,1
272,330,2
272,1569,3
272,587,4
272,2245,4
272,2867,1
272,3087,3
272,357,4
272,3448,4
272,2407,1
272,2371,2
272,1883,2
272,2134,1
272,1028,3
272,1732,2
272,514,4
272,2144,2
272,2321,1
272,52,4
272,2108,2
272,2124,3
272,3535,2
272,2109,2
272,2423,1
272,352,2
272,3178,1
272,551,4
272,2000,4
272,3039,2
272,3671,1
272,1297,3
272,3948,4
272,2384,1
272,2195,2
272,2100,4
272,440,2
272,180,4
272,1747,3
272,21,3
272,1220,4
272,216,4
272,3566,4
272,1517,4
272,3552,4
272,1663,2
272,1079,2
272,356,2
272,1923,2
272,2169,2
272,1257,2
272,2542,3
272,3275,4
272,1784,1
272,104,3
272,1060,3
272,1285,3
272,3052,2
272,3526,2
272,3358,3
272,1500,3
272,3868,1
272,3255,2
272,235,1
272,3617,2
272,255,4
272,1278,2
272,3481,2
272,3424,1
272,2289,1
272,2359,2
272,1307,1
272,3361,4
272,1288,2
272,3307,3
272,2791,2
272,34,1
272,1080,4
272,1885,4
272,1304,4
272,1968,2
272,2918,4
272,3421,1
272,1270,1
272,3608,1
272,1136,4
272,3897,2
272,1394,2
272,1265,1
272,2596,1
272,2804,1
272,1,4
272,1282,4
272,1022,1
272,1025,1
272,2078,1
272,364,2
272,2137,4
272,2399,1
272,849,1
272,836,2
272,809,1
272,2421,1
272,1917,1
272,2143,1
272,2322,2
272,2735,2
272,2265,4
272,3489,1
272,2615,2
272,1216,4
272,208,2
272,2822,2
272,2,4
272,1894,1
272,153,3
272,798,1
272,1779,3
272,303,4
272,2405,2
272,1676,1
272,60,2
272,3698,1
272,44,2
272,1544,2
272,2054,1
272,464,2
272,362,2
272,653,1
272,2094,4
272,2367,3
272,1552,1
272,736,4
272,434,2
272,1377,2
272,2133,3
272,552,4
272,2470,3
272,1587,4
272,3770,1
272,3070,3
272,2105,2
272,2628,4
272,316,3
272,3269,3
272,610,1
272,2617,2
272,3755,3
272,158,3
272,2046,1
272,1580,4
272,1275,3
272,1967,4
272,2167,3
272,1019,3
272,1615,3
272,2193,1
272,10,4
272,2406,3
272,2115,4
272,2006,2
272,590,2
272,2005,2
272,380,4
272,2916,2
272,349,3
272,112,2
272,1261,3
272,3104,1
272,1215,2
272,592,2
272,2871,3
272,480,4
272,2161,4
272,3366,3
272,733,2
272,1198,1
272,1274,4
272,1259,1
272,1197,4
272,1196,3
272,969,4
272,1291,1
272,1287,4
272,919,1
272,260,4
272,2174,4
272,1097,1
272,367,4
272,1073,2
272,2797,2
272,2714,4
272,3793,1
272,1623,3
272,2987,1
272,2701,2
272,3798,3
272,3114,4
272,3176,3
272,2672,3
272,3745,2
272,2702,2
272,2700,2
272,2485,1
272,2841,3
272,2762,1
272,2396,3
272,2840,2
272,3081,2
272,3273,4
272,2395,3
272,2692,4
272,1513,1
272,2560,4
272,24,4
272,2598,1
272,2394,4
272,3219,4
272,3300,2
272,3753,2
272,2901,1
272,2490,1
272,2900,1
272,968,1
272,3623,2
272,2723,1
272,2502,1
272,3174,3
272,3752,1
272,3160,2
272,3354,1
272,785,1
272,2392,3
272,2713,3
272,2995,1
272,2676,3
272,2606,4
272,2580,4
272,3578,3
272,3717,4
272,2688,1
272,2716,2
272,3510,3
272,3238,2
272,2712,3
272,2959,1
272,2428,2
272,3113,3
272,2599,2
272,2605,2
272,2369,1
272,1093,4
272,2772,3
272,2722,4
272,3751,4
272,3016,4
272,3203,4
272,223,4
272,2541,4
272,2433,3
272,2771,4
272,2355,1
272,2770,1
272,2976,4
272,3005,4
272,2979,4
272,3285,4
272,2997,4
272,2694,3
272,3298,3
272,2710,3
272,2699,1
272,2683,3
272,2827,2
272,3179,3
272,3593,2
272,2707,1
272,1127,4
272,2492,3
272,2858,2
272,2706,2
272,2826,2
272,2572,3
272,1729,3
272,858,1
272,2808,3
272,2993,3
272,3917,4
272,3409,1
272,3072,2
272,1210,4
3203,3113,2
1759,3324,4
1759,3821,3
1759,3536,1
1759,3753,3
1759,648,2
299,3060,2
299,1482,4
252,2723,1
4823,2280,1
299,1041,4
252,1777,2
299,2384,3
252,231,3
299,18,1
299,105,3
299,1250,2
299,2704,4
299,3372,4
252,2335,3
252,216,3
252,2772,4
252,3911,2
252,3751,4
252,95,2
252,464,2
252,1320,3
252,780,2
252,292,1
252,3697,3
252,1769,4
253,18,3
252,1690,3
252,380,4
252,2826,1
252,1676,3
252,288,2
252,1391,3
252,2600,1
252,368,1
252,112,4
252,163,3
252,1573,1
253,2704,1
252,353,3
252,733,2
252,2058,2
252,555,1
252,1527,3
252,3418,4
252,3267,3
252,1580,4
252,3178,1
252,861,3
252,2692,4
252,2571,4
252,2028,2
252,589,3
252,2912,3
252,1544,1
253,1089,4
253,448,3
253,3007,1
253,3006,4
252,1129,1
252,3578,1
252,70,2
252,3624,3
253,608,3
253,308,2
253,2396,3
253,296,2
253,994,1
253,1912,4
253,34,3
253,2966,2
253,2501,2
252,3555,1
252,480,4
252,3755,4
252,2948,1
252,3793,4
253,800,2
253,3418,2
252,1250,2
252,3481,1
253,162,4
252,2858,2
252,3786,3
253,1354,2
253,1233,3
253,307,2
253,1041,2
253,3083,4
253,1545,2
253,1280,4
252,356,1
252,3265,3
252,3893,2
252,3702,2
252,104,3
253,306,1
253,446,3
253,1533,4
253,1617,1
253,593,3
253,1900,4
253,246,4
253,571,3
253,2599,3
253,2336,3
253,3408,1
253,2759,4
253,2881,3
253,2369,4
253,1093,3
253,3751,2
253,2433,1
253,2908,2
253,2997,1
253,1127,4
253,2858,4
253,3534,3
253,260,3
253,2990,2
253,383,1
253,3526,4
253,110,3
1716,2701,2
1716,2672,3
1716,2763,4
1716,2840,3
1716,2724,2
1716,24,3
1716,2906,3
1716,2622,3
1716,2581,2
1716,3174,1
1716,3053,3
1716,2392,2
1716,2719,4
1716,2688,3
1716,2861,1
1716,3113,1
1716,3408,3
1716,2605,4
1716,2336,4
1716,2546,1
1716,2881,1
1716,1911,3
1716,2771,4
1716,3005,3
1716,2694,4
1716,3155,4
1716,3004,2
1716,2706,4
1716,1593,3
1716,733,3
1716,3615,2
1716,2424,1
1716,3510,3
1716,2671,2
255,1591,4
255,173,1
255,1037,1
255,3697,3
255,1544,1
255,2377,1
255,3704,1
255,2528,2
255,2699,4
255,3863,4
255,480,2
255,3702,1
255,2011,4
255,1584,3
255,1127,4
255,3703,2
255,1374,3
255,1210,4
255,541,1
255,1200,3
255,924,4
255,1270,2
255,1225,2
255,1214,1
255,1379,1
255,1378,4
255,383,1
255,3793,2
255,3263,4
255,208,1
255,2359,3
255,1747,1
255,1194,1
255,1266,1
255,2808,1
255,1385,4
255,1633,3
255,32,4
255,3494,3
255,1682,1
255,2105,4
255,1,1
255,2916,3
255,1101,3
255,333,1
255,1721,1
255,2968,2
255,379,3
255,2427,3
255,3418,3
255,1240,3
255,589,3
255,1799,3
255,2841,4
255,1234,4
2076,2012,1
2076,2011,4
2076,1270,3
255,2840,3
255,1676,2
255,3699,1
255,316,3
255,260,2
255,2628,4
255,1779,4
255,196,3
255,377,2
255,2728,4
255,3033,1
255,2700,4
255,1920,3
255,1358,4
255,3247,2
255,2762,3
255,2391,1
255,1258,1
255,318,2
255,47,3
255,2139,4
255,527,2
255,3831,4
255,2028,3
255,3698,4
255,3937,1
255,733,1
255,2986,3
255,2985,2
255,3100,3
255,514,2
254,3916,4
255,3441,4
254,1321,1
254,3932,3
255,832,1
254,2654,3
254,1333,2
254,1278,2
254,1345,2
254,1329,2
255,1198,3
255,1672,2
255,1961,2
255,1394,3
254,2366,4
254,2716,1
254,3499,1
254,1214,1
255,303,2
254,2288,1
254,1387,1
254,1219,1
254,1997,3
255,1442,3
255,3197,3
254,1221,4
254,2193,3
254,410,1
254,2399,3
255,24,2
255,3527,1
255,1726,4
254,2402,4
254,1270,4
254,1301,2
255,1090,1
255,1921,1
255,508,3
255,2513,3
255,3256,3
255,1272,3
255,3753,2
255,2490,1
255,2431,4
255,2401,1
255,3508,4
255,1124,1
255,2965,1
255,3098,1
255,3869,3
255,3868,1
255,2723,2
255,2617,1
255,2375,4
255,2844,3
255,1580,4
3312,2548,1
255,837,1
3312,1996,4
255,2571,3
255,1391,1
255,3074,4
255,3476,3
255,953,3
255,60,2
255,780,2
255,1130,4
255,3489,1
255,3360,2
255,2953,3
255,2385,1
255,586,2
255,1275,4
255,405,2
255,2921,2
255,2476,4
255,464,3
255,2003,2
255,1265,2
255,3147,3
255,1262,4
255,2005,3
255,2580,4
255,1242,2
255,3578,3
255,2717,2
255,1401,1
255,2716,4
255,21,2
255,587,3
255,2451,1
255,1653,1
255,1293,4
255,3175,2
255,1625,3
255,1222,2
255,1641,3
255,457,2
255,70,1
255,1271,3
255,799,4
255,356,1
255,3681,4
255,2455,3
255,2456,1
255,2454,2
255,2371,1
255,2046,3
255,2951,4
255,2477,2
255,2403,3
255,454,2
255,3708,1
255,2959,2
255,1527,4
255,1302,2
255,2918,2
255,2268,4
255,608,1
255,3020,2
255,3763,4
255,2712,3
255,2872,2
255,1129,3
255,849,2
255,786,2
255,1183,2
255,2605,4
255,2353,3
255,2627,2
255,1196,3
255,1097,3
255,2021,4
255,231,1
255,653,4
255,2944,4
255,1370,3
255,165,2
255,1036,1
255,1263,4
255,1246,2
255,2118,4
255,3258,3
255,1748,2
255,590,4
255,3270,4
255,1094,1
255,353,2
255,2470,1
255,438,1
255,1020,2
255,1276,4
255,435,4
255,160,2
255,2407,4
255,3471,1
255,434,3
255,350,2
255,2147,3
271,2529,1
255,923,3
255,2423,4
255,2804,3
255,1957,2
255,1346,2
255,431,3
271,2291,1
255,3552,3
255,784,4
255,1304,3
255,2355,2
255,1883,4
255,2866,1
255,1250,3
271,986,2
255,110,1
255,3005,4
271,3071,3
255,2502,2
271,3439,2
271,2253,3
271,3489,4
271,2453,3
271,3438,2
255,1732,3
271,317,4
255,2694,2
255,2797,3
271,2628,1
271,2105,2
271,2015,1
271,2021,3
271,367,3
271,1097,3
271,457,3
271,2944,1
255,65,3
255,593,1
255,1099,3
255,2009,4
351,3638,2
351,2013,3
351,3729,3
256,2105,1
256,736,3
351,3020,1
351,1391,3
351,165,3
256,479,1
256,1792,2
256,1371,2
271,1544,4
255,1375,4
271,2054,4
306,1608,3
271,2367,2
271,153,4
306,2273,3
306,2058,2
351,3744,2
351,1429,1
306,2353,1
306,733,4
351,1101,4
351,1722,3
351,3082,1
306,628,3
256,544,1
271,552,3
256,2094,1
256,95,3
256,3698,1
351,2193,2
271,2,3
351,112,2
351,1608,1
351,2353,2
351,1597,3
351,2989,2
271,1676,2
271,653,4
271,648,4
351,3366,4
256,288,1
256,2628,4
256,780,1
256,1586,4
271,1377,4
271,316,1
306,2355,4
351,2991,1
351,3639,2
351,3635,4
351,1370,3
256,3430,2
256,2115,3
256,376,1
256,2881,1
256,3740,2
351,2115,3
351,2006,2
351,380,3
351,1858,4
351,1376,4
351,349,1
271,2617,3
271,2005,1
256,2476,2
256,1552,3
256,380,4
256,494,1
271,1967,3
256,2347,2
256,2344,2
256,1597,4
351,733,4
351,2001,1
351,3624,2
271,2046,3
271,2161,3
271,340,4
256,748,4
256,208,4
351,3527,1
256,42,1
256,1385,4
256,517,2
256,1608,2
351,2985,1
351,1408,3
271,919,4
256,1101,1
256,292,2
256,1754,4
271,1206,3
351,1127,1
351,1610,4
256,3107,4
256,2763,2
351,2947,3
351,163,2
351,110,3
256,377,4
256,3769,4
351,1291,2
351,1240,4
351,2692,1
351,1242,1
351,1036,1
351,589,4
351,457,3
351,1387,3
256,1129,2
256,2640,4
351,2571,1
256,1370,3
351,260,2
351,940,2
351,1198,3
256,2406,3
256,1518,2
256,2991,4
256,2058,2
256,3527,4
256,2985,3
351,1968,1
351,3396,2
256,3104,1
256,3763,3
256,2427,3
256,3178,4
256,2194,2
351,2863,1
351,2325,3
256,1954,3
256,3153,3
256,2000,1
351,1307,2
351,915,2
256,474,1
256,3578,2
256,1201,2
256,592,2
256,1408,3
256,3418,1
351,1517,3
351,2997,3
351,497,4
256,589,3
256,3654,3
256,110,3
256,2529,2
351,2716,2
351,3868,1
351,1,3
256,2571,1
256,1036,4
256,3267,3
256,969,2
351,3526,2
351,1223,1
256,1240,4
256,3405,3
351,1136,3
351,2924,3
351,2918,3
256,1221,1
256,1198,1
256,1953,3
256,1196,4
256,1304,1
351,1197,2
256,3703,3
256,858,4
351,745,4
351,1148,1
256,1233,1
351,3275,3
256,164,2
256,1783,1
256,1179,1
256,3364,2
256,3334,2
256,1344,1
256,541,2
256,1252,1
256,3435,4
256,1284,4
256,2028,1
256,16,4
256,3296,4
256,3020,4
256,1210,1
256,2126,1
355,1377,2
355,236,1
355,372,1
355,552,3
355,785,1
355,2723,4
355,2447,3
355,663,2
355,1614,3
355,2718,1
355,585,3
355,2539,4
355,516,4
355,339,4
355,450,4
355,1485,4
355,2431,2
355,1476,1
355,3809,2
355,2502,3
355,1020,4
355,2770,3
355,500,1
355,3247,3
355,587,3
355,551,2
355,1777,2
355,2572,1
355,537,4
355,1060,2
355,1580,2
355,2295,1
355,1042,3
355,180,4
355,3129,1
355,104,1
355,1923,3
355,2395,4
355,2282,4
355,39,2
355,725,2
355,356,3
355,3255,4
355,224,1
355,2321,1
355,1641,1
355,2599,2
355,223,2
355,441,2
355,2092,2
355,1920,1
355,48,3
355,1064,1
355,2394,2
355,1405,3
355,616,2
355,2099,3
355,2090,3
355,1032,1
355,2141,4
355,2089,1
355,2087,1
355,2096,2
355,364,4
355,2700,4
355,1029,3
355,588,4
355,2078,1
355,1282,3
355,2987,3
355,596,3
355,3000,2
355,2355,2
355,3114,1
355,595,4
355,1907,4
355,3480,4
355,3477,2
355,2232,2
438,2133,3
438,2301,3
4791,3785,3
4791,1631,2
438,2003,4
438,3040,4
438,2134,2
2071,3409,3
438,2706,2
438,3087,3
2071,3624,2
438,3397,3
438,3591,1
438,1028,2
438,3448,2
438,3398,4
438,368,3
438,2109,1
438,2423,4
438,1425,2
438,3608,2
438,1261,2
2258,2004,4
2258,2003,4
2258,2550,3
438,1784,3
438,1297,2
2258,1350,2
2258,2648,3
2258,2644,1
438,3396,3
2258,541,3
438,2463,3
438,1073,3
438,2716,4
261,1389,1
261,2568,4
438,3210,1
438,2791,1
261,1381,4
261,3705,3
438,3868,2
438,3671,2
261,2153,3
261,15,3
438,2064,2
3312,2807,4
438,1080,1
438,1294,2
438,1197,3
438,2102,1
438,2918,2
438,2804,4
438,3421,3
3312,3391,4
261,2036,3
3312,1381,2
261,193,1
438,1256,3
3312,1681,1
438,1136,4
438,1276,3
438,3629,1
261,505,1
261,160,1
261,2748,4
261,1453,2
261,3765,3
3312,502,1
3312,19,2
3312,1995,2
3312,160,2
3312,724,1
3312,3511,1
3312,65,4
3312,2701,2
257,1517,2
3312,3705,2
257,2321,3
257,104,4
261,3316,4
257,1777,1
257,2355,1
3312,1503,1
3312,1655,4
257,1641,1
261,2701,4
257,2396,1
3312,640,1
257,1456,1
257,2858,2
3312,2428,3
261,3577,3
257,1586,1
257,266,3
257,151,4
3312,2808,1
3312,880,1
257,527,3
257,1408,2
257,110,3
257,2028,4
261,315,3
3312,3436,1
3312,2421,3
261,2505,2
257,3176,2
3312,2642,4
261,239,3
257,590,3
3312,432,3
257,3499,4
3312,173,3
261,3439,4
3312,762,3
257,587,3
257,1092,2
3312,1971,1
257,280,4
3312,784,1
3312,2325,3
261,2471,3
257,3476,4
3312,3004,2
257,2763,3
3312,172,1
257,2841,3
257,1343,3
3312,520,2
261,2188,2
259,1644,1
259,1645,2
261,3707,1
261,1352,4
257,457,1
257,3147,3
257,474,4
3312,435,2
257,1358,4
257,293,1
257,47,3
257,589,1
261,465,3
259,1092,3
259,3176,1
3312,3257,4
258,3198,2
257,2571,3
257,2762,2
257,608,1
261,2335,1
3312,1100,4
3312,216,3
258,1954,2
257,593,1
258,2000,2
258,110,4
258,1036,3
258,1210,4
258,1291,1
258,1242,1
259,300,4
3312,135,3
258,1198,2
258,3639,1
258,1287,2
258,260,3
257,1779,1
257,3697,4
259,3386,4
3312,185,3
258,454,2
3312,2829,1
3312,2722,1
3312,2320,2
258,924,4
258,1994,3
257,24,1
257,2628,2
3312,3889,2
258,3505,1
3312,4,4
3312,122,3
259,3105,4
258,1674,4
258,3256,1
261,2717,4
258,3147,4
258,930,1
258,1240,2
259,1660,1
261,2325,4
3312,2683,4
261,765,2
258,457,4
258,866,2
258,593,4
259,1704,3
3312,1373,3
257,1580,1
257,1653,3
257,2046,1
259,2908,2
261,3489,2
260,839,3
260,502,3
257,480,3
257,32,4
261,3441,1
260,1867,1
260,3268,2
3312,2072,1
259,213,4
261,2751,1
260,2170,3
3312,344,2
261,707,1
261,3717,2
261,1498,1
3312,719,2
260,546,4
260,160,3
260,1499,4
259,852,4
3312,2297,3
259,3450,3
261,1388,2
3312,1614,2
259,144,3
260,694,2
260,1681,3
260,2153,2
261,3937,3
3312,2713,2
3312,2249,1
259,3129,2
258,225,2
261,466,3
260,2808,4
260,438,3
3312,1020,2
3312,3249,2
258,1711,4
258,2567,3
258,2334,2
258,2763,2
3312,1943,2
259,2770,3
3312,203,1
261,1027,4
258,22,3
3312,1380,4
261,3127,1
258,2822,1
3312,2581,2
258,3120,4
259,3108,4
3312,2598,3
3312,2004,3
258,1614,3
259,1966,4
259,892,2
258,1396,1
258,1876,2
3312,252,4
261,521,1
261,996,1
258,2889,4
258,2433,1
259,3052,1
259,357,2
258,292,2
261,2405,1
259,3255,3
258,2058,4
258,1589,3
259,2700,1
259,1641,2
261,81,1
258,1517,1
3312,2699,3
259,2289,3
257,3943,2
258,3107,3
258,1892,1
258,736,1
3312,1375,2
261,2581,3
258,2706,3
258,350,2
259,2396,2
258,538,1
258,2353,3
368,3755,2
368,3555,4
259,1148,4
3312,2447,1
258,1580,1
258,1573,4
3312,3812,3
258,280,1
3312,1769,2
261,5,2
261,2421,2
257,356,3
257,174,1
258,3269,3
260,704,1
260,181,3
3312,3020,1
257,2378,2
3312,2889,1
3312,3243,4
3312,1476,1
258,1049,1
257,377,2
258,316,4
258,16,2
260,3841,3
260,1562,3
260,688,4
257,1587,1
257,1097,4
258,500,2
260,2253,4
260,2322,4
260,3113,1
258,1608,3
260,849,1
258,1673,3
258,3253,3
258,45,4
260,379,4
260,420,3
261,586,4
258,2384,2
259,866,1
258,329,1
258,2671,3
3312,539,1
259,1089,3
259,608,2
258,2395,4
261,879,1
258,1747,4
261,2561,3
258,1500,4
3312,2146,3
259,288,4
261,1888,4
261,1801,1
258,6,4
260,2815,3
260,1801,2
368,193,4
3312,3477,2
259,1690,3
368,2701,2
261,2328,4
3312,2641,3
258,3179,3
260,172,3
260,3208,4
260,466,3
260,405,3
258,1682,1
258,2496,4
3312,785,1
261,2002,2
258,345,3
258,10,3
258,780,4
258,542,3
258,2025,2
261,736,3
368,2498,1
3312,2803,4
260,204,3
260,2549,4
259,368,3
259,2628,4
259,316,3
258,2324,2
258,32,2
258,2858,1
258,1372,1
261,2034,4
259,1049,2
259,2763,4
368,1499,2
3312,1101,3
258,1183,1
258,586,1
258,1810,1
3312,2385,1
259,2023,3
259,3107,4
261,1833,3
3312,1858,3
260,1544,3
260,1431,3
260,173,1
258,3271,4
258,361,3
368,1474,4
258,3418,4
258,3155,3
258,3450,2
260,2126,4
260,3667,1
260,1100,1
259,1573,4
3312,2232,2
258,349,1
258,223,2
3312,2134,2
3312,2093,4
260,748,2
260,3257,2
260,1918,1
368,405,1
368,172,1
258,62,3
259,480,4
3312,1135,4
3312,1569,1
260,15,3
260,227,3
368,2296,1
3312,2846,2
261,1544,1
258,1370,1
258,3259,1
259,110,4
3312,3591,3
259,2427,4
3312,3478,4
3312,2145,1
3312,3712,2
260,3444,2
260,44,2
260,485,2
368,2505,4
258,2803,1
3312,2195,2
258,1356,2
258,2571,1
260,736,3
260,1320,4
260,2735,2
260,2002,3
260,1917,4
368,315,4
258,2997,3
258,1271,2
261,3388,1
261,18,2
259,912,4
258,231,4
258,1625,3
261,3243,3
261,537,4
368,1100,4
368,2808,3
258,3006,3
261,2792,2
260,2616,2
260,886,2
260,1391,2
260,2273,3
258,377,4
258,11,1
258,3148,3
368,742,4
3312,1485,2
3312,2718,1
258,357,4
258,2686,3
258,474,4
261,1091,4
368,2829,1
368,173,3
368,1752,3
3312,2393,3
258,2501,4
258,480,4
260,1429,3
260,208,3
260,2826,3
260,2880,3
260,2699,4
258,1721,3
258,529,1
258,1797,3
258,2396,4
3312,524,4
261,231,3
258,589,1
258,2336,1
368,829,1
3312,2539,3
261,2393,1
261,3698,3
3312,1409,2
258,34,2
258,1784,2
368,2805,2
261,2598,2
261,3145,3
261,329,1
258,161,2
258,36,4
258,3252,4
368,19,3
368,2126,2
260,2006,3
260,1049,2
260,1876,3
3312,491,2
3312,2736,4
368,459,4
258,1265,1
260,1792,2
260,1597,3
260,836,1
260,1586,2
258,47,4
258,2391,4
258,1610,3
261,1627,3
3312,597,1
368,1687,4
368,3054,4
261,1417,3
261,2376,1
261,2428,2
258,1,1
260,1552,3
260,3438,1
368,208,1
3312,141,1
258,1358,1
258,3105,1
258,2028,4
368,1894,1
368,20,4
3312,2640,3
261,1916,1
261,1689,1
258,1089,4
258,527,1
368,830,1
368,1779,1
258,50,3
258,246,3
258,318,3
258,1617,2
261,2622,3
261,1513,3
261,3869,2
3312,1517,1
260,70,1
368,1515,2
3312,2231,3
3312,104,4
260,1687,1
260,3827,3
260,2167,4
260,316,3
368,196,2
261,2490,2
261,2976,1
260,552,1
260,2528,2
260,1479,1
260,517,4
260,1205,1
260,2628,3
261,1114,2
1211,3703,1
368,1661,2
260,2105,1
260,2193,1
368,42,3
368,3489,4
1211,2912,3
1211,1912,1
261,2236,4
3312,3723,4
260,3623,3
260,1378,2
260,1573,2
260,1676,3
258,3755,4
260,2334,2
258,3513,1
368,2387,3
737,29,4
258,3753,3
258,3751,2
258,3578,2
258,3555,2
260,1587,3
260,3704,1
368,886,2
261,165,2
259,1923,2
3312,1959,2
1211,2174,4
1211,1073,1
1211,260,4
1211,2968,2
261,564,4
368,3258,2
259,1834,3
3312,2015,2
368,1769,4
368,586,4
260,653,3
260,2723,2
260,1608,3
260,1527,4
260,3740,2
259,272,2
259,1797,1
259,3147,3
261,3867,1
1211,2644,4
368,2822,2
368,1422,2
258,2372,2
258,1968,3
260,353,1
261,2616,3
260,165,3
3312,2941,4
260,3744,1
260,648,1
3312,2763,3
261,3082,3
259,45,1
258,1097,3
258,3408,4
258,3095,1
3312,2245,2
3312,3480,4
1211,1333,2
260,2115,3
260,288,4
260,1101,3
261,2273,4
261,248,1
258,1196,1
259,1343,3
1211,1387,3
259,2952,4
259,2321,3
259,3163,2
260,2640,4
260,480,3
368,1616,2
260,1047,2
260,1370,4
368,3257,4
1211,2003,2
1211,3081,1
1211,2710,3
259,1639,3
259,1466,4
368,2724,4
368,520,1
260,2490,1
260,1580,2
260,1275,3
1211,1407,4
1211,2746,3
259,1057,3
368,786,3
259,39,4
1211,2455,2
1211,1261,3
260,3635,1
260,1129,1
260,3107,2
260,1215,3
260,377,2
3312,1286,4
1211,968,2
1211,1997,1
1211,3676,1
368,2490,1
261,350,3
368,653,1
368,1037,3
1211,1258,2
259,1266,1
3312,3135,2
261,253,2
368,533,3
368,1754,4
1211,2404,1
1211,2402,1
3312,158,1
368,2,1
260,6,4
260,2763,2
260,2406,4
260,592,4
261,2990,4
259,2912,4
259,2706,4
261,1769,2
261,1416,1
1211,157,3
368,2002,3
368,2297,2
368,552,4
1211,780,3
1211,516,1
259,1357,2
260,2916,2
261,1088,1
261,3755,1
260,2427,2
368,1792,3
1211,1391,3
1211,3053,1
368,1027,4
259,2575,3
259,2336,3
3312,500,3
260,2058,4
260,349,4
260,733,2
260,2947,1
260,3793,4
1211,3448,3
3312,587,3
368,998,1
3312,368,3
1211,976,3
1211,1298,1
259,32,3
259,1694,2
368,201,3
368,100,2
1211,1960,4
3312,16,1
261,3519,2
261,3412,3
1211,2890,4
1211,1242,3
259,3418,2
259,2599,3
3312,3397,3
260,1261,1
260,1210,4
368,3438,3
368,788,2
1211,1272,1
1211,1944,2
1211,1927,4
3312,2097,1
3312,2124,3
1211,1299,3
259,529,3
261,1057,4
368,2561,1
368,3243,4
368,434,1
259,2324,1
1211,1090,2
259,2997,3
260,2194,3
260,21,2
260,3000,1
260,380,2
261,3438,4
1211,2730,4
368,31,1
368,1479,2
261,999,2
259,2686,2
259,1265,2
368,2025,3
368,1363,4
368,3173,4
1211,1206,1
259,2330,4
368,2587,1
3312,3071,2
260,1197,3
261,3247,1
260,1220,3
260,110,3
260,1610,3
259,2028,3
368,1391,3
3312,3039,3
261,3791,1
368,3502,4
3312,2500,1
3312,497,2
259,25,2
260,2571,3
260,1387,3
260,1242,4
260,1291,2
260,1036,3
3312,471,4
3312,2985,3
261,410,3
261,802,1
261,2012,4
259,2692,2
259,800,3
3312,531,4
368,1093,1
368,784,1
261,1620,3
3312,2108,4
368,1586,3
368,227,3
259,1213,3
260,1240,3
260,1214,1
260,589,1
260,940,4
260,2028,4
3312,805,4
1211,1091,1
368,2581,2
368,1092,1
259,1912,3
368,294,4
259,50,1
259,745,2
259,296,2
259,593,3
3312,440,3
3312,3868,4
261,70,4
261,2699,2
260,1196,3
260,1198,3
260,260,3
3312,938,3
259,318,4
261,2141,3
3312,230,3
1211,11,3
261,1777,1
368,317,4
3312,1246,4
1211,1232,3
261,317,1
368,3274,3
368,1876,1
261,1711,2
368,3249,3
368,517,1
3312,1357,1
261,1047,1
3312,2739,2
259,253,3
259,1196,2
259,590,3
261,1092,4
3312,1954,2
3312,3361,4
368,266,1
259,1617,1
261,2311,2
368,2249,2
261,3524,4
261,3827,2
259,1221,4
259,3555,2
368,3247,4
368,365,3
368,996,3
261,249,2
261,266,3
261,10,4
259,1721,1
3312,357,2
261,493,1
368,832,1
3312,2750,4
261,454,2
261,1339,3
368,1047,2
3312,3398,1
368,1527,1
368,2231,4
3312,596,4
260,3948,4
261,2023,1
261,3614,3
3312,1923,1
3312,594,4
368,1485,1
261,2528,3
261,1485,1
368,1385,3
368,454,1
368,1689,2
3312,1955,1
3312,1257,3
261,2991,1
368,1810,4
261,2097,2
261,2085,4
261,3591,2
368,350,4
261,832,1
3312,2069,2
368,2712,2
3312,1035,3
261,2006,1
261,3686,1
261,1614,1
368,1120,4
368,1701,3
3312,953,2
3312,1641,3
261,1053,2
261,3623,2
261,2420,2
261,2072,4
368,708,2
261,3948,1
368,508,2
261,62,2
261,112,2
261,1870,3
3312,1362,2
368,1573,2
737,3081,4
261,198,1
368,1487,2
3312,3006,1
261,1059,4
261,3263,2
368,3272,1
261,1476,4
261,1051,3
368,1693,1
261,1722,3
261,1414,3
368,159,3
737,3481,4
368,2108,3
3312,1028,3
261,1183,2
368,490,3
260,1704,3
260,788,1
261,1190,1
261,3704,4
260,532,4
368,1061,3
261,1134,3
261,1391,4
261,2183,3
368,377,4
368,3174,2
260,3699,1
260,1385,2
260,1858,2
261,2867,3
368,551,4
261,2011,1
261,159,4
261,288,4
368,1923,2
3312,928,4
261,3723,2
368,1396,2
368,1408,1
368,231,2
261,11,4
261,2474,2
261,2353,1
935,2521,2
935,2536,1
935,3428,4
935,2522,1
368,1271,1
368,1653,2
935,2520,2
935,2524,2
935,3724,1
935,3506,3
935,2409,4
935,3430,1
368,3252,4
368,1343,1
935,1161,2
935,3420,4
368,431,2
3312,3089,3
368,3178,3
935,3167,2
935,3194,2
935,3200,3
935,1082,2
935,3498,4
368,161,1
368,475,2
368,1747,4
935,1955,4
261,590,4
935,1954,1
935,3588,3
935,2866,3
935,3198,2
935,1964,4
935,3135,3
368,356,2
261,1885,2
261,1101,2
368,628,4
261,353,3
261,2081,3
935,1913,3
935,3359,2
935,3037,3
935,3093,2
935,3471,4
261,2140,2
261,480,4
261,1732,3
368,1785,4
935,111,1
935,1208,3
935,3733,2
935,1193,1
935,1272,1
935,1263,1
935,3362,2
368,3105,4
261,21,4
261,2583,4
261,1805,3
935,3363,1
935,3504,1
935,3201,1
935,1221,3
935,3069,4
261,3699,1
261,1251,4
368,2291,1
368,3418,3
261,1356,2
261,1672,2
935,3316,4
935,3717,3
368,6,3
368,474,1
935,3827,2
261,1589,4
261,2022,3
261,39,2
368,3160,1
368,163,3
261,3868,3
261,2261,4
368,3083,4
368,778,2
261,356,1
368,3267,1
261,515,4
368,25,2
261,2406,4
368,2571,4
368,1641,4
261,1257,3
261,2124,2
368,1694,2
368,446,4
368,34,1
261,3624,4
368,2329,3
261,592,2
261,14,4
261,1653,2
368,1912,4
261,2384,1
261,3448,2
368,1233,1
261,3347,3
368,1213,2
368,593,1
368,2858,3
368,1089,1
261,3418,4
261,1633,2
261,2359,1
261,3260,1
261,509,4
261,1719,1
261,3108,3
261,17,4
261,1094,4
261,3706,3
261,2268,4
261,1500,4
261,3104,3
261,1921,1
935,438,3
935,160,4
2116,2478,1
2116,1240,4
2116,1017,3
261,1302,3
935,546,3
935,809,2
2116,312,1
2116,1632,1
453,2762,2
1383,376,2
935,1590,1
935,173,3
2116,2361,1
2116,2382,1
261,2321,3
261,1411,3
261,300,3
935,360,2
935,420,1
935,2412,3
2116,3623,1
2116,648,2
935,1882,4
935,1004,1
935,315,3
935,3802,4
261,3253,3
261,1625,4
2116,1353,4
2116,3767,3
935,2808,4
935,20,1
935,1037,1
935,3841,1
415,3538,2
261,3738,4
261,1370,2
261,1079,1
261,2948,3
261,3052,4
261,1283,3
2116,52,3
935,688,4
935,533,3
935,748,1
2116,1409,4
261,1285,2
935,1918,3
935,153,3
415,3357,4
261,1584,2
2116,486,1
261,1396,3
935,2126,1
935,3764,1
935,485,1
261,3142,2
261,569,1
935,1391,4
261,2952,4
935,996,3
935,1667,2
935,1916,1
935,2002,4
2116,1985,1
3378,1017,4
261,1246,2
261,1179,4
261,3019,2
935,1544,1
935,3020,2
935,1385,2
935,544,2
935,208,3
935,1676,3
2116,635,3
2116,2042,1
2116,1005,2
935,434,3
935,2699,3
261,953,4
3378,3510,4
935,1586,3
935,1377,1
935,1379,2
935,1488,2
935,198,4
261,3105,4
261,2174,2
261,1268,2
261,2968,4
2116,1853,2
2116,2846,2
2116,410,2
261,1127,3
935,329,2
935,3438,1
261,281,3
261,1962,1
261,3386,4
935,3274,4
935,1049,4
935,2094,1
261,1923,3
935,2006,3
935,2617,2
935,1573,2
935,2334,4
261,1374,1
261,2987,3
935,780,4
935,3107,1
2116,3729,1
935,507,4
935,1527,4
935,380,3
935,1372,3
935,368,2
935,3418,3
935,2427,4
935,1616,3
935,511,4
935,349,2
935,21,3
935,3178,3
935,1608,1
935,2278,3
935,1610,3
935,1912,1
935,1233,4
261,1704,3
261,32,4
261,2791,2
261,3424,2
261,1748,3
261,1784,1
261,3363,4
261,3360,1
261,2000,1
261,36,3
261,1095,3
261,3147,3
935,3301,3
935,3189,3
935,3861,3
261,2542,2
261,2139,4
261,1227,3
261,223,3
261,1610,4
261,1291,1
261,1235,4
261,3361,2
261,3751,3
261,562,1
261,3476,3
261,1694,4
261,1259,2
261,1307,3
261,1278,3
261,588,3
261,3362,3
261,599,4
261,2918,1
261,2682,1
261,47,1
935,3514,2
261,3551,2
261,1730,2
261,3608,3
261,1358,3
261,2064,1
935,3482,4
261,551,4
261,1394,1
261,313,3
261,2336,1
261,2391,1
261,1265,3
935,3554,2
261,34,4
261,1228,2
261,1220,4
261,1217,4
261,1243,2
261,1263,2
261,923,4
261,2692,3
261,111,1
261,1136,2
261,1247,3
935,2001,4
935,2150,2
935,2133,4
935,3087,4
261,110,1
261,1090,3
261,2580,1
261,2716,4
935,2736,1
935,2457,2
935,2081,2
935,2145,2
935,2407,4
261,150,2
261,1197,1
935,2262,3
935,2518,1
935,2406,3
935,2926,2
935,1958,1
935,2245,2
935,3591,3
935,3448,3
261,908,2
261,1953,4
261,1912,1
935,3868,4
935,2064,3
935,2174,3
935,2463,4
935,2144,2
261,3168,4
261,1266,4
261,1199,2
261,589,1
261,3471,2
935,3526,2
935,3039,4
935,2100,3
261,457,1
261,608,4
261,1961,2
935,1663,3
935,2750,2
935,2000,3
935,3552,1
935,2918,2
935,3210,1
261,3735,1
935,3104,1
261,2858,1
935,2797,2
935,3424,1
935,1197,1
261,1234,2
935,1220,3
935,2915,4
261,1036,4
261,919,2
935,2248,4
935,1270,2
935,1307,1
935,921,1
935,3361,1
935,2243,3
261,1225,2
261,924,2
261,1248,4
261,1952,1
261,1594,3
261,3741,4
935,2973,1
935,2352,4
935,3072,2
935,1394,1
935,2804,3
935,1238,4
261,541,3
261,2186,1
261,903,3
261,3504,4
261,1193,1
261,1387,1
261,1208,4
261,1207,1
261,1213,2
261,1219,1
261,1252,2
261,1221,1
935,527,3
935,3811,2
261,1198,2
261,1196,3
261,527,3
935,3736,1
935,923,1
261,260,2
261,318,4
935,858,3
261,2203,2
261,858,1
261,539,1
261,1721,3
261,3809,3
261,3005,3
261,2628,3
261,2166,2
261,648,2
3995,3005,4
3995,3155,3
392,1689,3
392,492,1
392,800,3
392,3788,3
392,3730,4
392,904,3
392,2163,1
392,3081,3
392,1321,3
392,1348,2
392,2366,1
392,1258,2
392,2648,4
392,2084,1
392,2042,3
392,355,2
392,2053,4
392,2082,2
392,1359,3
392,2141,4
392,1030,3
392,2005,4
262,3889,3
262,3877,4
392,1907,2
392,2846,4
299,852,1
392,588,1
262,673,2
262,3439,4
262,1126,1
262,1920,3
262,788,3
392,2018,3
392,1022,4
392,1025,4
299,3360,1
262,2105,1
262,653,3
262,3440,4
262,3489,4
262,2,1
262,1009,1
392,569,2
392,594,1
299,1916,1
262,2872,2
262,3438,1
262,317,2
392,258,2
262,2628,1
262,367,3
262,1654,2
262,1967,2
262,2100,1
262,2161,4
299,942,4
299,1284,2
392,2087,4
392,1019,4
299,913,1
262,2005,2
262,2193,4
262,1073,4
262,3479,3
262,2174,3
262,2797,2
392,2140,1
392,1097,3
299,1189,2
299,2447,1
262,3593,1
299,1220,4
262,2549,4
262,2091,3
262,2053,2
262,2986,2
262,1862,1
262,327,1
262,172,2
299,154,1
262,435,1
262,2530,1
262,2532,3
262,1205,3
262,2054,4
262,1917,4
299,2628,4
299,260,2
262,405,1
262,3033,4
262,2699,1
262,1591,4
299,858,2
262,2613,3
262,2668,2
262,1676,3
299,2585,2
262,3697,4
262,2011,2
262,1373,4
262,610,3
299,1537,1
262,1371,1
299,2028,3
262,2012,2
262,1129,4
262,2021,2
262,1375,4
262,2528,3
299,912,2
262,1372,4
262,2232,4
262,196,4
262,2985,3
262,316,4
262,1690,3
262,2116,2
299,14,3
262,3745,1
262,3638,4
262,3698,4
262,1019,2
262,1909,3
299,1193,2
262,480,1
262,2968,4
262,2393,3
262,3827,2
262,1356,1
262,3572,2
262,1374,1
262,1527,1
299,1282,1
299,34,4
262,2498,4
262,2529,4
262,3527,1
262,1653,4
262,968,2
262,1376,1
262,1097,4
299,1912,1
262,1876,1
262,1396,4
262,2916,1
262,3699,1
262,3175,1
262,741,1
262,3471,4
262,2010,1
299,3281,4
299,2677,2
299,1147,3
262,1240,2
262,924,3
262,3793,3
262,1214,4
299,2064,2
299,246,1
299,162,3
262,2571,2
262,1196,2
299,2804,3
299,1900,2
262,260,1
262,1031,4
299,1446,2
262,1210,4
262,3107,2
262,1756,4
262,1587,4
299,3007,1
299,608,1
299,3114,2
299,1,1
299,1201,1
299,1304,4
299,1266,2
299,648,4
299,3514,4
299,3747,2
299,3751,3
299,3481,4
269,483,3
269,1183,2
269,110,3
269,2722,2
269,2334,1
269,3528,1
269,34,3
269,2384,2
269,2908,2
269,2692,4
3900,3273,1
1780,3751,4
412,1475,2
269,3481,2
1340,2726,3
1340,928,4
1340,2179,4
3900,3512,4
1340,2606,4
1340,951,2
3900,3564,1
3900,3299,1
3900,3189,3
3900,3753,2
268,2422,4
268,1381,2
268,2411,1
268,2421,4
268,2794,1
268,3388,4
268,2942,3
268,2054,2
268,3791,4
268,2369,1
268,2469,1
268,3844,4
268,2011,3
268,2420,3
268,3033,3
268,3478,1
268,1088,3
268,3087,1
268,2081,4
268,2005,2
406,474,3
406,440,2
406,605,2
268,3591,4
268,2746,4
406,1663,4
268,2115,1
268,2174,1
268,1101,4
406,3256,4
406,1097,1
268,1290,3
268,2795,1
268,2797,1
268,2245,4
268,2161,4
268,2100,2
268,2987,2
406,3505,4
268,1376,4
268,1960,1
268,2423,1
268,1246,3
268,592,4
268,3361,2
268,3526,1
268,1302,2
268,2139,3
268,2000,1
268,2248,1
4951,60,4
268,1270,3
268,1242,2
268,1210,1
268,1197,1
4951,262,4
4951,551,1
268,1036,3
268,1198,1
268,1196,3
406,3551,1
4951,3396,3
4951,986,4
406,377,4
406,6,1
293,2160,4
293,1466,1
293,3627,4
293,3578,1
293,1250,4
406,1968,2
406,2321,4
406,3157,4
293,3490,4
293,1327,1
406,493,1
406,2797,2
406,1610,2
406,953,2
293,842,1
293,3346,2
293,667,1
293,3444,1
293,2403,2
293,611,4
293,1165,3
293,2402,1
293,1980,3
406,1278,4
293,1329,2
293,3119,4
293,1335,2
293,3651,3
293,3344,1
406,3098,2
406,47,2
293,2167,3
293,541,2
264,1373,4
264,3033,3
264,2641,4
264,1603,3
264,1371,3
293,799,4
264,442,2
264,2021,3
264,3770,4
264,3638,1
264,3698,3
270,3706,2
270,1783,4
264,316,2
264,3704,1
264,2311,4
406,150,4
270,1344,4
270,1179,4
270,2987,2
293,328,4
264,2094,2
264,2527,4
264,1573,1
293,1989,3
293,1355,3
293,1987,4
293,1990,2
264,2528,1
264,780,4
264,329,4
264,2012,2
406,3361,1
406,1214,1
270,1267,2
270,3334,3
270,1284,3
293,2855,1
293,1347,4
293,1972,4
293,1971,3
293,1970,2
264,1019,4
264,3269,2
264,2455,4
264,1376,2
264,2011,2
264,2407,3
264,2985,2
264,2116,2
264,1527,2
264,2640,1
293,1771,2
293,968,4
293,3696,3
270,1617,4
270,1260,1
270,1252,2
270,913,3
264,1580,1
264,3702,4
406,3360,4
264,3070,2
264,2968,1
264,3699,1
264,1965,1
293,2878,2
293,2868,1
293,1988,2
406,2401,3
406,2716,2
264,2916,2
264,1356,3
264,3703,1
264,2529,4
264,3527,4
293,2867,2
264,32,1
264,1210,2
264,1200,1
264,1374,3
406,2398,1
264,924,3
264,1240,3
264,589,3
264,1214,1
293,2431,2
264,541,2
264,260,3
264,1196,3
293,1701,1
406,2890,2
406,1358,3
293,279,3
406,1259,2
406,3114,2
270,3168,3
270,2,3
293,648,3
293,3623,2
293,2745,1
406,1089,3
270,1193,4
293,3462,2
264,1977,2
293,800,3
270,1947,1
264,2033,1
270,3529,3
264,1129,1
264,266,4
264,480,4
293,2427,4
264,2948,2
264,3675,4
264,2791,1
293,1686,1
293,1969,3
293,3527,3
293,3697,2
264,1250,1
293,1610,3
293,1973,4
270,3788,4
270,2731,2
270,3079,4
270,3578,4
270,3055,2
270,2057,1
4482,2997,3
4482,3555,2
270,3408,1
293,62,4
270,1513,2
406,1221,1
293,58,2
264,3937,4
406,1270,1
270,3210,2
270,2580,3
270,608,2
270,3308,4
406,2028,2
270,2067,1
270,653,3
270,2312,3
264,2987,4
264,3793,3
270,3649,3
270,1784,3
270,2123,1
293,548,2
293,2383,3
264,3273,1
264,2762,2
270,750,2
406,858,3
270,2598,3
293,2130,1
270,2539,1
264,968,1
264,3354,4
270,2881,1
264,913,3
270,3186,2
270,3148,2
406,2571,3
293,3260,4
270,3185,3
264,2369,2
264,2147,3
270,3174,1
270,2959,4
264,2683,4
270,2997,4
264,1127,3
270,2762,1
270,866,4
270,931,2
406,296,1
270,1635,1
270,2858,3
406,3053,4
270,3005,4
270,924,4
270,2712,4
270,2890,4
270,2599,2
270,2841,3
293,3185,3
293,3823,4
270,948,2
270,1094,2
263,318,2
293,2370,3
293,3701,4
263,608,1
263,296,2
263,858,1
263,912,1
293,1298,3
293,1302,4
293,2739,4
263,2657,4
263,1527,1
263,1909,3
293,3098,1
293,1958,2
263,1580,1
263,2640,2
263,1396,2
263,1127,1
263,1653,3
293,3360,3
263,1584,1
263,1215,2
293,1305,3
263,1210,2
263,3699,4
263,3793,4
263,1097,3
2415,3160,2
263,2571,2
263,3471,4
263,589,3
263,1240,4
263,260,1
293,2000,3
293,1962,2
293,592,1
293,1674,4
293,1296,4
263,1641,4
263,551,2
2350,2762,2
293,1246,1
293,1222,2
263,497,3
293,1961,2
293,1090,3
263,1883,3
263,2321,1
263,1500,2
293,1096,2
263,2915,2
293,3090,2
263,1270,2
263,1060,2
263,2791,3
263,2108,1
263,348,1
263,3253,3
412,1845,4
263,21,3
263,1307,4
293,1078,2
263,3481,2
263,3712,1
263,2248,1
412,1278,3
263,3911,4
263,2716,4
263,1188,3
293,1292,3
293,1294,2
263,39,3
263,2700,2
263,3751,3
263,2599,4
263,3060,3
263,1265,1
263,1,3
293,2374,1
263,3067,2
263,34,1
263,2174,4
263,1288,1
263,3361,4
293,2245,4
263,2858,2
263,2396,2
293,2150,1
293,2145,2
293,2736,4
412,2245,1
263,1917,2
263,1587,1
263,648,2
263,2115,2
263,1676,4
293,1395,4
263,1552,2
263,2641,3
263,736,1
263,329,3
263,1605,4
263,552,1
263,2470,1
412,1211,3
263,2006,1
263,2193,2
263,3175,1
412,3301,3
263,380,2
263,2628,1
263,2406,3
263,733,2
263,1374,1
263,480,4
412,2132,4
263,1197,4
263,1259,3
412,3235,2
412,339,2
263,2916,4
263,919,4
263,1196,2
263,1198,1
412,2297,3
412,3809,3
263,593,4
263,17,1
412,2134,3
263,52,1
263,2455,4
263,902,1
263,804,3
370,3452,1
370,3555,1
370,3827,2
370,3755,4
370,3744,4
370,3948,3
412,2570,1
412,1747,2
412,903,3
370,3793,1
370,2987,3
370,3114,2
370,2763,2
412,2795,3
370,2700,1
370,2840,3
370,2702,2
370,3081,1
370,3273,1
370,2395,2
370,2762,3
370,2396,3
370,2560,2
370,3512,4
370,3753,3
370,2490,3
370,3354,2
370,3623,2
370,2723,2
370,3160,2
370,2676,3
370,3717,4
370,3175,4
370,2580,2
370,2688,3
370,2716,2
370,3578,3
370,2712,2
370,2959,2
370,2599,4
370,2605,4
412,1295,2
370,1093,4
370,223,4
370,2355,3
370,2976,3
370,3005,3
370,2694,4
370,2710,1
370,2997,3
370,3298,4
370,2683,3
370,2707,1
370,2699,2
370,2858,3
370,2706,2
370,2826,3
412,736,4
412,778,4
412,1101,2
268,3268,3
268,2799,3
1252,3079,3
268,619,3
268,2548,1
268,1043,2
268,2505,2
268,1453,1
268,1562,3
268,3436,2
268,2462,2
268,305,4
268,1556,1
268,784,4
412,1395,2
412,379,1
268,193,2
268,762,1
268,1005,1
268,673,3
268,2860,2
268,2718,2
268,432,3
264,1012,1
264,2403,4
264,172,2
264,1246,2
268,1779,2
264,1097,3
264,3082,1
268,455,2
412,2819,4
268,79,1
412,2478,1
268,195,4
268,2701,1
268,3270,4
268,1461,4
268,2953,1
268,1526,2
412,1042,2
268,1405,4
268,277,2
268,1377,4
268,3257,1
268,485,3
268,2168,2
412,1240,1
265,1393,3
265,898,2
268,1487,1
268,1593,3
268,804,4
268,1586,4
268,3502,1
265,1094,3
265,1183,4
265,902,2
265,3685,3
265,1197,4
265,1307,1
265,915,3
265,39,3
265,1247,3
268,3248,3
265,969,3
265,1244,3
265,265,4
268,186,3
268,3173,1
268,2429,4
265,593,3
265,3363,4
265,1193,1
265,3359,3
265,1208,3
265,1704,4
268,1727,4
268,48,2
265,1196,4
268,3686,4
268,74,1
265,608,2
265,318,3
265,527,1
268,1821,2
268,1100,1
265,920,4
265,1952,1
265,1207,2
265,3811,1
265,908,2
268,153,3
268,486,3
1926,3182,1
265,912,4
268,46,4
265,858,3
268,788,4
268,1515,4
268,248,3
268,3004,3
1926,3746,4
268,1616,3
265,3504,1
265,3114,1
265,3548,3
268,830,4
268,2805,1
265,1230,3
265,1292,4
268,1917,4
1120,454,2
265,1276,4
268,1614,2
265,2396,1
265,910,1
265,2324,4
265,1148,2
265,745,4
267,3301,4
268,2546,4
267,3623,2
268,2541,2
1120,2098,4
268,1513,1
268,3263,2
268,2793,1
268,145,1
267,3948,1
265,783,4
265,1083,1
265,1081,1
265,3159,3
265,2099,2
265,1088,1
268,1835,3
265,2078,3
265,1220,4
265,1035,1
265,1489,3
268,1363,4
268,1020,1
268,2485,2
268,1888,2
268,1027,4
265,1032,2
265,1566,3
265,2080,1
268,3176,2
1120,898,2
268,2581,4
268,231,3
268,207,4
268,2798,3
265,1288,4
265,1057,3
265,2565,3
265,2857,1
265,900,2
265,3599,1
265,2941,2
265,918,4
265,3061,1
265,938,2
265,595,1
265,1947,2
265,3606,4
265,914,2
265,594,3
268,2961,2
268,237,4
268,1544,3
268,7,1
265,919,2
265,2300,3
265,2971,4
265,3545,4
265,899,2
265,3549,3
265,945,4
268,2688,2
1120,3629,1
268,2694,4
268,542,3
268,516,1
1120,2662,4
1120,1682,3
268,2724,2
268,2803,3
268,524,3
268,1801,1
268,2012,2
268,1042,3
268,266,2
268,1271,1
1120,943,2
268,2889,3
265,804,2
265,2033,3
265,277,1
268,1541,4
268,2340,4
268,2707,2
268,3450,2
268,647,3
268,1792,1
1120,910,2
268,852,4
268,1711,1
265,3675,1
265,2135,3
265,3755,1
268,736,1
265,480,4
265,3512,3
265,2657,1
265,2791,1
265,3751,2
265,1466,3
1120,1927,3
265,2858,3
265,2966,1
265,1282,1
268,339,4
268,351,1
268,595,2
268,317,4
268,450,4
268,2861,1
265,52,2
265,1270,2
268,3174,2
268,2335,4
268,491,4
1120,2490,2
1120,2574,3
265,1641,2
268,253,4
268,1517,2
2362,3159,2
265,2109,4
265,1171,1
265,1210,2
268,3269,3
1120,913,1
268,1120,2
1120,2041,2
268,1876,4
268,2094,1
268,468,4
268,2671,1
268,552,1
268,218,4
268,357,1
268,1408,1
268,1682,1
268,342,4
268,140,2
268,3146,3
268,1918,2
268,3107,4
268,3082,3
268,1339,4
268,3255,4
268,2432,2
266,2997,2
266,1704,4
268,1907,1
268,1476,3
266,1028,3
268,2355,2
268,587,2
268,2294,1
266,1307,4
266,2291,3
268,453,1
268,1597,2
268,381,3
266,2028,4
266,1304,3
266,1269,4
268,440,1
266,1947,1
266,595,2
268,350,2
267,1250,4
267,2791,3
267,2858,3
268,520,1
268,500,1
268,2496,2
268,1485,2
268,3100,2
268,39,1
268,3259,3
268,3247,4
268,31,3
268,588,4
268,2687,2
268,10,1
267,3916,3
266,1231,2
266,1963,4
268,110,3
268,1265,1
268,1393,2
268,377,1
1952,2028,1
1952,1213,4
268,3006,4
268,1610,2
268,1923,2
268,597,2
268,222,1
266,3903,2
266,1262,2
266,1957,1
266,1097,3
1952,3068,1
1952,306,2
268,2058,1
268,1580,3
268,2617,1
266,2791,4
267,1479,1
266,2858,2
267,165,2
267,3257,2
268,2700,2
268,3155,4
266,965,4
268,367,3
268,1704,2
1952,779,4
266,608,4
268,380,4
268,2006,3
268,2353,3
268,2706,3
1952,367,3
1952,1414,4
267,2943,2
266,969,1
266,2396,1
268,628,2
268,1584,2
268,733,2
1952,3622,3
1952,3760,2
1952,2110,2
1952,1663,4
1952,2797,2
1952,471,4
267,786,3
267,3107,3
267,780,3
266,903,3
266,927,3
268,1784,3
268,1608,2
268,1855,2
268,457,1
267,2124,1
268,1672,3
1952,3253,2
1952,2262,1
1952,1845,1
266,800,1
268,2762,3
1952,1078,4
266,1734,3
1952,2750,3
1952,3794,2
1952,1125,2
266,1225,3
266,908,1
267,2671,1
1952,1883,3
1952,3244,2
1952,3174,4
1952,2174,4
266,296,2
266,318,4
267,10,2
267,1177,1
267,141,2
266,1196,2
266,904,3
266,898,1
1952,21,2
1952,3552,1
266,3897,1
1952,612,2
1952,2915,2
266,2186,1
266,1207,4
1952,1079,3
1952,1794,3
1952,3421,2
266,1036,3
266,260,3
266,678,4
1952,3526,4
1952,3671,1
267,1513,1
267,1597,1
267,454,4
267,1580,4
1952,1747,3
1952,898,3
1952,1641,3
266,2804,3
266,899,2
266,2745,3
266,720,4
1952,1077,3
267,60,4
1952,1963,1
1952,2243,4
1952,1238,2
267,2424,3
266,1198,3
266,527,4
1952,562,1
1952,2918,3
1952,2065,1
1952,3104,4
1952,3685,3
267,539,3
1952,3852,3
1952,3361,4
1952,603,1
266,1197,4
1952,3424,2
266,3004,1
266,587,2
266,1193,1
267,585,2
267,1500,4
267,2763,2
267,1777,4
1952,1270,1
1952,1285,1
1952,3814,4
266,2371,3
267,1673,2
267,477,3
267,344,2
1952,1394,3
1952,101,3
1952,2300,1
1952,921,1
1952,3037,1
1952,2352,2
1952,1288,1
267,1848,3
267,832,2
267,1485,4
267,1527,2
1952,3543,3
1952,176,3
1952,3451,3
1952,156,4
1952,1265,3
1952,3363,3
267,3256,1
267,1370,2
267,1810,3
1952,2865,2
1952,1234,2
1952,2997,4
1952,1244,4
1952,3504,1
1952,1175,4
267,2302,3
267,3253,1
1952,1304,3
1952,513,3
267,597,2
1952,1235,1
267,1429,4
267,1569,1
267,3502,2
267,543,4
267,508,1
267,1517,4
267,345,3
267,272,4
267,2355,4
267,838,2
267,1747,3
267,3250,2
267,715,4
267,3100,4
267,249,2
267,337,1
267,1610,2
267,1183,4
412,1663,1
267,1271,4
267,357,4
267,367,3
267,805,2
267,1611,2
267,21,3
267,3155,4
267,3255,4
267,590,3
267,52,4
267,1633,2
267,2336,3
267,3260,4
412,2146,3
267,39,4
267,265,1
267,1187,2
267,1643,4
412,3635,4
267,281,4
267,1249,2
267,531,1
412,378,2
267,1188,2
267,2396,3
267,356,1
412,2009,3
267,2324,3
267,1784,2
267,3418,4
267,110,4
267,2692,4
412,3712,4
267,759,2
267,34,3
267,1704,4
267,2762,1
500,2762,3
267,307,1
500,2571,1
500,337,2
267,296,4
500,497,4
267,246,4
267,608,1
267,213,4
500,2692,2
500,1704,4
500,2357,3
267,2997,3
267,720,3
267,1213,1
267,2028,1
267,50,3
267,1233,1
267,1617,1
267,527,2
267,17,2
267,318,3
267,1678,2
500,720,2
500,2997,2
500,50,1
500,745,3
500,1148,3
500,2599,2
500,527,1
267,648,4
267,3753,1
500,971,1
267,3425,1
500,953,4
500,36,2
267,1682,2
267,1968,4
267,587,3
500,1097,3
500,17,2
500,954,1
267,1210,4
500,1196,3
500,608,4
500,318,1
500,296,4
500,1213,3
500,1381,3
500,2084,2
500,2088,1
500,1030,2
500,2017,4
500,1088,2
500,1380,4
500,661,2
500,2087,3
500,2083,3
500,1032,4
500,2746,1
500,2081,1
500,2565,2
500,1029,4
500,1951,4
500,364,4
500,1028,1
500,1035,2
500,2657,3
500,551,4
500,1081,2
500,918,1
500,1022,3
500,914,3
500,1282,1
500,595,2
500,2946,2
500,919,3
500,594,1
500,899,4
500,588,3
500,2857,1
500,1220,4
500,2078,3
500,2099,2
412,1396,4
412,539,4
284,2700,1
284,1025,3
1579,953,3
1579,1222,3
1579,2890,4
1579,2357,3
1579,3361,4
1579,3871,2
1579,34,1
1579,1537,4
1579,1939,3
1579,2494,1
1579,1393,1
1579,330,3
2106,3502,3
1579,1944,1
1579,1054,3
1579,3703,1
1579,2686,4
1579,1270,1
1579,2762,4
1579,3471,4
1579,2391,3
1579,2501,2
1579,1950,2
1579,944,4
284,736,1
284,1552,3
1579,1233,1
284,2001,4
284,2763,4
284,2273,2
284,3763,3
284,1049,2
284,2406,2
284,2826,4
284,380,2
412,1077,4
284,2105,4
284,474,4
284,353,1
284,3555,2
284,3740,1
284,2000,2
284,1370,2
284,2115,2
284,2353,3
284,1387,1
284,1201,1
284,1220,2
284,1242,4
284,3836,3
284,1036,1
412,1894,4
412,3247,3
284,1222,1
284,1198,1
284,2028,4
268,3565,4
268,3882,3
268,3863,1
412,537,3
268,3827,3
268,3948,3
268,3916,4
361,3952,4
361,3910,2
361,3893,1
268,3825,3
268,3177,4
268,3646,2
268,3355,4
361,3949,2
361,3911,4
412,1258,2
268,3299,1
268,3879,2
268,3594,4
268,3623,3
268,3784,3
268,3752,3
268,3753,2
268,3408,3
269,3948,2
412,3099,2
269,2616,3
269,492,3
284,3479,1
284,2872,3
269,3129,1
268,2770,1
268,1479,4
268,17,2
268,1968,3
269,3618,1
268,252,4
268,593,2
412,3735,1
269,3176,3
269,2762,4
412,3087,2
269,3145,1
269,2795,1
269,480,3
269,150,1
269,1617,2
269,1978,4
269,2971,4
725,2692,2
270,1544,3
270,648,4
270,3675,3
270,2657,3
270,2791,3
270,480,4
270,3481,2
270,1250,1
270,1248,4
270,1263,1
270,1172,4
270,1997,1
270,356,1
412,2463,3
412,7,3
412,2724,3
412,523,4
270,1604,2
270,1835,4
270,858,4
270,2848,2
270,1479,1
412,2064,1
412,1954,3
412,733,4
412,3100,1
412,2915,1
412,1365,2
412,1231,1
412,1125,2
3018,2785,4
412,514,3
3018,2700,1
1317,3189,1
725,25,2
725,1834,4
725,265,3
725,213,3
725,1633,3
725,1635,1
412,2849,3
725,1358,4
725,300,3
412,2065,2
725,2908,2
725,1704,4
725,3006,4
725,58,4
725,1699,3
725,318,1
412,1810,4
412,3697,2
725,670,4
412,1363,3
412,2316,1
412,1417,3
271,2324,3
725,1265,1
412,2443,1
412,2321,1
412,1090,3
271,368,4
271,3704,4
271,780,3
271,733,2
271,1047,3
271,2193,1
271,2115,2
271,1101,3
271,2366,3
271,3527,3
271,940,2
271,592,4
271,1610,1
271,1954,4
271,1220,3
412,898,2
271,1200,3
271,2194,3
271,110,2
271,1291,2
271,1240,1
271,1198,3
271,1214,1
271,260,3
271,1196,3
271,589,2
271,2019,2
271,558,4
271,2123,3
271,673,1
271,1030,3
271,661,1
271,783,3
271,2089,3
271,2137,1
271,3034,2
271,3213,3
271,2096,3
271,2085,4
271,2081,1
271,1032,1
271,1566,1
271,1022,4
271,2987,1
271,1029,3
271,1282,1
271,596,1
271,364,2
412,2431,1
271,1907,1
271,2087,4
271,2018,4
271,2355,4
271,3751,1
271,594,1
271,1223,4
271,3429,3
271,1,4
271,1025,4
271,745,1
271,595,2
271,318,2
271,1456,1
271,2762,3
271,3096,2
271,1073,4
271,934,1
271,2883,4
271,2657,1
271,2572,3
271,1580,1
271,1663,1
271,235,4
271,2447,1
271,1028,4
271,588,4
271,356,3
271,3477,1
271,2797,1
271,671,2
271,3448,3
271,3072,4
1218,3143,4
271,3255,2
271,3060,2
271,3396,3
271,1923,3
271,39,2
271,3317,2
271,2174,4
271,1753,3
271,497,3
1218,3704,4
1218,2993,4
1218,3769,1
1218,1100,3
271,2750,3
271,1285,4
412,3198,2
412,2401,2
412,3733,3
271,2080,4
271,1394,3
271,2716,3
271,2078,3
271,2700,1
271,3361,3
271,1968,3
271,1270,1
271,1265,2
1218,208,3
271,1136,4
271,947,1
271,2396,4
271,3421,1
271,1148,4
412,2574,2
412,1959,1
271,1197,2
412,289,4
271,2858,4
271,1290,1
271,2144,4
271,2145,1
412,2272,3
1218,3372,4
1218,1250,3
271,3826,1
271,2571,2
271,441,4
412,1350,1
271,1257,4
271,2248,3
412,930,3
271,1748,4
271,700,1
412,3506,3
1218,1276,1
271,480,1
271,1863,1
412,3505,3
271,1210,2
412,1249,4
271,593,3
271,2478,4
412,3098,1
1556,1270,2
1218,2804,3
1218,3528,2
412,2109,3
5333,27,3
454,578,3
426,3268,2
426,1562,3
426,160,4
426,15,1
426,3439,3
426,1100,2
426,1917,2
426,153,1
426,2126,1
426,1801,4
426,2616,2
426,1544,1
426,533,2
426,466,2
426,1687,1
426,1377,3
426,736,1
426,70,3
426,2273,4
426,2393,3
426,292,2
426,3082,1
426,316,4
426,2023,4
426,145,4
426,2334,3
426,1552,3
426,2490,3
426,329,3
426,2006,1
426,353,2
426,288,2
426,1527,2
426,648,3
426,2763,3
426,368,4
426,10,2
426,780,4
426,1616,3
426,1608,3
426,1356,2
426,1573,2
426,163,2
426,2617,3
426,480,3
426,2353,2
426,3438,1
426,380,1
426,3178,4
426,733,4
426,1722,3
426,1580,1
426,2278,3
426,1372,1
426,1215,4
426,21,3
426,377,4
426,555,2
426,3000,3
426,6,3
426,3256,4
426,3267,4
426,2916,3
380,1282,3
380,551,1
426,3265,1
426,589,2
426,1610,1
426,2571,3
426,457,4
426,2912,1
426,2643,2
426,3877,3
426,2642,1
426,2411,1
426,2410,1
426,1373,4
426,2641,4
426,2376,3
426,1101,1
426,2990,4
426,2989,1
426,1375,4
426,2985,4
426,592,2
426,1376,3
426,2115,3
426,2406,1
426,1129,3
426,2000,1
426,1261,2
426,1242,2
426,1210,1
426,1374,3
426,1200,2
426,1198,2
426,1240,3
426,1036,1
426,1291,2
426,1196,4
426,1222,4
426,1197,3
671,1256,3
426,1371,3
426,3638,2
426,3639,4
426,3729,3
426,2991,4
426,3635,1
426,2640,3
426,1954,4
671,1230,1
426,1221,4
426,1953,4
426,1214,1
426,260,1
426,1387,3
426,2948,1
426,3633,3
426,2993,2
426,2949,4
426,2529,2
426,2947,1
426,1304,4
671,3355,2
671,3514,3
671,3898,3
671,3273,2
426,2080,3
426,910,2
426,3088,1
671,3948,1
671,3858,1
671,3571,1
671,3578,3
426,3948,4
426,3949,2
426,3952,4
671,3481,3
274,2640,3
274,1214,2
274,260,2
274,1387,2
274,3702,2
274,2529,1
274,1304,3
274,2947,1
274,2948,1
274,1201,4
274,1617,2
274,1748,3
274,541,4
286,3301,2
274,942,2
274,3334,2
274,1284,1
286,780,3
286,1619,4
286,161,1
286,2028,4
274,1252,1
274,1882,2
274,592,4
274,21,1
274,3556,3
274,1487,4
274,3386,1
274,628,4
274,2114,2
286,3751,2
274,235,3
274,1954,4
274,1271,1
274,1246,3
274,778,4
286,1198,2
286,1196,3
286,260,2
274,1393,3
274,1060,3
274,1682,2
274,1895,3
274,300,4
274,3255,1
274,1584,3
274,2398,2
274,1961,3
274,3147,4
274,150,2
274,110,1
274,3526,2
274,1680,2
274,2194,4
274,1968,4
274,1259,1
274,866,3
274,3271,1
274,1673,3
274,3461,3
274,953,1
274,2890,1
274,1411,1
274,3949,1
274,1253,2
274,337,4
274,1059,2
274,2248,3
274,1208,4
274,954,4
274,3668,1
274,2028,2
274,1196,4
274,1288,1
274,529,4
274,3359,1
274,1287,2
274,1674,3
274,32,4
274,3683,2
274,1704,3
274,296,2
274,593,4
274,1225,3
274,1953,2
274,1247,2
274,924,1
274,1293,2
274,1276,2
274,1084,4
274,920,2
454,663,4
274,3871,4
274,912,3
274,608,1
1117,594,2
274,858,4
274,318,2
1117,978,3
1117,1029,1
1117,897,3
274,2701,4
274,3793,1
274,2987,4
1117,596,3
1117,931,1
274,2763,4
274,3114,1
274,3798,4
454,2375,3
1117,2018,4
274,2840,4
274,2700,2
1117,963,1
1117,953,4
1117,2176,3
274,3273,2
274,2395,3
274,2724,3
274,3081,2
274,2762,4
1117,1254,3
1117,1212,1
1117,923,2
1117,912,1
274,2598,4
274,24,1
274,2013,1
274,2394,1
274,3753,4
274,968,3
274,2490,3
274,2502,2
274,2581,2
274,2709,1
274,2622,2
274,913,3
274,3174,2
274,3160,1
274,2761,4
274,2606,2
274,3453,2
274,3578,4
274,2716,3
1117,2087,3
1117,2096,1
1117,1032,4
274,2959,2
274,2712,1
274,2718,1
274,2336,2
274,2605,2
1117,2183,3
1117,2080,2
1117,2184,1
1117,1301,3
274,2881,4
274,1093,1
1117,933,2
1117,1253,1
274,2541,3
274,223,2
1117,1086,3
274,2355,4
274,3005,2
274,2694,2
274,2710,3
274,3285,3
274,3298,1
274,2997,1
1117,2731,4
274,2683,2
274,3004,1
274,2707,2
1117,916,1
1117,904,2
1117,903,3
1117,2019,1
274,2858,1
274,2188,2
274,1127,1
274,2706,1
274,1091,3
274,805,3
274,2628,4
274,2841,1
274,1097,2
274,1126,4
1117,2993,3
1117,2085,1
1117,2747,2
1117,2729,2
1117,1947,2
1117,2857,1
1117,2949,1
1117,2732,4
1117,2863,4
1117,2947,3
1117,1333,4
1117,924,3
1117,1247,2
1117,2728,3
1117,1219,4
1117,1207,4
1117,750,3
1117,1380,4
275,2470,3
275,2420,4
1117,3729,2
275,3071,2
275,3699,1
275,2734,4
1117,2528,4
1117,1345,2
275,1376,2
275,3480,2
275,3501,1
275,592,1
275,2716,3
1117,2527,3
1117,2779,4
1117,1954,4
1117,1997,2
1117,3676,1
275,2144,4
275,2245,3
275,2407,3
275,1374,4
275,3763,3
275,3101,3
1117,3671,4
1117,1073,3
1117,2116,1
1117,2866,2
1117,3421,4
1117,1278,1
275,1968,3
275,1127,2
275,1079,4
1117,1387,4
1117,2788,3
1117,1080,3
1117,1193,1
1117,1136,4
275,2918,3
275,2174,4
275,1994,3
1117,1208,3
1117,1230,2
1117,1206,1
275,2000,4
275,1210,3
275,2987,4
1117,260,1
1117,1214,4
1117,1221,2
1117,111,2
1117,858,1
275,3029,3
275,3703,2
275,1036,2
275,3701,1
275,3526,2
275,3098,1
275,3424,2
275,1258,1
275,1259,1
275,1246,2
1117,2643,4
275,2739,2
275,2312,4
275,1197,2
275,2915,4
275,3104,1
1117,2450,3
275,1222,1
275,2194,1
275,3361,1
275,3169,1
275,1394,4
1117,3840,3
1117,2088,3
1117,2471,2
1117,2421,1
1117,2411,3
275,1302,2
275,2020,4
1117,3388,4
275,3505,3
275,2352,2
275,1291,3
275,3360,3
275,1090,1
275,1240,2
275,1293,1
1117,2717,1
1117,2121,4
1117,2478,1
1117,2513,1
1117,1088,3
1117,1373,4
275,1270,4
1117,2787,3
1117,3387,4
275,1674,2
1117,2405,2
275,1307,2
1117,2413,4
275,1200,1
275,2248,3
275,1962,3
275,541,2
1117,2410,2
275,1231,3
275,2348,1
1117,1091,4
1117,2735,3
1117,2072,3
1117,2796,1
1117,2133,2
275,1196,4
275,2804,1
275,1956,3
275,1225,3
1117,2141,4
1117,2420,4
1117,3770,4
1117,3698,2
1117,2301,4
275,804,1
275,3534,3
1117,2150,4
275,1544,2
1117,3397,4
1117,3016,1
275,648,4
275,524,3
275,2657,2
275,3155,1
275,144,1
275,3578,4
275,3510,1
275,3753,3
1117,2423,3
1117,2455,1
1117,2795,4
1117,1275,1
1117,3527,4
275,1466,1
275,1129,1
1117,3398,2
1117,1374,2
1117,3608,2
1117,2140,3
275,2791,1
275,3481,3
275,3751,3
275,2858,2
1117,1258,4
1117,1197,3
275,2916,1
275,1617,4
275,1097,3
275,527,4
275,593,2
4169,202,3
4169,2153,3
4169,2906,4
4169,743,3
4169,432,1
4169,2448,2
4169,504,1
4169,2822,2
4169,765,4
4169,256,2
4169,1384,1
4169,626,2
4169,640,4
4169,2269,3
4169,3165,1
4169,3436,1
4169,3489,3
4169,540,1
4169,92,4
4169,1752,4
4169,637,3
4169,234,1
4169,1590,4
4169,1445,3
4169,2873,1
4169,732,3
4169,2986,3
4169,575,4
4169,276,3
426,1682,3
426,508,3
4169,1055,4
4169,2314,1
4169,20,1
4169,338,3
426,150,2
426,235,3
4169,466,4
4169,1526,3
4169,1598,2
4169,462,2
426,1673,4
426,300,3
426,628,3
4169,2356,3
4169,547,2
4169,1461,4
4169,2849,1
4169,2574,3
4169,305,3
426,3255,2
4169,3,2
4169,209,1
4169,2335,1
426,3271,4
426,778,2
426,16,2
4169,5,2
4169,833,2
4169,418,1
4169,1363,1
426,110,3
426,45,1
426,2324,4
426,3148,3
426,2289,2
4169,842,1
4169,2191,4
4169,660,2
4169,168,4
4169,784,3
426,2890,4
426,1594,2
426,1635,2
4169,2168,1
4169,2306,1
426,3006,1
426,3147,1
426,2291,1
426,2501,3
426,2427,1
4169,725,1
4169,638,2
4169,2060,1
4169,996,1
4169,1100,1
426,32,1
426,1860,4
426,3163,1
4169,1541,3
4169,1603,3
4169,1779,3
4169,2316,2
4169,463,4
426,2329,1
426,3083,2
426,1704,1
4169,849,1
4169,1717,2
4169,415,3
4169,2126,4
4169,435,2
4169,207,3
4169,1515,1
4169,2506,2
426,2966,3
426,2028,2
4169,2271,3
4169,3257,4
4169,2829,4
4169,1762,4
426,296,4
426,1213,2
426,318,3
426,527,1
426,608,4
4169,2875,1
4169,485,3
4169,1353,3
4169,103,4
4169,135,1
4169,1605,2
4169,707,2
4169,1523,4
4169,2320,3
4169,1756,3
4169,3103,1
4169,2497,3
4169,1728,4
4169,1769,2
4169,1667,1
4169,436,1
4169,2561,3
4169,275,1
4169,2250,2
4169,786,4
4169,788,3
4169,1352,3
4169,2387,3
4169,81,1
4169,61,2
4169,369,2
4169,1601,4
4169,177,1
4169,2429,3
276,2399,1
4169,4,3
4169,324,2
4169,1894,1
4169,552,4
4169,1917,2
4169,530,2
4169,2350,1
4169,1798,2
276,266,1
4169,1483,3
4169,416,4
4169,1442,2
4169,385,3
4169,18,2
4169,1043,3
4169,600,1
276,648,1
276,524,2
4169,3141,2
4169,748,3
4169,408,3
4169,95,2
4169,1754,1
4169,3272,1
4169,1379,3
276,1171,1
276,2657,2
276,1466,1
276,480,1
4169,424,3
4169,1377,3
4169,697,2
4169,1391,3
4169,3711,2
4169,2266,2
4169,2297,4
4169,2328,3
4169,140,4
276,2160,2
4169,1544,1
4169,2106,2
4169,210,3
4169,2558,1
4169,1609,4
276,1248,1
4169,830,2
4169,179,2
4169,237,2
4169,208,4
4169,1488,4
4169,2322,1
4169,512,4
4169,1880,1
276,1249,3
276,2858,2
276,2791,3
276,2948,1
276,1282,4
276,951,3
4169,2267,3
4169,1366,1
4169,316,2
4169,869,3
4169,603,4
4169,2616,4
4169,289,2
4169,203,3
4169,984,4
4169,701,3
4169,196,4
4169,1552,1
4169,781,4
4169,100,3
4169,2704,3
4169,236,4
4169,1044,4
276,1090,4
276,1221,2
276,1350,1
4169,288,3
4169,1627,2
4169,2446,2
4169,1586,4
276,2789,3
276,1234,2
276,154,4
276,1721,3
4169,2059,2
4169,1783,2
4169,879,1
4169,218,4
4169,2249,1
4169,1711,3
4169,1531,1
4169,3500,1
4169,2432,4
4169,2,2
2106,219,2
4169,354,4
4169,459,1
4169,1792,4
4169,2598,1
4169,518,3
4169,1658,3
4169,1479,4
4169,292,1
4169,46,4
4169,376,3
4169,1390,3
4169,1687,4
4169,521,2
4169,1666,1
4169,225,4
4169,3045,1
4169,31,4
4169,1600,2
4169,1612,1
4169,331,1
4169,1727,2
4169,165,1
4169,1416,3
4169,339,4
4169,731,2
4169,282,1
4169,1701,4
4169,353,1
4169,1409,1
2106,2155,2
4169,1049,1
4169,1027,3
4169,3264,1
4169,26,4
4169,303,1
4169,1620,1
4169,148,4
4169,532,2
4169,2770,2
4169,2190,4
4169,3876,3
4169,498,2
4169,1642,2
4169,852,3
4169,2672,3
4169,893,4
4169,1397,3
4169,1616,4
4169,1791,4
4169,997,1
4169,22,3
4169,1884,1
4169,295,2
4169,469,3
4169,2023,3
4169,367,3
4169,1464,3
4169,84,4
4169,1923,1
4169,294,2
4169,1113,3
4169,2434,1
4169,2943,4
4169,242,3
4169,1840,3
4169,1872,4
4169,2911,1
2106,380,1
4169,1112,1
4169,271,3
4169,381,3
4169,3108,4
4169,156,4
4169,2611,2
4169,2507,3
4169,767,1
4169,3218,1
4169,875,2
4169,152,3
4169,1040,3
4169,2440,3
4169,182,1
278,2516,2
278,3933,1
278,1984,1
4169,1696,1
278,3931,4
278,1335,1
278,1993,1
278,2878,3
278,2903,3
278,2515,1
278,1323,3
278,2614,1
4169,1829,4
278,3488,3
278,1978,3
278,1389,1
278,1329,2
278,3573,1
278,3663,2
278,3664,3
278,3021,4
278,2119,1
278,1998,2
277,480,4
277,3175,4
277,1580,4
277,2571,4
277,589,3
277,2628,2
277,2916,2
278,3692,4
278,2655,2
278,1862,2
278,2462,3
277,2291,2
277,25,1
277,17,2
277,380,3
278,1756,4
278,1971,1
278,1976,4
4169,2737,3
4169,1326,4
278,3661,2
278,1977,1
278,2460,2
278,1995,1
278,2149,3
278,3840,3
278,1969,4
278,3024,3
278,3833,4
277,2396,1
4169,2862,1
277,293,4
277,1265,3
277,356,2
278,2992,4
278,2389,4
278,1985,4
278,2122,2
278,1388,3
278,2636,3
278,3838,3
278,2719,4
278,2995,4
278,2113,1
278,2656,3
278,2456,1
278,2327,4
278,3351,3
278,2461,4
278,2121,3
278,3919,3
4169,2193,2
4169,3087,3
278,1644,3
278,3572,3
278,273,4
278,611,3
278,1983,1
278,3058,1
278,3696,1
278,1970,2
4169,2371,4
4169,3478,2
4169,3591,3
4169,2990,4
4169,2301,4
277,593,3
277,3248,3
278,2328,1
278,3662,2
278,2902,2
278,196,3
278,1975,3
278,879,3
278,177,1
277,1210,1
277,1704,4
278,2163,4
278,1655,2
278,1987,4
278,332,2
278,2717,1
278,1992,3
278,3017,1
278,2668,4
278,3923,1
278,2525,2
277,1961,3
278,2513,4
278,3837,2
278,3708,4
4169,796,1
278,2004,2
277,2762,3
277,1197,2
4169,2009,3
4169,1009,2
278,2781,3
278,2517,1
278,1762,1
4169,2116,1
4169,3947,4
4169,3212,2
278,1327,2
278,2367,4
278,3918,4
278,1991,3
278,2900,2
278,2428,4
4169,3542,2
278,1346,3
278,1128,3
278,2649,1
278,2713,1
278,2650,1
278,1342,2
278,328,1
4169,2856,2
4169,3367,3
4169,3350,4
4169,3330,3
4169,3681,1
4169,2160,3
278,512,1
278,1924,1
278,3709,2
278,2651,2
278,2740,4
278,3013,4
4169,2784,1
4169,3487,4
4169,1209,1
4169,2983,3
4169,1333,4
278,842,2
278,3928,3
278,1330,1
278,2647,2
4169,3931,4
278,3660,1
278,2120,1
278,2617,2
278,1690,2
278,2789,4
278,2646,1
278,2613,1
4169,3121,1
4169,3488,2
4169,2667,2
4169,2665,1
278,532,3
278,3732,4
278,2780,3
278,1645,4
278,2784,3
278,2826,2
4169,2200,1
278,3081,4
278,799,3
278,3016,2
278,2710,3
278,70,2
4169,2821,1
4169,3132,2
278,3917,2
278,2645,2
278,2634,4
278,253,2
278,2148,1
278,2633,1
278,610,3
278,2454,1
278,2747,2
278,2167,4
278,2746,2
278,2657,3
278,3476,2
278,2654,3
278,330,3
278,2377,1
278,2003,2
278,1334,1
278,565,4
278,742,2
278,735,3
278,2554,3
278,841,2
278,1974,1
278,3930,3
278,3627,1
278,1241,1
278,1261,3
278,2867,2
278,2455,3
278,968,4
278,3576,3
278,1130,1
278,2644,4
278,2635,2
1865,3353,1
278,1982,4
278,2716,4
278,1350,3
278,1348,1
278,1321,3
278,3499,1
278,2553,2
1865,3484,3
1865,3863,2
278,3727,1
278,1345,2
278,1278,1
278,2288,2
278,2118,2
278,1340,2
278,2648,4
278,2664,2
278,3340,3
278,1387,1
278,1215,4
278,1214,4
278,2652,1
278,3018,4
278,3932,4
278,1258,4
278,1347,3
278,2160,3
278,1219,3
278,2159,4
278,1997,2
278,2459,3
278,1339,3
278,3550,3
1865,3240,1
1865,3594,4
1865,3536,3
1865,3225,2
1865,3915,3
278,1953,2
278,1721,3
278,2145,2
278,3811,2
278,434,4
1865,3327,4
1865,236,2
1865,417,2
1865,1821,3
1865,2506,3
1865,141,1
1865,252,2
1865,881,3
1865,3712,3
1865,1888,4
1865,852,4
1865,7,3
1865,3261,4
1865,1895,2
1865,317,4
1865,2447,3
1865,2155,4
1865,224,4
1865,72,2
1865,2891,4
1865,587,3
2270,3510,1
1865,2567,1
1865,1580,3
1865,708,2
1865,1777,4
1865,2424,2
1865,367,4
1865,2843,3
1865,1642,4
1865,3157,4
1865,372,1
1865,1441,1
1865,2889,3
1865,1614,1
1865,838,1
1865,3466,3
1865,466,2
1865,1883,2
1865,3247,1
1865,104,4
1865,2496,4
1865,539,1
1865,339,1
1865,171,2
1865,1175,4
1865,129,2
1865,144,4
1865,837,4
1865,1517,2
1865,39,1
1865,380,3
1865,440,4
1865,1966,4
1865,3450,1
1865,2302,3
1865,1875,2
1865,3108,1
1865,2384,1
1865,1042,3
1865,2697,2
1865,2834,1
1865,1784,1
1865,3358,2
1865,597,1
1865,322,1
1865,2331,4
1865,3255,3
1865,500,3
1865,357,2
1865,2359,3
2082,216,2
2082,104,1
1865,1914,2
1865,543,2
1865,2542,4
1865,1446,2
1865,3793,1
1865,2701,1
1865,2715,3
1865,2763,3
1865,3798,4
1865,2721,2
1865,2672,3
1865,2841,2
1865,2840,2
1865,3176,4
2082,2791,1
1865,3185,2
1865,2485,4
1865,2762,3
1865,3081,3
1865,2396,4
1865,2395,1
1865,3512,4
1865,43,3
1865,2692,1
1865,2686,2
1865,1513,3
2082,1215,1
301,1431,3
301,413,1
301,542,4
301,3,1
301,466,4
301,429,1
2082,2918,4
2082,3646,3
1865,2598,1
1865,299,4
1865,2906,1
1865,2443,1
301,788,1
301,450,4
301,818,2
301,2431,2
301,216,4
301,537,2
301,2335,2
1865,3753,3
1865,1959,4
1865,3606,4
1865,2502,3
1865,2581,3
1865,2622,3
1865,3623,2
1865,2723,3
301,1541,3
301,122,3
301,516,4
301,784,4
301,2694,1
301,518,3
301,3258,4
301,2004,3
2082,1923,3
1865,2805,2
1865,3160,4
301,719,2
301,1409,3
301,586,4
301,1379,1
301,725,1
301,236,3
301,333,4
301,3247,2
301,603,4
301,2587,3
301,2249,4
301,3869,3
1865,2390,3
1865,2676,3
301,312,3
301,5,3
301,435,4
301,3254,3
1865,2690,4
1865,2318,1
1865,2719,2
1865,2688,2
1865,2580,4
1865,3510,4
1865,3578,2
1865,2716,1
1865,2757,4
1865,2333,1
2082,1753,3
301,372,3
301,2597,4
301,3243,3
301,2060,4
301,708,2
301,2012,4
301,1895,4
301,224,4
1865,3238,3
1865,3409,1
1865,2712,4
1865,233,1
1865,3115,1
301,585,4
301,1777,2
301,2539,3
301,2195,2
301,231,1
301,2384,4
301,1485,3
301,344,2
1865,2888,4
1865,3408,2
1865,3113,2
1865,2336,4
1865,2605,1
301,339,3
301,351,2
301,410,2
301,852,3
1865,1911,3
1865,2881,3
1865,2546,3
1865,2369,1
301,500,2
301,2447,1
301,543,2
301,141,4
301,440,1
301,1476,2
301,3450,3
301,838,2
1865,2433,4
1865,2041,1
1865,3203,4
1865,2541,4
301,562,3
301,2891,1
301,3809,4
301,441,3
301,3261,3
301,663,1
301,3255,2
301,587,4
301,728,2
385,3512,2
385,933,2
385,3916,1
385,1240,4
1865,2770,4
1865,3005,4
1865,2976,4
1865,2908,1
1165,2600,1
301,45,2
301,1732,2
301,356,2
301,11,4
301,125,4
301,3253,2
1865,3298,4
1865,2710,2
1865,2630,1
385,2959,4
1865,2827,2
1865,2707,2
1865,3155,4
1865,3004,3
301,671,1
301,342,2
301,2124,2
301,104,4
301,3060,2
385,1214,2
385,2692,2
1165,2424,3
1865,2706,4
1865,2188,1
1865,2492,1
301,2359,2
385,1291,4
385,593,3
2082,1726,2
385,1270,1
301,1456,3
385,3265,1
385,1197,3
1165,2628,2
1165,260,1
2082,3160,4
2082,2700,4
385,1089,2
385,1218,3
1165,2490,2
1165,2723,1
385,1196,2
1165,2498,2
385,2019,3
1165,648,1
1165,3623,2
1165,2430,1
1165,2429,3
2082,1196,3
2082,1136,2
1165,2622,4
1165,2599,3
301,3457,2
385,2338,2
385,427,1
1165,2828,2
385,1590,1
385,257,1
1165,2541,3
385,1644,3
385,2126,2
1165,2433,3
385,2413,2
385,1092,2
385,1589,2
1165,2355,4
385,517,3
385,2414,4
385,1892,1
385,1805,3
385,3176,4
1165,2770,4
1165,2860,1
385,648,1
385,3788,4
2082,3189,2
5675,3184,3
1165,2496,4
2082,260,4
1165,2167,3
1165,2997,4
1165,2384,3
1165,2539,2
2082,2432,3
279,1196,4
279,1242,1
279,1222,3
279,1200,4
2082,2706,3
279,3339,4
2082,2398,4
279,1272,3
279,3519,1
279,3836,2
279,1208,2
279,1294,2
2082,886,1
279,1210,2
279,912,1
279,246,4
279,3261,1
279,2095,2
279,1344,4
4448,3510,2
4448,3917,4
4448,3930,4
4448,3927,4
4448,3937,3
2047,480,3
2047,551,2
2047,2966,1
285,427,1
285,1892,3
285,1645,3
4448,3159,3
4448,3861,3
1266,3951,1
2453,1674,2
2453,3728,2
2453,1240,4
2453,1200,4
2453,1953,1
2453,1036,4
2453,2762,4
2453,111,1
2453,2871,3
2453,916,2
4448,3717,2
2453,162,4
4448,3745,4
593,2106,1
285,2009,1
285,2346,2
285,2871,3
285,3551,1
285,3204,1
285,3706,4
285,1179,4
285,1617,2
285,3539,3
1181,3923,2
1181,2454,2
593,3145,2
285,2729,4
285,154,4
285,3546,3
285,2067,2
285,902,2
285,3451,2
285,3296,3
285,1952,2
285,1084,1
285,1276,4
285,1247,4
285,1207,2
285,2064,4
285,3679,2
285,1189,3
285,2859,3
285,3676,4
285,3198,3
285,3498,4
285,3135,2
285,1208,1
285,2238,3
285,1161,4
285,3735,1
285,1953,2
285,3362,4
285,1263,4
285,3730,1
285,3741,2
285,1221,4
285,111,2
285,1193,1
2106,2613,3
285,2561,1
285,2023,3
285,2112,1
285,532,1
285,1732,3
285,22,2
285,1466,1
285,2542,2
285,1729,1
285,2391,1
285,1213,1
285,1034,2
285,2639,3
1958,3578,3
285,2926,2
2106,1799,3
285,1225,4
285,3683,1
5063,1777,4
5063,3948,3
284,3697,4
284,1676,1
284,2311,3
284,2454,3
284,1748,1
284,2288,2
284,3927,3
284,1580,1
284,2011,4
284,1374,4
284,3793,2
284,2916,4
284,1584,4
284,2968,2
284,924,3
284,589,3
284,2571,3
284,1240,3
284,541,2
284,2529,1
284,3908,4
284,2462,3
284,2886,3
284,3054,1
284,455,2
284,2851,4
284,1681,4
284,3564,3
284,1979,3
284,1862,4
284,1760,1
284,1707,1
284,2404,2
284,1980,1
284,1978,1
284,3767,3
284,172,2
284,2643,1
284,3919,1
284,1976,4
284,3439,3
284,1591,3
284,3156,2
284,519,2
284,2107,1
284,3440,4
284,93,2
284,2525,1
284,1756,4
284,1985,3
284,839,1
284,1972,3
284,1623,4
284,1995,3
284,3488,4
284,1474,1
284,419,1
284,2119,2
284,2724,1
284,688,4
284,2953,4
284,3889,1
2106,1457,1
284,3945,4
284,2902,1
284,1126,1
284,3820,3
284,2471,2
284,2051,1
284,1917,4
284,3177,2
2106,528,3
2106,1909,3
284,711,1
284,611,3
284,239,4
284,1970,4
284,2123,4
284,2421,3
284,2375,3
284,126,1
284,2152,4
284,1971,4
284,48,4
284,3826,4
284,673,4
412,1357,4
284,185,1
284,2082,2
284,3923,4
284,2142,1
284,3354,3
284,3146,1
284,438,3
5831,104,4
284,338,4
284,153,3
284,2151,4
284,1973,1
2106,368,3
284,1831,2
284,1687,2
284,3249,1
284,2088,3
5831,2333,3
284,1544,3
284,3113,3
284,1983,3
284,3388,3
284,3345,1
284,1920,2
284,1665,3
284,1592,1
284,2661,3
284,3385,2
284,1009,3
284,393,2
284,196,2
284,2459,3
284,3017,3
624,2401,3
624,474,3
284,2060,1
284,1646,3
284,882,3
284,3254,2
284,3273,3
624,1007,2
624,266,4
624,2922,2
624,590,1
624,1378,1
284,2616,4
280,2243,2
280,3424,4
280,1307,2
280,2174,3
284,2034,2
284,586,2
284,2986,4
284,1717,2
280,1220,1
280,2791,1
280,2352,2
624,2921,1
624,3508,1
624,1266,1
284,434,4
284,1014,2
284,500,4
284,2017,3
284,1629,1
284,2668,4
280,2863,4
280,3341,3
280,1269,2
284,2002,1
280,1963,4
284,2322,4
284,3005,4
284,1030,2
280,345,1
280,2208,4
280,3361,2
624,2871,2
624,3505,3
624,1343,1
280,1077,3
280,3308,1
280,3873,1
280,3685,3
280,235,2
284,5,1
284,107,3
284,1380,1
280,3462,3
280,2300,2
284,2141,2
284,1020,1
280,3671,4
280,1256,3
280,921,4
280,3210,1
624,593,3
624,1358,1
284,1391,1
280,34,3
280,2321,2
280,1294,3
284,1320,1
284,1918,3
284,2717,1
284,2478,4
624,1025,3
284,552,2
284,2048,2
284,2,2
280,3363,2
280,2289,4
280,905,3
280,3543,2
280,1234,4
284,517,2
624,3034,3
280,3114,4
280,910,2
280,3929,4
280,2599,1
284,2135,3
284,1371,4
280,3362,4
280,3421,1
280,3307,4
280,2973,3
284,2378,1
284,1007,3
280,1230,3
284,2004,2
284,3243,2
284,2424,1
2106,1810,1
624,1092,2
284,1194,3
284,917,2
280,2858,3
280,1162,1
284,597,4
284,1010,1
2106,2723,4
2106,1028,3
284,2054,3
284,2083,3
284,2713,4
284,3053,3
280,2362,4
280,902,2
284,2793,2
284,2709,1
284,442,3
280,1241,4
280,2028,1
280,3256,2
280,904,2
284,3837,3
284,2531,1
284,2093,3
284,575,2
284,1128,4
284,1033,4
284,3474,4
284,317,4
284,105,2
284,2143,3
2106,2114,4
284,2413,4
284,2528,4
2106,1401,4
284,158,3
284,1479,1
284,3438,3
284,3917,2
284,3423,4
284,410,3
284,1031,3
284,3662,4
284,2148,1
284,2794,4
301,345,4
301,2212,2
301,3608,3
301,3552,3
284,755,2
301,799,3
301,3210,2
301,3396,2
301,2117,4
284,3698,4
284,2133,1
284,1974,3
284,435,4
284,2646,2
301,1682,1
301,1097,2
301,2108,3
284,652,1
284,3777,2
284,2294,2
285,1173,3
285,3448,1
285,2417,4
285,3112,4
285,1395,4
301,1408,4
301,1784,3
301,151,4
285,3308,1
284,2560,4
301,2968,2
301,180,4
284,1924,3
301,2795,3
285,2988,2
285,3071,2
285,2739,1
284,1721,3
284,2072,1
284,3013,1
285,1246,2
285,2757,4
285,2130,2
285,3700,3
285,3685,1
285,1962,4
301,2282,1
301,778,1
301,3868,1
284,3638,4
284,1183,3
301,1059,1
301,1517,4
301,3763,3
285,3342,1
284,1911,1
284,1205,3
285,3424,3
285,1231,4
285,2348,3
285,1172,3
285,1090,2
301,1246,1
301,39,1
301,2291,1
301,1465,2
301,553,4
2106,1835,2
285,1096,2
285,2243,1
284,2414,3
284,2520,2
284,2023,2
285,1259,3
285,3360,4
285,2076,4
301,1954,4
301,21,2
301,161,4
301,2529,4
301,3246,3
285,1186,4
285,1185,4
284,383,1
284,780,4
285,1228,3
285,3543,1
285,3019,1
285,1300,1
285,1299,3
301,3365,3
301,337,1
301,3499,2
284,2723,1
284,2533,3
301,2918,1
301,2427,2
301,1845,4
301,1885,3
301,1220,4
284,135,4
284,2340,1
284,2532,1
301,300,4
301,34,3
285,3949,4
285,3911,4
284,1485,3
284,1015,4
301,1962,2
301,2102,1
301,1961,1
285,1191,3
285,77,2
284,1378,2
285,206,4
285,1856,1
301,1968,4
301,1449,1
301,3147,1
301,1060,4
285,1310,1
285,3281,4
284,2090,3
284,2033,3
284,3033,4
285,2677,4
285,1649,2
285,3007,2
285,2693,2
285,246,3
301,69,3
284,2770,2
284,1334,2
285,162,4
285,1192,3
285,581,3
285,1147,4
285,602,3
301,2243,3
301,1923,3
301,17,4
284,1191,1
284,1375,2
284,587,1
284,2628,3
284,3623,3
301,235,2
301,1393,4
301,1673,1
301,3007,4
301,1960,3
284,2861,1
285,3897,1
284,2046,3
2106,1777,3
284,2012,4
284,377,3
284,2150,3
284,3264,1
301,1302,4
301,1291,4
301,2174,1
301,1090,4
284,1569,4
2106,1680,2
284,3081,2
284,10,3
301,25,1
301,2745,1
301,3360,4
284,3704,3
284,2013,2
284,2167,4
284,1019,3
301,3421,4
301,1387,4
301,2064,4
301,3196,4
301,919,1
984,2722,1
301,36,2
301,2248,4
301,32,4
301,3006,2
284,3398,2
284,3839,4
301,1263,4
301,150,2
301,1200,3
301,1270,1
284,339,2
301,905,3
284,848,2
284,3544,4
284,231,2
301,2028,3
301,1266,3
301,1265,1
284,1503,2
301,246,2
301,899,4
301,3068,3
301,1704,2
284,832,3
284,2161,3
284,2420,3
284,2302,1
284,3686,4
284,1598,4
284,834,4
284,3745,2
301,260,3
301,2728,2
284,2087,2
284,2746,2
284,1339,2
284,364,3
284,1967,3
284,588,1
284,3176,1
284,2096,4
284,3100,2
301,1197,3
301,2804,4
301,1198,2
301,1394,2
301,1221,2
284,2116,3
284,1356,2
284,2470,1
301,1196,3
284,362,3
284,2455,4
284,2527,4
284,2137,1
301,527,3
301,318,2
301,2324,4
284,2193,1
284,1587,1
284,2764,3
284,2739,1
284,1028,1
301,2792,1
301,277,1
301,524,4
284,2134,3
284,2877,3
284,2857,3
284,2124,4
284,2502,3
284,2394,1
284,70,2
4322,3510,3
284,2476,4
284,1298,1
284,3082,2
284,534,1
284,3701,1
284,1589,3
284,1405,1
4322,3147,2
284,610,1
284,356,1
284,2301,3
4322,3753,3
4322,3555,1
284,198,1
284,594,3
284,1653,2
284,802,4
4322,3160,1
2106,3791,2
284,1302,1
284,3366,2
284,1645,3
284,3157,1
4322,3114,4
4322,1,4
284,2085,4
284,2706,2
284,480,3
284,3753,1
284,2403,2
284,3527,2
284,1376,4
284,2003,4
284,1732,3
284,1965,4
284,1297,1
284,1673,3
284,1022,1
284,3159,3
281,3793,3
281,2791,3
281,2160,4
284,2140,3
284,3396,3
281,2858,1
281,3569,1
281,951,3
281,1282,4
282,3257,2
281,3952,2
284,2634,1
284,3702,4
281,3911,3
281,3910,3
281,3903,2
282,1438,4
284,2296,3
284,2457,2
281,994,4
281,85,2
281,1407,1
281,2916,2
282,786,2
284,1274,4
284,333,3
281,454,4
284,2078,4
284,1127,2
284,1129,4
281,1883,3
282,2121,4
281,3046,4
284,953,1
281,1729,2
281,1610,2
281,2700,1
284,2959,2
281,2276,4
281,3250,3
281,1449,1
281,2166,4
281,3253,3
281,272,1
282,292,3
281,265,1
281,235,4
281,3386,3
281,1188,2
281,2321,4
281,2268,2
281,3176,2
281,2437,2
282,2803,2
281,1784,1
281,2388,1
281,223,4
284,2797,1
284,2791,1
281,2766,1
282,2802,3
281,348,4
281,2395,3
284,3671,3
284,1073,1
281,2336,4
281,589,4
281,45,2
281,3260,1
284,3699,2
284,590,3
281,2609,4
281,1554,1
281,29,4
281,1673,4
282,1480,2
284,1275,1
281,232,2
281,110,1
281,3160,4
281,1179,2
284,1029,2
284,3552,3
284,1909,3
281,2355,2
281,3079,4
284,596,2
282,1127,2
281,1699,3
281,1885,3
281,2357,2
282,3256,2
281,2333,3
281,3181,2
281,778,1
284,2660,3
284,1372,1
281,32,2
281,176,1
282,454,4
282,1344,2
282,1370,4
281,2571,2
281,2908,1
281,1509,2
1113,3743,1
281,595,4
281,162,4
281,2396,3
282,832,3
284,3578,2
284,2080,4
281,3147,4
281,2028,2
281,321,1
281,345,3
284,1527,3
281,2621,2
284,2985,3
284,2565,1
282,1892,4
281,1094,1
281,2291,1
281,1357,3
281,1280,1
281,3114,2
281,58,1
281,3006,4
281,3163,2
281,3083,2
281,1649,1
281,1719,4
284,592,4
282,733,2
281,2324,2
281,2762,3
281,2599,3
281,2692,1
284,2384,3
281,246,3
281,337,3
281,1147,2
282,1625,2
282,1610,4
281,527,1
281,296,3
281,2725,4
281,1617,2
281,1860,3
281,446,4
281,593,4
281,247,1
281,34,4
281,50,4
281,608,4
281,199,4
284,553,4
281,3499,4
281,1192,1
284,1610,2
284,1968,2
284,3210,1
284,1246,3
286,3552,2
284,2395,3
281,1200,1
281,457,3
281,1193,3
281,1374,3
284,3421,1
284,3271,3
281,912,1
286,377,3
284,3481,1
284,457,4
286,497,3
286,1639,2
286,356,3
284,3930,3
284,1219,2
286,1393,3
286,2108,1
284,1208,3
284,1294,4
284,1394,2
282,47,3
282,2571,2
286,39,2
282,2762,2
284,296,4
286,25,2
282,1036,4
284,2136,2
284,595,1
282,1219,1
284,1845,1
284,1215,4
284,223,2
284,1291,4
284,1231,3
284,32,3
284,2355,4
282,593,2
284,1210,1
284,2716,1
284,1136,3
284,2944,2
284,1197,1
284,1961,4
284,3052,3
282,349,1
284,1124,1
284,2020,4
284,1265,1
284,1234,3
284,2804,4
284,1304,4
284,1200,1
1448,3835,1
282,1721,3
284,1266,3
284,1272,3
1448,2122,2
1448,2113,3
1448,1427,4
282,1992,4
284,3347,4
284,2858,1
284,2762,3
1448,3705,2
1448,540,2
282,480,2
1448,2121,3
284,919,3
284,1299,2
282,2858,1
385,73,3
1448,3708,1
284,1259,1
284,2467,1
284,3703,4
284,232,4
1448,2505,3
1448,3063,3
1448,338,2
284,1224,4
385,1153,2
385,2771,3
284,3286,1
284,110,4
1448,18,3
1448,185,1
284,1,3
284,2139,1
283,2028,3
283,377,3
284,2501,3
284,3114,4
1448,1779,1
283,648,2
283,2628,3
283,196,3
284,1258,3
1448,1438,1
1448,2263,1
1448,782,2
283,858,4
283,720,3
284,1090,4
283,44,2
283,110,4
1448,3557,3
284,1214,2
284,593,4
283,2724,2
283,27,3
283,165,1
283,260,1
284,1196,1
284,1203,4
283,2054,1
283,724,1
1448,2778,2
1448,3249,4
283,527,4
284,969,2
284,50,3
283,356,1
283,1320,3
283,2720,4
283,3513,2
283,2985,2
283,2355,3
284,260,2
284,858,1
284,2784,4
284,318,2
1448,627,1
283,1717,1
283,1051,1
283,2712,4
283,1372,2
283,1683,1
1448,1722,4
1448,3101,1
1448,3420,4
1448,3102,4
412,50,1
284,47,3
1448,3546,2
1448,3527,3
286,1912,1
1448,3505,2
1448,3706,2
1448,1127,2
286,3421,2
1448,2871,4
1448,1036,2
1448,904,2
1448,1240,4
1448,903,3
286,628,1
1448,1252,4
286,2391,4
284,2840,2
285,3330,2
285,858,4
284,1270,1
284,3717,3
284,1101,1
285,3101,3
286,457,2
285,2856,3
285,525,1
285,1957,4
285,531,1
286,608,3
286,593,3
286,908,3
286,111,3
286,1625,3
412,2987,2
286,3386,1
286,904,2
286,3361,1
286,2804,1
286,1197,2
287,3481,2
286,2858,2
287,1678,2
287,3271,3
287,1747,3
287,1784,2
287,1721,3
287,3148,2
287,2611,1
287,1873,1
287,3163,2
287,1357,4
287,281,1
287,1183,4
287,431,1
287,1179,3
287,2268,3
287,307,4
287,3147,2
289,1785,1
289,3256,4
287,1277,3
287,1059,4
287,1673,1
287,2501,3
287,2890,4
287,1635,1
287,110,1
287,529,4
287,58,2
287,232,1
289,3633,2
289,198,2
286,1617,4
286,296,4
287,3100,1
289,2278,2
289,2951,4
289,1261,3
289,1374,1
289,1954,1
289,1215,2
287,2324,2
287,1243,1
287,306,3
287,235,4
287,150,4
287,3105,1
287,32,4
287,1411,1
289,474,3
289,377,2
289,1610,1
289,1291,1
289,3654,4
287,1358,2
287,73,4
287,34,3
287,1704,2
287,3418,4
287,247,4
287,41,2
287,1094,2
289,1222,1
3410,2437,1
287,36,4
287,3260,2
287,17,1
287,296,4
287,2028,1
287,2289,4
287,2609,4
287,3006,3
287,1213,4
287,1280,3
289,1240,1
289,457,4
289,3702,4
289,3104,1
287,1233,1
287,593,4
287,527,1
287,318,3
289,2944,2
289,2947,3
289,1201,2
289,3418,1
289,1198,3
5333,3869,3
287,2987,4
287,2600,2
286,3948,4
286,3897,2
289,1304,2
289,3384,4
289,1196,3
287,2070,4
287,2702,2
287,3185,2
287,2762,1
287,2396,2
287,314,1
287,2395,3
289,1387,3
289,3726,3
287,1513,2
287,2692,3
287,2670,3
287,2013,4
287,2598,4
287,2669,2
286,858,1
286,1593,2
287,1959,3
287,2581,2
287,2723,4
289,2630,3
289,912,4
286,1097,1
287,3160,1
287,913,2
289,3741,1
289,3030,1
289,1221,4
287,2390,2
286,1721,1
286,1265,1
287,2716,3
287,2333,1
287,3578,4
289,858,1
2195,3471,1
287,2712,2
287,2861,2
2195,1968,4
287,3408,2
287,2434,4
287,2336,4
287,2605,4
287,3543,4
287,2369,3
287,2433,1
287,2770,3
287,2976,1
287,2997,1
287,2707,1
287,2858,1
5333,1860,2
5333,2474,1
289,2916,4
287,994,1
287,1882,4
287,1193,2
287,1527,2
287,3844,3
287,1968,2
288,3635,3
288,494,2
288,3702,1
288,2167,4
288,2916,3
288,2273,4
288,380,1
288,1573,1
288,377,4
288,349,2
288,1918,1
288,1429,3
288,1376,1
288,1101,1
288,1580,4
288,480,4
288,2993,4
288,1275,3
288,1610,2
288,21,4
288,2001,2
288,3527,1
289,2391,4
289,2288,4
289,589,2
288,2353,3
288,2406,3
288,474,4
288,733,4
289,1200,4
289,293,1
289,1274,4
288,2058,4
288,110,1
288,1222,3
288,2278,3
288,1356,1
289,1036,1
289,3203,3
289,47,2
289,2160,4
289,2917,1
289,3551,1
289,2571,3
289,1358,1
289,924,1
289,2762,1
289,1953,4
288,1127,4
288,1210,1
288,2947,2
5825,1200,3
5825,1240,1
288,1197,4
288,2571,1
288,1200,3
288,3418,3
288,1036,2
288,1374,4
288,1242,4
288,2000,2
288,1240,2
288,1198,1
288,1291,2
288,1912,1
288,1196,3
289,608,1
289,1089,4
288,3827,4
288,3793,3
289,111,3
289,1252,4
289,908,4
289,50,3
5825,3484,4
5825,3755,2
5825,3578,2
5825,3150,4
5825,3510,3
288,3911,4
288,3398,4
288,2135,2
288,260,4
288,1727,4
288,3350,4
289,1212,1
289,593,3
289,1260,2
289,745,4
289,904,1
289,1219,1
288,912,4
624,2402,1
624,3441,2
1150,3793,3
1150,3578,3
1150,3755,2
1150,3745,2
624,3519,3
2307,3317,4
624,1183,1
291,3194,4
624,161,3
624,3836,4
624,1299,4
289,1079,2
289,527,1
289,3214,2
289,367,2
291,1936,3
289,3101,2
291,3448,1
291,412,1
291,1271,1
291,3548,1
2307,1600,4
2307,648,4
624,3578,2
291,1961,1
291,2866,1
289,3448,4
289,1126,4
289,2628,4
1218,3060,3
291,261,2
291,1955,3
1218,1416,4
2307,3155,2
291,3363,1
1218,432,3
291,1186,4
1218,590,2
1218,1266,2
291,1954,3
291,1296,4
291,3451,1
291,1228,1
1467,2676,2
1467,785,4
291,62,1
291,590,1
1218,778,4
1218,254,3
291,2132,1
291,3271,4
1218,1747,4
291,515,3
1218,3246,2
291,1179,3
291,1096,3
291,3068,2
1218,1095,4
1467,3717,1
1467,3578,1
1467,2580,4
1467,2688,4
1467,3175,4
1218,34,3
1218,1357,4
291,1293,3
302,1127,1
291,1302,1
291,1956,4
1218,1245,4
291,1097,3
291,3733,1
412,588,1
412,1081,3
1467,2712,3
1467,3238,2
1467,3409,4
1467,2959,3
1218,1704,3
1218,388,4
291,3152,3
291,3362,2
1467,3113,4
1467,2599,2
1467,3408,4
291,3475,1
1218,1213,4
1218,2028,1
1467,3543,2
1467,2881,4
1467,2772,4
1467,1093,1
291,971,1
291,531,2
291,3196,1
291,3359,2
1218,296,1
412,3925,2
1218,2289,4
1467,3203,4
1467,223,3
1467,2722,4
1467,2433,4
291,34,2
1467,2908,2
1467,3005,3
1467,2355,3
291,1103,3
291,1272,4
291,1196,3
1467,3298,2
1467,2997,1
1467,2710,3
291,1957,2
291,920,2
1467,3593,3
1467,3179,2
1467,2683,3
1467,2827,1
291,3742,4
1218,593,4
291,3350,3
291,3037,3
1467,3534,4
1467,2706,1
1467,2858,1
291,1411,1
291,1203,2
1218,924,4
291,593,1
291,919,2
291,1250,4
291,1104,1
291,1225,3
291,527,3
291,3095,3
291,1276,3
291,1193,1
291,858,1
291,1207,2
291,1941,4
291,2950,2
290,2671,2
290,11,1
290,1188,3
291,1496,4
290,543,1
290,25,1
290,539,4
290,2108,2
290,838,2
290,440,2
291,3,4
291,2942,1
290,3108,1
290,1408,3
290,3358,4
291,2146,2
290,1393,1
290,2166,2
290,866,2
291,48,4
290,356,1
290,2443,3
290,293,1
290,1265,2
290,3147,4
290,150,4
290,110,3
290,589,4
290,2858,2
290,50,2
290,608,3
290,527,4
291,1959,2
291,1088,3
290,318,3
291,1409,4
291,1735,1
291,1380,4
291,1101,3
291,509,3
291,249,2
290,1721,4
291,2941,2
291,597,4
290,2133,1
291,440,2
290,1097,2
290,2581,2
1546,534,4
1546,1357,3
290,593,3
1218,3863,3
1546,1393,4
291,3099,3
1546,25,2
498,3897,4
291,151,2
1546,132,1
291,1183,1
291,3834,1
1546,1810,3
1546,1873,4
291,3668,2
1546,318,2
291,914,4
291,1674,4
291,265,4
291,2067,3
291,1947,2
291,3108,1
291,1188,1
291,969,1
291,945,1
291,933,1
291,899,3
291,497,3
291,1247,2
291,1210,3
291,1277,4
291,2396,2
1448,1958,1
5096,2706,2
5096,2858,2
1448,1235,3
291,1198,3
1448,3484,4
291,2953,1
291,110,1
1448,3481,3
291,2628,3
291,912,3
1448,3112,2
1448,3928,2
1448,3925,3
3821,3005,2
412,2019,4
412,260,4
412,1185,3
412,1300,4
412,2302,1
292,2858,4
412,2996,1
412,342,2
412,2829,3
412,3396,4
412,2883,3
412,719,4
412,500,4
412,3500,2
412,62,4
293,3514,4
412,1414,4
412,3638,1
412,1873,3
412,2745,3
412,1353,2
412,52,1
412,1952,3
412,368,1
412,367,4
362,3624,3
412,1028,1
412,2111,4
412,1919,1
293,2065,3
293,3424,1
293,3552,1
293,3448,2
293,3501,4
293,3039,3
293,2001,4
293,1307,2
293,2973,1
293,1968,3
293,3361,1
293,2064,2
412,2116,3
293,2918,1
1467,3916,3
362,3911,1
362,3927,3
362,3923,4
293,265,2
1120,922,3
1467,2694,4
362,3952,4
1467,104,2
293,318,3
1120,3548,4
412,2377,4
1467,14,4
412,3078,3
1467,3386,3
293,1169,4
293,2677,4
412,266,3
293,1649,4
412,1204,4
293,141,1
308,1220,4
293,440,3
293,1827,2
293,2302,3
412,2108,4
293,3108,4
412,1955,3
293,492,1
293,1883,1
292,1132,4
292,1199,3
412,785,2
293,3809,4
293,1641,2
293,2891,2
5874,1609,3
293,2282,4
293,2395,3
293,2883,1
292,1882,1
293,1,4
293,1265,4
292,435,4
293,1446,3
293,2997,1
292,196,3
412,2468,1
412,2078,3
292,1779,3
292,671,4
412,172,3
5874,347,2
292,1676,4
292,2699,1
412,1131,3
5874,3006,3
292,2628,2
292,780,3
412,3102,1
292,1527,2
5874,3160,1
292,1573,3
412,3386,3
293,3095,2
412,953,3
292,1580,3
292,1653,4
5874,2594,3
292,589,3
292,1584,4
292,2571,1
292,2916,3
292,32,2
292,1921,1
293,1313,1
293,600,2
293,3335,1
293,3265,2
293,714,3
292,1617,1
412,1614,3
292,1196,1
292,858,4
292,3198,1
292,3067,4
292,307,3
293,3304,1
292,3649,1
292,3422,1
293,3035,3
293,2067,3
293,538,2
293,300,2
1451,43,3
293,1044,2
1451,2394,1
293,1183,4
293,1187,3
293,1619,4
1451,1959,3
1451,2490,1
293,508,3
293,2303,3
293,2433,3
292,3555,3
292,648,1
292,3755,2
293,1633,4
292,3578,3
293,2352,4
293,3363,2
1451,3238,2
293,1956,1
293,314,3
1451,1911,1
292,3948,3
293,1293,2
412,3360,4
412,246,4
1451,2147,1
1451,3203,1
293,1095,1
293,161,1
293,1172,2
293,2243,3
412,2442,1
293,2966,3
293,1914,4
292,1690,4
292,260,4
293,3700,3
293,1957,4
292,1193,3
292,1183,3
292,2023,3
292,1094,1
293,2890,1
293,3543,4
293,2929,3
412,2476,2
293,838,3
293,1704,2
308,1245,3
293,1242,1
308,1732,3
293,2682,2
293,3100,4
308,608,3
293,608,1
293,2324,4
293,2858,3
293,1358,1
293,3246,3
293,3334,3
293,1207,3
293,3078,2
293,527,4
412,2885,1
412,3450,2
293,3037,1
293,1097,4
293,1104,1
293,3733,4
293,1225,4
293,2171,1
293,902,4
293,1185,3
412,3244,2
293,1695,2
412,920,4
293,3071,1
412,858,2
293,1788,3
412,587,1
293,656,1
412,2689,2
293,912,3
293,593,1
293,1952,2
412,1293,3
293,1193,1
412,1641,3
412,1271,3
412,68,4
412,356,4
412,2371,1
412,830,1
412,168,3
412,454,2
412,2918,1
412,1302,3
1448,1092,2
1448,1909,2
309,2951,3
1448,1992,1
1448,2338,3
309,3418,3
309,2797,4
1448,1644,1
1448,1342,2
1448,1756,1
1448,1339,3
309,448,2
309,356,2
309,1307,4
309,2194,4
1448,191,3
1448,2269,1
1448,528,1
1448,510,3
412,3101,3
1448,1529,4
412,3259,1
412,3020,4
1448,1487,3
412,3408,3
412,1183,1
412,1177,1
412,2313,3
412,1196,3
1448,1114,2
1448,1895,3
1448,245,2
1448,79,1
1448,2320,3
1448,74,2
1448,2316,4
1448,516,3
1448,3045,2
412,2535,2
1448,61,4
1448,2844,1
1448,3477,3
412,3324,4
412,1962,3
412,750,4
1448,365,2
1448,179,4
412,224,3
412,1088,2
412,2369,3
1448,2252,4
1448,225,1
412,2871,4
412,3358,2
412,3430,2
412,1246,1
412,1167,2
309,1393,4
1448,3141,1
1448,1006,1
412,2470,2
309,3366,2
309,1287,2
309,2700,2
412,647,1
1448,451,4
412,3060,2
412,3724,4
412,2407,3
412,3471,2
412,2413,4
309,110,4
309,1960,2
412,223,3
1448,424,4
1448,418,1
1448,217,3
1448,2447,3
412,923,4
3547,3911,4
412,2312,4
412,1957,3
1448,450,3
412,2618,4
412,3167,1
1448,100,3
412,2862,3
412,3552,3
412,3361,1
1448,1027,4
412,955,4
412,105,3
412,1199,3
309,1291,3
412,2770,1
309,2501,1
412,3257,3
309,2761,2
309,296,2
412,987,4
412,3394,1
309,593,4
309,1250,4
412,141,2
412,1732,2
412,94,3
412,1092,3
412,674,2
412,3525,1
1448,472,4
412,2153,4
412,2445,2
392,2106,1
392,473,3
412,3524,1
1448,685,3
412,616,2
412,1695,3
392,1408,4
392,750,1
1448,2236,3
412,3706,3
392,1178,4
392,527,3
412,2539,4
392,3489,3
392,2054,3
412,3363,4
392,2161,1
412,1225,3
392,2968,3
392,2392,3
412,3250,3
412,1733,4
392,193,1
392,516,2
1448,498,2
412,410,4
412,3070,4
412,2124,2
392,450,1
392,528,3
392,1442,2
392,3506,2
768,3911,4
412,1173,1
392,1959,4
412,3420,2
412,2165,4
392,3259,2
392,175,2
392,3270,4
392,1810,4
392,2420,4
392,3252,4
392,2474,1
392,491,1
392,1672,4
1448,94,1
392,2750,1
392,409,4
392,2166,3
392,3089,2
392,1693,4
392,2729,3
392,1082,1
392,1103,4
392,3317,4
392,2730,2
392,1682,3
392,1584,3
392,3271,3
392,1246,4
392,1305,1
392,428,1
392,1185,2
392,1392,2
392,314,1
406,3623,3
392,2268,2
392,300,1
392,1357,3
392,1960,1
392,1954,4
392,337,4
392,1961,4
392,778,1
392,1968,4
392,1302,1
392,535,4
392,3359,4
1448,340,2
392,3471,3
392,1393,2
392,3347,1
392,1913,3
392,3374,2
392,2890,4
392,36,4
392,1293,1
392,32,3
392,1084,2
392,3360,3
392,150,3
392,1730,4
392,3742,2
392,1247,2
392,1704,1
392,1208,2
392,1231,1
392,2728,3
392,1228,2
392,1358,1
392,3224,4
1448,281,4
1579,2324,2
392,994,3
392,1207,3
392,923,1
392,1237,4
392,318,1
1579,2952,2
1579,3160,4
1579,1673,1
392,2605,3
392,3247,2
392,2231,3
392,1799,4
1448,78,4
392,999,1
392,1061,2
392,592,4
392,1396,1
392,2391,3
392,1500,3
1579,3578,4
392,296,1
1448,1807,4
392,608,2
392,1213,3
392,185,2
392,2468,2
392,2126,3
1448,778,3
392,1687,4
392,1917,2
392,1422,1
392,2699,3
392,18,3
392,1615,4
392,1620,2
392,1805,2
392,1645,3
392,1892,1
392,1092,4
392,1834,3
392,163,1
392,733,2
1448,375,2
1448,1053,1
392,16,1
392,1732,1
392,377,1
392,3256,1
392,161,1
392,3527,4
392,1625,3
392,1674,1
392,924,2
392,1036,2
392,47,2
392,1089,4
392,1240,3
392,2762,2
392,50,2
392,364,1
392,2700,4
1467,2861,3
1467,3361,3
1448,525,4
424,1231,3
424,3547,2
424,3469,1
2106,3408,2
2106,1399,3
424,432,4
424,1266,4
424,1379,2
424,266,2
424,1147,4
424,246,4
424,2064,1
424,1375,4
424,2011,4
424,1527,4
424,3699,2
424,1206,3
424,3471,1
372,317,3
372,539,3
5333,2686,3
372,2424,1
372,1,3
5333,3512,3
372,11,1
372,2706,3
372,2720,3
372,2431,4
372,2793,4
372,588,1
372,1020,3
372,2724,3
372,2124,2
372,357,4
372,3156,2
424,2143,2
424,2,1
372,500,3
372,2496,3
372,3004,3
372,1702,3
424,3479,1
424,3153,3
424,2193,2
424,2453,2
372,1784,1
372,551,3
372,3255,4
372,1777,2
372,223,2
424,2100,4
424,2174,3
424,2797,3
424,367,1
1105,3555,2
372,2447,1
372,380,1
372,881,1
372,258,4
372,1923,3
5996,2718,1
4823,3949,1
372,2396,1
372,2858,4
2106,1091,3
372,3264,4
372,253,1
372,1779,4
372,748,4
372,1544,2
372,1876,3
372,2012,2
372,1917,2
372,1676,4
372,2428,2
372,2699,3
372,3175,3
372,1580,1
372,1573,1
372,780,2
372,2571,2
372,1584,3
372,589,1
2106,2106,1
372,2628,2
372,260,4
424,3034,3
424,2017,3
424,2090,1
424,317,4
424,1017,1
424,3213,3
424,1009,3
424,3397,1
424,2161,3
424,1014,2
424,1967,4
424,3398,2
424,1025,2
424,2097,2
424,2140,4
424,2687,4
424,661,2
424,2081,1
424,1028,4
424,2085,2
424,1012,1
424,3040,4
424,3506,3
424,3396,2
424,2109,4
424,1080,1
1125,3189,1
1125,3178,2
1420,3948,3
372,3753,1
372,648,3
372,3555,3
2106,2558,2
2106,3259,2
2106,1265,3
2106,2918,2
2106,2058,3
2106,1271,1
2106,3686,4
2106,3258,4
294,1711,2
294,785,4
294,1614,2
294,3255,4
294,1569,4
294,708,1
294,543,3
294,2355,3
294,1454,2
294,141,3
294,1042,3
294,180,3
294,2539,2
294,1580,4
294,1784,4
294,3129,4
294,203,3
294,1747,2
294,224,3
294,1057,2
294,471,2
294,3253,4
294,3809,4
294,1923,1
294,2324,3
294,2359,1
294,3174,1
294,34,2
294,1,1
294,1914,2
294,357,3
294,348,1
294,562,4
294,2997,3
294,2396,4
294,235,1
294,1446,1
294,1827,3
294,1649,2
294,246,1
294,1189,3
294,581,2
294,759,3
294,3168,2
294,1193,4
294,1101,1
294,1994,1
294,1285,2
294,1840,2
3518,3114,1
5841,2959,4
5841,3481,3
5841,3357,3
295,2391,3
295,3147,1
295,608,3
295,1358,3
295,2542,2
295,1219,2
295,111,2
295,1089,3
295,593,2
295,50,2
295,1274,4
295,903,4
295,3948,1
295,3949,4
295,3897,3
295,908,2
295,2804,1
295,1207,2
295,527,1
295,318,2
295,3307,2
295,1783,2
295,3121,3
295,1344,2
295,1748,2
295,1179,1
295,930,2
295,1617,4
295,377,2
295,1608,2
295,2916,4
295,2278,4
295,2000,4
295,2427,4
295,2993,4
295,480,1
295,112,2
295,2058,2
295,349,2
295,592,3
295,1408,2
295,733,1
295,474,3
295,1261,1
295,1954,2
295,2948,3
295,1610,3
295,3104,4
295,2353,1
295,21,2
295,6,2
295,2529,1
295,1220,2
295,1210,1
295,3527,3
295,2366,2
295,1912,2
295,2947,4
295,3703,3
295,1222,4
295,2949,2
295,2194,4
295,1215,2
295,3418,4
295,1387,3
295,457,1
295,110,4
295,1200,1
295,969,4
295,589,3
295,3275,4
295,1291,1
295,3265,4
295,1214,3
295,1201,4
295,1036,2
295,1240,1
295,260,1
295,2571,2
295,1304,3
295,1218,1
295,2028,2
295,1221,4
295,858,3
295,1196,2
295,1198,3
295,3793,3
295,2987,3
295,1623,4
295,2714,1
295,2701,2
295,2672,2
295,3798,3
295,3745,1
295,2763,2
295,3114,3
295,2840,4
295,2702,3
295,3176,2
295,2841,3
295,2700,1
295,2485,2
295,2395,1
295,2762,2
295,3081,2
295,2396,4
295,3273,2
295,2560,3
295,2692,3
295,1513,2
295,2686,3
295,2394,2
295,3300,2
295,2598,2
295,24,2
295,2490,1
295,3219,4
295,968,3
295,3753,3
295,2901,1
295,2502,2
295,2900,3
295,3354,2
295,2723,3
295,3174,4
295,3752,4
295,3160,4
295,2676,1
295,2392,4
295,2713,3
295,785,2
295,2995,4
295,2606,1
295,2716,2
295,2580,1
295,3717,1
295,3510,4
295,2688,1
295,3578,1
295,3409,1
295,3238,3
295,2959,2
295,2428,3
295,2712,2
295,2718,1
295,2605,1
295,2599,2
295,3113,4
295,2369,1
295,1093,2
295,2772,3
295,1911,4
295,3203,2
295,2722,2
295,3016,2
295,2433,3
295,223,4
295,3751,3
295,2541,3
295,2771,3
295,2770,3
295,2355,1
295,2976,4
295,3005,4
295,2997,3
295,3298,4
295,2694,1
295,3285,2
295,2979,4
295,2710,4
295,2827,1
295,2683,2
295,2707,2
295,3593,2
295,3179,2
295,2699,4
295,2858,3
295,2492,2
295,2826,4
295,1127,4
295,2572,1
295,2706,1
295,3404,3
295,3617,2
295,1197,4
295,1013,4
295,1690,2
295,1193,2
295,1615,3
295,3863,3
295,2574,4
1671,2384,3
1671,3911,2
1678,648,1
3842,1042,1
296,3273,2
296,2793,4
296,2710,4
296,1717,4
296,1339,3
296,1347,2
296,2654,3
296,2167,1
296,1345,3
296,2644,4
296,799,1
296,1350,2
296,1333,3
296,2617,4
296,1407,4
296,2288,1
3842,3844,2
3842,3160,4
296,2366,3
296,1219,4
296,1214,2
296,3932,2
296,1278,4
296,891,3
296,2160,3
3842,1125,1
296,2645,2
296,2781,1
296,3930,3
296,2634,2
296,2519,3
296,1416,2
296,2877,1
296,1566,1
296,3600,3
296,1380,1
296,2946,1
296,2857,2
296,1688,2
296,2081,3
296,2080,1
301,2693,1
296,2863,3
296,588,2
296,935,3
296,595,3
296,594,2
301,3273,2
301,3081,4
296,1288,2
296,1282,1
296,919,1
301,2502,1
301,3160,3
296,3515,1
301,2716,2
301,3408,4
296,2791,1
296,3751,2
296,3286,2
296,551,2
296,3481,3
301,2546,2
301,1093,2
301,2541,2
296,1544,4
296,3300,3
296,3354,1
296,3793,1
301,2997,4
301,1127,4
301,2707,2
296,2661,2
296,2663,1
296,2363,4
296,1924,4
296,2665,4
296,1253,3
296,2660,4
296,1019,4
296,2454,1
296,2662,2
296,2287,4
296,1301,2
296,736,3
301,800,2
296,18,2
301,1610,3
301,1240,1
301,908,4
296,2656,2
301,1036,2
301,2571,2
301,608,1
301,903,4
301,457,2
296,2664,2
301,111,1
301,593,3
301,2762,3
301,3916,1
296,1387,1
296,1389,3
296,1388,2
296,1997,3
296,1998,2
296,1999,4
296,1909,4
3842,1425,3
296,2762,2
3842,32,2
296,1682,3
1451,2746,1
1451,2088,2
296,3752,2
3842,141,2
296,2702,4
1451,1030,3
296,920,2
3842,1271,4
296,3948,2
1451,2643,1
1451,2642,3
1451,2377,2
296,2683,3
296,1517,2
1451,3770,1
296,543,1
296,2723,2
296,3536,2
296,3928,4
296,1334,1
1451,3771,2
1451,2535,3
1451,2013,2
296,2901,2
296,2013,3
296,2455,3
296,3197,1
296,480,1
1451,2409,4
1451,2520,1
1451,3371,4
1451,2866,1
1451,3135,4
1451,2657,2
3842,1207,1
3842,923,2
1451,2322,2
1451,953,1
1451,256,2
1451,338,2
1451,3317,1
3842,1120,4
3842,2959,2
3842,2873,2
3842,350,1
3842,1892,2
3842,1805,1
3842,1597,3
3842,1464,3
3842,1977,4
3842,2122,4
3842,1986,2
3842,2450,3
3842,1972,4
3842,2147,2
3842,1985,4
3842,1983,3
3842,3707,1
3842,2794,1
3842,2264,4
3842,2417,4
3842,3714,2
3842,3660,2
3842,2263,1
3842,3834,2
3842,2416,2
3842,1088,1
3842,3704,3
3842,3917,1
3842,2668,4
3842,2054,2
3842,3791,2
3842,2423,4
3842,1135,4
3842,1587,3
3842,2407,2
3842,2989,2
3842,1246,1
3842,1298,3
3842,2757,1
3842,3684,1
3842,1124,1
3842,3203,4
3842,3496,4
3842,3111,2
3842,2745,4
3842,1302,2
3842,2739,4
3842,1962,3
3842,2070,4
3842,3169,1
3842,1961,2
3842,2313,2
3842,2348,3
3842,1186,1
3842,1096,4
3842,1956,4
3842,2988,4
3842,2020,1
3842,1228,1
3842,432,4
3842,1201,2
3842,2921,3
3842,2387,2
3842,998,3
3842,867,3
3842,3301,4
3842,2605,2
3842,1686,4
3842,3529,1
3842,1620,3
3842,1799,2
3842,1061,1
3842,555,4
3842,117,3
3842,3304,1
3842,2194,4
3842,47,3
3842,1729,1
3842,3019,3
3842,1953,1
3842,3735,3
3842,1084,2
3842,296,4
3842,858,4
3842,3235,3
3842,3688,4
3842,1091,1
3842,2134,2
3842,3388,1
3842,2470,1
3842,3501,3
3842,3387,1
3842,2469,1
3842,2371,2
3842,2144,4
3842,1220,4
3842,2247,3
3842,2738,1
3842,1958,3
3842,2463,4
3842,2110,4
3842,2150,2
3842,2352,4
3842,3526,2
3842,2795,2
3842,2915,1
3842,2918,3
3842,2413,3
3842,2875,4
3842,1689,3
3842,1645,2
3842,1754,2
3842,1422,2
3842,1460,1
3842,648,2
3842,1711,3
3842,1627,4
297,3578,3
297,3793,4
297,3481,1
297,3624,4
3842,906,2
3842,2583,2
3842,1589,4
3842,2076,2
3842,2467,3
297,3178,3
297,2772,3
297,21,1
297,514,4
297,1914,2
297,562,3
297,1883,3
297,1002,4
297,232,3
297,2321,3
297,2395,4
297,1641,1
297,1060,4
297,1500,3
297,1265,4
297,2542,3
297,2997,4
297,1449,1
297,497,1
297,2985,2
297,1573,4
297,2993,3
297,1610,3
297,474,4
297,112,2
297,110,4
297,1036,1
297,2949,1
297,1197,4
297,2571,4
297,2948,3
297,1242,2
297,1954,4
297,2947,1
297,2028,2
297,1240,2
297,3418,3
297,1198,1
297,1214,3
297,2692,2
297,1304,4
297,260,3
297,2987,3
297,3435,4
297,1252,3
297,1617,2
297,2186,4
297,1208,3
297,953,2
297,2804,4
297,1196,1
297,3095,2
297,1250,3
297,1225,3
297,318,3
297,1213,2
297,608,2
297,908,3
297,296,1
297,1247,2
297,919,1
297,527,1
297,593,2
297,923,1
297,1193,3
297,858,1
297,1221,2
297,3361,2
297,2599,2
297,1235,1
297,1784,3
297,1734,4
297,2396,2
297,2324,3
297,1294,4
297,2858,3
297,1136,2
297,1288,4
297,2791,1
297,3897,1
297,111,1
297,1020,2
297,818,1
297,3703,3
297,1012,3
4277,3481,3
5359,3949,4
298,2399,4
298,1544,1
298,611,4
298,266,1
298,3512,2
298,2160,4
298,480,1
298,3159,3
298,661,1
298,551,1
298,1249,3
298,2966,3
298,1282,3
298,2858,4
298,3457,3
298,648,4
298,3515,4
298,3624,2
298,3751,2
298,3481,2
298,3793,2
298,3538,2
298,2321,1
298,1350,4
298,527,4
298,1136,4
298,1806,2
302,3510,3
302,1466,3
302,3555,1
302,3300,4
302,50,3
302,2858,4
302,785,1
302,1617,2
302,1036,1
302,165,4
302,1198,2
302,1291,2
302,2115,4
302,1196,4
302,260,2
302,1219,3
302,1164,4
302,3645,3
302,674,3
302,1035,3
302,3633,3
302,911,4
302,2729,4
302,1017,3
302,3461,3
302,3507,3
302,2870,2
302,1028,4
302,914,1
302,3668,4
302,2993,3
302,1947,2
302,2949,4
302,2857,1
302,2948,1
302,2946,2
302,1333,1
302,2947,3
302,902,3
302,1251,1
302,924,4
302,2863,3
302,1950,4
302,2944,4
302,1084,4
302,1247,4
302,1304,3
302,3468,3
302,1267,2
302,1207,3
302,1276,1
302,3469,4
302,1924,3
302,2362,1
302,934,4
302,2184,3
302,1019,4
302,2183,1
302,3675,3
302,1226,3
302,1012,4
302,1086,4
302,915,3
302,1103,1
302,933,2
302,1283,1
302,2731,2
302,916,4
302,908,4
302,910,4
302,904,3
302,2177,1
302,1380,1
302,2038,2
302,3760,2
302,2014,4
302,1125,1
302,2657,3
302,3040,1
302,3363,3
302,3671,3
302,3396,4
302,1278,3
302,1080,2
302,3504,4
302,1136,1
302,3421,4
302,3324,2
302,3536,3
302,3617,2
302,2170,1
302,2799,3
302,1427,2
303,122,3
302,3031,1
302,250,4
300,1385,2
300,1801,3
300,292,4
300,434,2
303,1888,4
302,1679,2
302,12,2
302,2007,3
300,736,3
300,1377,4
302,1474,1
302,19,4
302,1822,4
300,1597,1
300,552,4
300,3274,4
300,2273,1
302,65,3
302,1707,4
302,419,4
300,2334,4
300,165,1
300,1792,1
300,316,2
303,3500,3
300,1573,4
300,2763,3
300,3082,3
300,329,2
300,1608,3
300,780,4
302,2265,4
302,2084,4
303,186,2
302,3146,3
302,274,2
302,2113,4
302,1439,3
300,368,4
300,10,3
300,1616,1
303,3446,1
303,372,4
302,2798,1
302,1445,1
300,494,2
300,3107,3
300,733,4
300,2023,3
300,2628,4
302,3669,3
302,374,2
303,3614,3
302,1760,1
300,1370,4
300,3267,4
300,3256,1
300,1356,2
300,1372,2
300,2353,2
300,1408,1
300,480,3
302,2448,3
300,163,4
300,349,1
300,2617,1
300,2006,3
300,1722,1
300,380,4
300,1527,4
300,474,2
303,2424,4
303,1614,3
302,2720,3
302,355,3
302,2827,2
302,2906,4
302,762,4
303,1569,1
300,377,4
300,21,3
300,2278,1
300,2916,2
302,174,2
302,1503,3
303,125,3
303,3358,2
303,2108,4
302,1359,3
302,460,3
302,1005,4
302,2042,4
300,1610,3
300,1912,4
303,1500,3
716,784,2
302,2322,1
302,3051,1
303,440,2
303,1057,1
300,3623,3
303,1923,1
303,3712,1
302,2107,1
303,492,4
303,1517,4
302,2389,4
302,1644,4
302,256,1
303,1641,4
302,2169,2
302,724,4
303,2359,2
303,232,2
303,1188,4
303,1265,1
303,2599,1
303,2997,4
303,34,4
302,185,2
300,3203,3
300,2985,3
302,2296,2
716,1090,1
716,2890,2
300,3403,1
300,1246,4
302,2053,4
302,747,2
302,432,2
303,3429,2
302,2036,1
302,1746,1
302,867,1
300,2915,3
300,1376,3
300,2852,4
302,2338,4
300,3527,1
300,2243,2
300,1957,4
716,1242,4
716,1208,1
716,1222,1
303,3301,3
300,3098,1
300,3360,3
303,3328,4
300,2313,3
300,1296,1
302,882,3
302,23,2
302,818,4
302,743,3
302,415,1
302,3489,3
302,542,2
716,1250,1
300,1674,1
300,1960,1
300,1302,4
300,1224,3
300,2020,1
303,3623,1
302,761,4
300,1956,4
300,2194,1
300,1090,3
300,1231,2
300,1293,2
302,1461,4
302,1894,2
303,2688,4
302,1515,4
302,413,2
302,1126,2
302,429,4
300,1291,3
303,1394,1
303,1148,3
300,2467,1
300,1242,3
300,1240,1
300,1200,2
302,879,1
302,2316,1
300,1036,3
300,1198,2
300,1225,1
300,1196,3
302,798,3
302,186,4
302,1665,2
424,1278,2
302,1390,1
302,275,4
424,2804,3
424,1079,2
300,1007,3
302,209,4
302,107,1
302,840,1
300,3729,2
300,1380,3
300,3807,4
302,370,3
300,2013,2
300,2090,1
300,2014,3
302,1598,1
302,2082,3
300,3040,2
424,1172,4
424,2289,4
424,1136,1
302,516,3
302,813,3
300,2095,1
302,196,4
302,1911,3
302,450,2
302,485,2
302,3258,4
302,3764,2
302,2840,4
302,2335,2
300,2137,3
424,3363,3
300,2640,4
300,1073,1
300,1125,3
300,3738,3
302,2429,3
302,382,2
302,1646,3
302,2772,2
302,18,4
300,1345,4
300,2138,3
302,719,2
302,257,4
424,1234,1
300,1954,3
300,3198,3
300,3635,2
302,788,2
302,1779,2
302,3249,2
424,910,1
300,2866,2
302,333,3
302,2793,2
302,3173,4
302,42,3
302,2249,3
424,1394,3
300,3674,4
300,3194,1
302,216,1
302,3247,4
302,533,2
302,2120,4
300,3471,4
300,3396,1
300,3363,3
300,1206,3
302,486,1
302,2683,4
302,1895,1
302,2541,1
302,2195,4
300,3359,4
302,175,3
302,2,4
302,312,1
302,586,4
302,2605,4
300,1294,1
300,3421,1
300,1387,2
302,836,1
300,1272,1
300,1193,3
300,1234,4
300,1953,1
302,135,1
2022,1635,3
300,1230,3
302,1615,2
302,2004,1
302,2387,2
300,1221,3
300,1136,2
300,1214,4
302,3254,3
302,784,1
302,3438,1
2022,247,4
299,2289,2
299,2366,4
299,1221,2
302,1717,2
302,1753,4
302,3869,1
299,1952,4
302,2709,4
302,5,3
300,1262,2
302,539,1
302,2446,1
302,2803,2
299,1097,2
302,361,4
302,259,3
302,468,4
299,920,2
302,24,4
302,2094,1
300,3196,1
300,910,4
302,2252,1
302,14,2
302,2052,4
302,2083,2
302,780,3
302,2597,3
300,949,2
300,908,3
300,1945,3
302,2713,1
303,1608,1
303,1370,3
303,21,3
300,1944,1
300,904,3
300,3035,1
302,1513,2
302,3270,2
302,2861,3
302,177,1
300,1250,1
300,922,2
300,903,2
303,1580,3
303,377,1
303,2194,1
303,2916,1
303,1573,2
300,2176,4
303,2278,3
303,1610,1
302,1689,3
302,317,2
302,3243,4
300,1269,1
302,1027,3
302,3269,1
302,344,3
300,953,3
303,474,1
303,2571,3
302,3531,2
302,1485,4
302,532,4
302,89,2
300,3334,3
302,2060,2
302,2694,4
300,2398,2
300,930,2
300,913,3
300,912,4
300,3095,3
300,1284,3
303,1912,3
303,2427,3
303,493,2
302,585,2
300,941,3
300,1254,2
300,923,2
300,3435,1
302,3264,3
302,2424,3
302,2231,2
4600,2977,2
303,858,3
303,589,4
303,1233,1
303,1221,4
302,252,1
302,248,3
302,708,2
302,2710,2
302,2889,4
302,339,4
302,410,4
300,1393,3
300,2761,1
300,17,4
302,414,3
302,1680,1
302,647,4
302,2581,2
302,231,2
300,1266,2
300,150,2
300,2501,1
302,865,3
300,1089,4
300,515,3
302,1550,4
302,2836,4
302,1459,4
302,513,3
302,1339,2
302,2672,2
302,1777,4
302,1688,2
302,3082,2
302,3614,1
302,3053,3
302,3712,1
302,2572,4
302,2539,3
300,1730,2
300,608,3
300,34,4
303,2763,3
303,2395,2
302,1476,2
302,1755,4
300,1180,1
300,457,4
300,2396,1
303,3219,4
303,2394,3
300,1,2
302,852,3
302,2718,2
302,2567,1
300,3114,3
300,2959,2
303,3174,3
300,2858,2
300,1704,3
303,2605,3
302,2273,3
302,2496,4
302,2294,1
300,47,3
300,2966,3
300,2028,3
300,1358,4
300,589,2
303,2706,3
303,2908,4
302,1059,3
302,1527,4
302,3219,2
302,802,1
302,2606,2
302,3809,4
302,500,4
302,2447,2
300,2324,3
302,1642,1
302,3450,2
302,1183,3
302,3263,3
302,1569,1
300,2762,2
300,593,3
300,1213,4
302,2046,2
302,543,2
300,1617,3
302,1034,1
302,832,3
303,1645,3
300,318,2
302,454,1
302,440,3
300,1058,1
302,1892,1
302,3176,1
302,805,4
302,356,4
302,1805,4
302,1645,2
302,1721,3
302,3174,2
302,141,3
302,1672,2
303,2446,2
300,3497,1
300,2247,3
300,3308,1
300,2457,1
300,2469,2
303,832,4
302,3081,1
302,1120,2
302,663,1
303,224,4
300,2145,1
300,1135,4
300,2472,3
300,3524,1
301,2092,3
302,11,2
302,381,2
302,2759,1
302,590,2
301,783,3
301,1064,2
301,1405,4
301,1920,3
300,3033,1
300,2245,2
300,2470,4
302,1407,2
301,2294,1
301,364,1
301,2700,4
301,595,4
301,588,4
301,1223,2
303,1120,3
303,14,4
303,647,4
300,2371,4
300,2407,4
300,2003,1
300,3398,1
300,2001,3
302,350,2
302,3253,3
302,2321,1
302,357,1
301,1148,4
301,3114,3
301,745,1
301,1,3
300,3740,4
300,3591,1
300,2518,1
300,2133,1
303,11,3
302,3386,2
302,1356,4
300,3448,3
300,2423,3
300,2011,4
301,3615,2
303,1650,1
303,1653,2
303,1059,3
302,1683,4
300,2000,3
300,2463,4
300,2081,1
301,551,1
301,266,4
302,421,4
302,1729,4
303,1396,2
302,588,2
302,3358,4
301,1250,1
301,3793,3
300,2406,2
300,1197,1
300,1958,4
301,2858,1
300,3868,1
301,2791,1
303,2059,2
302,1639,1
302,1883,4
302,1921,1
302,671,1
302,1732,4
302,2712,2
302,799,3
890,2986,2
890,519,3
890,2985,2
303,454,2
300,3526,1
300,2174,3
300,2716,4
300,1663,2
300,3039,3
300,2248,4
302,2706,2
303,1958,3
303,580,2
303,2171,2
302,52,1
300,2797,3
300,2791,4
300,1257,3
300,1968,4
301,2987,4
302,3100,1
302,2124,1
303,1805,1
302,1517,4
302,3052,3
301,2763,1
301,2702,4
300,1259,1
300,1079,4
300,1394,4
300,2352,4
300,2918,1
303,3252,1
303,2268,2
303,1678,2
303,2959,3
303,2725,3
302,514,1
301,2396,1
301,2840,1
302,2502,3
302,1653,2
302,364,1
300,1172,1
300,2804,4
300,1307,4
300,1270,2
301,2686,4
301,2394,2
301,2093,4
302,2108,3
302,551,1
303,1542,2
302,3175,3
302,2355,3
302,3105,1
302,151,1
301,3174,3
301,2805,2
302,553,3
302,104,1
302,2268,3
301,2713,2
301,785,1
301,2761,3
303,1693,3
300,2067,3
301,2719,1
302,1834,4
303,1680,1
303,334,4
300,1084,2
302,595,3
302,471,1
303,2570,4
303,161,1
300,909,2
302,3044,1
302,223,1
302,180,2
302,62,1
301,2688,2
301,2428,3
301,2959,1
300,1950,4
300,1247,2
300,1207,2
302,1408,4
890,1036,2
301,1911,1
301,2718,4
301,2599,1
300,1276,1
302,1584,1
302,1747,2
303,2750,2
303,1733,4
303,2712,1
301,2433,2
301,2722,1
301,223,2
302,348,4
302,161,4
302,39,3
301,2355,1
301,2710,2
301,2976,4
301,3298,1
302,1396,4
302,293,1
302,2329,4
303,3148,4
303,1721,4
303,1784,2
303,2291,4
303,205,4
302,3466,1
302,2291,1
302,1343,1
300,3354,2
301,2706,4
301,2699,2
301,2572,4
301,2683,4
302,1625,1
302,1449,2
302,778,3
300,3755,1
300,3512,3
300,648,2
303,1245,3
302,1678,4
302,3271,1
302,2391,2
302,1649,1
303,866,1
303,1670,2
300,3578,3
300,3753,4
300,3751,1
302,1923,4
302,1845,3
302,34,4
302,700,4
303,3176,3
303,1268,2
302,515,2
302,1673,4
302,1060,2
303,300,4
303,3071,2
300,3249,1
300,858,2
300,3555,4
300,919,2
302,2700,3
302,3147,1
302,1500,1
302,300,2
302,36,2
302,150,3
302,3006,1
303,1673,2
303,1639,3
303,1054,3
300,1461,2
302,529,3
300,110,1
496,2716,3
302,235,3
302,2542,2
303,2912,1
303,3246,2
302,25,1
302,2395,4
302,2959,1
302,32,4
302,1265,3
302,1393,4
303,1246,1
303,337,2
303,3098,1
302,2890,2
302,2580,2
496,21,4
302,1266,1
302,3160,4
302,2761,2
496,1682,3
303,529,1
303,3684,4
302,47,4
302,2396,2
303,1961,3
496,1517,2
496,1,4
302,246,4
302,3114,4
303,3360,3
303,2336,1
302,1358,1
496,150,2
302,296,1
496,3868,4
302,1,1
302,2997,1
303,2890,4
303,1300,2
303,2333,3
302,527,3
302,593,4
303,1393,1
303,1183,4
496,1333,3
302,318,4
301,2126,1
301,2389,3
496,2395,2
496,2918,2
303,1096,4
303,58,2
303,3260,1
303,1179,3
302,2383,1
301,2387,2
302,2382,3
302,2381,1
301,2616,1
496,1704,4
301,1918,3
302,2380,2
302,1381,1
302,2458,2
302,3693,1
302,3689,3
302,3692,4
303,1094,2
303,2289,3
303,1635,1
301,70,2
301,1711,2
301,2278,4
301,2231,3
301,1061,2
302,3392,2
302,2379,2
302,2471,3
301,112,4
301,198,2
301,2023,4
301,367,2
303,3424,3
303,994,1
302,3388,4
301,1805,4
301,1729,1
301,1396,2
301,22,4
302,2792,1
302,2717,3
302,1091,3
302,2374,3
301,47,2
301,866,2
301,2268,1
301,2391,2
301,1466,2
496,1097,3
302,2478,3
302,2378,3
302,2041,3
303,1095,2
302,2369,4
302,2072,4
303,3006,1
890,26,2
302,3385,4
302,2405,4
302,2794,1
302,2796,1
302,2375,4
301,6,3
301,2580,1
301,2692,2
303,1172,2
303,515,3
303,2248,2
302,2372,1
302,2413,4
302,2141,1
302,2054,3
301,1089,2
301,50,2
301,1213,4
301,1912,1
301,1617,1
301,296,1
496,2396,3
303,17,4
302,2416,3
496,1240,1
302,2261,1
302,2746,2
302,2001,4
301,1562,4
301,761,1
303,3783,2
303,2028,2
496,1197,3
303,1960,4
302,2003,1
302,2470,1
496,3114,1
301,1499,4
301,673,2
302,3087,3
302,2133,3
302,2081,3
302,3448,2
301,2,4
301,1591,4
302,2245,4
302,2371,4
302,2406,3
302,1958,3
496,1291,4
303,527,2
303,1362,1
301,1359,4
302,2423,3
303,2858,3
303,608,2
303,296,1
301,1544,3
496,2762,3
302,1220,1
302,3033,4
302,3740,2
302,2150,4
302,3039,1
302,2797,3
301,3489,4
301,1015,1
301,1917,1
301,1894,2
301,153,1
303,1946,2
302,2144,3
302,1965,3
302,1261,1
302,1257,2
302,2174,2
302,3543,4
302,2716,4
302,3398,1
302,1663,2
302,1270,4
302,2110,2
303,1224,1
301,2094,4
301,1552,3
302,1285,2
302,3210,1
302,1259,1
302,3552,3
301,434,4
301,1377,4
302,1079,3
302,3361,3
302,1197,1
301,2628,4
301,349,4
301,2617,3
301,736,3
496,2028,4
302,1288,2
302,1394,4
302,2918,4
302,2804,1
302,2791,3
302,3868,4
301,380,4
301,2046,3
301,986,2
301,1580,2
301,86,4
301,1615,4
301,480,2
301,733,3
301,2006,1
301,2916,2
301,590,3
496,2997,2
496,1136,2
302,3864,3
496,750,1
302,3273,4
301,3744,1
303,3865,2
496,1198,2
301,3755,1
301,3623,1
302,3752,1
302,3785,3
303,3188,2
303,1743,3
303,556,1
303,2064,4
302,3409,1
302,3882,2
303,602,1
303,246,4
303,1147,3
301,3752,3
302,3623,3
302,3301,1
302,3755,1
301,3535,1
301,3785,3
302,3513,4
302,3861,4
301,3301,4
301,3189,1
302,3948,1
301,3617,2
303,2710,2
302,3646,4
301,3286,3
890,802,3
302,3793,3
302,3753,4
302,3893,1
301,589,3
303,3897,2
302,3481,4
302,3751,4
302,3578,3
302,3916,3
302,3286,1
302,3897,4
301,3484,1
890,69,1
301,3409,4
301,3513,4
302,181,2
302,1556,4
302,1681,1
302,3268,3
302,3439,1
301,3624,1
301,3578,1
301,3751,4
301,648,2
301,3159,3
301,3753,4
302,2568,4
302,393,2
302,160,3
302,2153,4
302,71,4
302,1499,4
302,204,4
302,1562,3
302,1882,4
302,2701,1
302,2253,4
302,3705,2
302,420,1
302,172,1
302,1591,3
302,2986,4
302,1431,1
301,110,3
301,3176,4
303,3316,1
302,20,1
302,886,3
301,1210,2
890,3177,3
303,2861,3
303,3256,2
302,315,3
302,1590,1
302,405,1
302,546,3
301,265,4
301,1193,1
302,15,3
302,996,1
302,3208,4
302,44,4
302,1438,2
302,2808,1
302,1762,3
302,2549,2
302,1391,4
302,173,4
302,3841,3
302,423,4
302,1479,1
302,1100,1
302,2126,1
302,379,2
302,849,1
302,1690,3
302,208,1
302,9,4
302,548,3
496,161,1
302,153,3
302,786,4
846,648,1
302,3257,2
302,2616,3
302,1833,1
302,170,3
302,95,1
302,2881,1
302,1385,3
302,1377,2
890,1721,3
302,507,4
302,442,1
302,1432,2
302,1687,3
302,494,4
302,1544,2
302,353,3
302,70,2
302,2617,2
302,2826,4
302,434,2
302,517,4
302,376,2
302,2723,2
890,1876,1
302,1917,2
302,1876,4
302,2334,2
302,692,2
302,292,3
302,504,1
890,1917,1
302,2393,1
302,1608,4
302,511,4
302,3274,3
302,368,3
302,316,1
303,3578,4
302,648,3
302,3020,4
302,1616,2
302,2002,1
302,1488,2
302,1552,2
302,145,1
302,736,1
302,329,3
302,1597,3
302,1586,2
302,1769,4
302,1918,4
303,3555,1
303,3481,4
302,1049,3
302,10,3
302,2006,3
302,1047,3
302,1372,3
303,3357,1
302,349,4
302,198,4
302,1518,2
302,2167,2
302,1754,3
302,2427,4
302,1676,1
302,112,1
302,1866,4
302,1370,3
302,2699,1
302,3107,1
302,2058,1
302,3418,4
302,2763,2
302,2353,3
302,1573,2
302,380,1
302,2628,1
302,377,3
303,94,3
302,3256,4
302,1215,1
302,733,3
302,1580,3
302,474,4
303,3160,4
302,1610,4
302,480,3
302,2916,3
302,2278,1
302,21,3
302,1912,3
303,2677,3
303,2973,4
890,1494,4
302,110,4
302,6,2
302,2028,1
302,2571,3
302,457,1
302,2692,3
302,589,2
303,1187,2
303,1242,2
303,3526,3
302,1831,3
302,912,1
302,3309,2
302,3638,3
302,2100,1
303,1089,4
302,1210,3
302,453,2
302,383,1
302,2640,3
303,2966,4
303,2671,4
303,6,1
303,1123,3
303,597,4
303,1270,1
304,1783,4
304,3121,4
304,2008,2
304,707,1
304,3364,2
304,2987,1
304,1179,2
304,1748,3
304,2726,3
304,164,4
304,1069,2
304,3334,1
304,1248,3
304,1284,3
304,2066,4
304,1260,1
304,942,3
304,913,4
304,3435,3
304,1252,1
304,3683,3
304,273,4
304,681,4
304,2940,3
304,1617,2
304,2648,2
304,1223,2
1546,490,4
716,875,4
716,1266,1
716,628,2
716,1,1
443,1307,2
443,969,1
716,47,1
716,2329,1
716,1411,2
716,1213,1
716,527,2
716,720,1
716,593,1
716,1617,2
716,1089,3
716,296,1
716,73,4
716,1873,2
716,50,4
4600,2713,1
2272,3751,4
1812,2990,2
1812,3851,1
305,1760,3
305,829,4
305,1381,4
305,327,1
305,1772,4
305,48,2
305,2088,3
305,1688,2
305,1030,2
305,3142,3
305,1380,3
305,1031,2
305,1088,2
305,2877,3
305,3675,2
305,783,3
305,2099,4
305,346,1
305,588,4
305,2087,1
305,2946,3
305,595,1
305,2394,4
305,1035,2
305,1947,2
305,551,1
305,1028,2
305,2096,2
305,2863,2
305,1220,4
305,1282,4
305,2565,3
305,594,1
305,1288,1
305,919,3
575,592,4
305,1328,3
305,1996,1
305,2464,4
305,2516,3
305,2368,2
575,1291,2
575,858,4
575,1036,3
575,1198,2
575,1197,1
305,2614,3
305,1984,1
305,2119,4
305,2548,4
305,2903,1
305,1981,2
305,1980,4
305,2514,3
305,1993,4
305,1979,4
305,3663,1
305,1990,4
305,1862,2
305,1972,4
305,1978,2
305,2113,3
305,2107,2
305,2338,1
305,2868,2
305,2448,1
305,2606,2
305,3024,4
305,2995,3
305,1988,1
305,1971,3
305,2719,4
305,1644,2
305,2122,3
305,3838,1
305,3709,4
305,2121,4
305,1991,1
305,1970,1
305,1973,1
305,1983,4
305,2513,1
305,1975,1
305,742,3
305,3839,3
305,3696,4
305,2517,2
305,2717,4
305,3837,1
305,2004,4
305,2120,1
305,842,1
305,332,2
305,1327,3
305,2163,1
305,3708,1
305,3660,1
305,2428,2
305,366,4
305,177,4
305,2976,3
305,1332,1
305,2900,3
305,2787,3
305,2898,3
305,2613,1
305,512,4
305,1717,1
305,3928,2
305,2901,4
305,3264,2
305,1974,3
305,1690,4
305,1339,3
305,2633,3
305,2747,2
305,2782,4
305,3081,1
305,532,3
305,2746,4
305,1130,3
305,253,3
305,2617,2
305,2713,2
305,1337,2
305,1407,1
305,1345,1
305,3693,3
305,2710,1
305,3018,3
305,1982,1
305,799,2
305,2118,3
305,3499,3
305,2003,1
305,2455,3
305,1350,2
305,2657,2
305,1321,4
305,1261,3
305,1994,2
305,2160,4
305,1997,1
1752,373,4
1752,3683,3
305,1258,1
305,2664,3
305,1219,1
305,2716,3
1752,1124,3
305,2648,1
305,1333,4
305,1214,1
305,3930,3
305,2366,4
305,2288,4
305,1387,1
305,1278,4
305,1215,2
1752,3168,1
305,606,1
305,260,4
305,1027,2
305,2693,1
305,1987,1
305,2629,1
305,3045,2
1752,587,3
1752,2410,4
1752,2997,1
575,3606,1
1752,2355,2
1752,1,4
1752,2139,1
1752,1097,4
1752,2642,2
1752,3387,2
1752,162,3
5044,2081,2
5044,1081,1
5044,1035,3
5044,3566,3
5044,3108,3
5044,1923,1
5044,2384,3
5044,1641,1
5044,223,3
5044,1265,1
5044,2396,1
5044,1500,1
5044,2696,1
5044,1537,1
5044,2355,2
525,1219,2
525,1214,4
2593,2280,1
2018,2829,2
306,996,4
306,553,3
1077,3539,3
306,2571,4
306,589,3
306,296,3
306,50,2
306,3512,4
306,1923,4
306,1784,3
306,1887,2
306,3534,1
306,3301,4
306,3821,3
306,3535,2
306,3511,3
306,3948,4
306,2060,1
306,2890,2
1113,1218,4
306,3147,1
306,3578,4
306,2706,3
306,2236,4
306,2858,4
306,2700,2
306,2918,1
306,1197,2
911,2688,1
306,3861,4
911,2712,1
454,2826,1
911,2605,4
911,2433,1
306,1210,1
306,2762,1
454,593,4
306,1805,2
454,1772,2
911,3155,4
454,2959,2
454,2599,4
454,2881,2
454,2770,3
454,2710,3
454,2707,3
454,2794,1
454,2406,3
454,3809,4
454,2390,1
454,532,1
454,2779,1
454,2657,1
454,2150,3
454,2867,1
454,1405,4
454,3108,3
454,3869,2
454,2746,4
454,2371,1
454,2081,1
454,2124,1
454,2109,1
454,471,1
454,562,4
454,2282,3
454,3174,4
454,3060,4
454,1285,4
454,2318,1
454,1073,2
454,1500,2
454,1968,2
454,1885,3
454,1278,3
454,2788,1
454,3868,2
4126,1205,3
4126,2450,2
4126,2161,3
4126,3397,2
4126,2005,4
4126,2141,4
4126,2139,4
4126,2081,3
4126,1967,1
4126,2253,4
308,3747,2
308,648,4
308,3793,2
308,3751,3
308,2360,4
308,3320,3
308,905,2
307,2745,4
307,457,4
307,2791,1
307,3499,3
307,1948,1
307,1259,4
307,1785,2
307,1704,1
307,1172,2
307,3406,3
308,919,4
307,593,4
307,3147,2
307,1222,4
308,918,1
307,2997,3
307,1214,4
307,1997,1
307,1080,4
307,1344,3
307,1,3
308,1281,4
307,3359,1
308,1940,3
307,2890,4
307,3196,4
308,946,1
308,953,2
2882,3148,1
307,3872,4
307,589,2
308,3061,3
307,1028,1
307,3169,3
307,1278,1
307,1208,2
2882,3317,4
307,1933,2
307,1226,4
307,515,2
308,3095,3
307,921,2
307,3543,3
307,1358,4
307,529,4
307,509,2
307,1333,3
307,1964,3
307,3152,4
307,2291,2
307,1103,4
307,3548,1
307,3932,3
307,1022,3
307,1287,1
307,3362,1
307,2761,2
307,2080,3
307,1299,2
307,2648,3
307,1946,2
307,3132,2
307,1956,1
307,1238,1
307,3364,1
307,1945,1
307,1941,3
307,1282,2
307,2070,4
307,1069,4
307,1296,3
307,1938,1
307,1947,2
307,1292,4
307,2729,1
307,943,3
307,902,3
307,2565,1
307,1090,1
307,3545,4
307,914,2
307,1304,1
307,318,3
307,965,4
307,800,3
431,593,1
307,3100,1
307,2973,2
307,2130,3
307,1228,3
307,1231,2
431,1213,2
307,3681,3
307,1272,1
307,3334,1
307,3852,2
307,162,4
307,929,4
307,594,3
307,3468,1
307,1931,4
307,541,3
307,916,4
307,2726,2
308,1212,1
308,923,1
308,912,1
308,913,1
307,954,3
307,608,3
307,2804,1
307,1198,1
307,1694,1
3592,3948,4
307,1217,1
307,3801,4
307,1952,1
307,2858,4
307,1193,2
307,549,4
3592,3911,3
307,2010,1
307,927,1
307,918,4
307,1262,4
307,3090,1
307,928,2
307,955,2
3592,3481,2
307,1276,2
307,905,4
308,1016,3
307,1247,4
307,920,1
308,934,2
307,1235,4
307,930,3
307,3133,4
307,111,3
307,50,1
307,2762,2
307,1251,2
308,1032,1
308,2096,3
307,919,4
307,3683,2
307,1942,3
307,1206,3
307,1939,1
307,1294,4
307,2300,4
307,678,3
307,2289,4
307,1281,4
307,3929,1
307,1256,3
307,1084,3
307,3467,3
307,926,2
307,3789,4
308,915,1
3592,1425,3
307,1617,1
307,942,1
307,1944,2
2376,2699,1
308,2080,1
307,969,1
307,1233,1
307,2664,3
307,3469,2
307,1221,4
307,1254,3
307,898,3
307,1148,2
2376,1608,4
307,3629,3
307,527,4
307,36,4
307,3093,2
307,1207,1
307,1280,2
307,1104,3
308,900,2
307,3310,1
307,945,2
307,899,1
307,3811,2
307,3224,2
307,745,2
307,1267,3
307,1219,4
307,904,3
308,899,1
308,2186,3
307,1189,4
307,1284,3
308,908,3
307,750,3
307,3462,2
307,1212,2
308,904,2
308,903,3
307,3730,1
307,858,4
307,908,4
307,912,2
307,2019,2
307,3307,4
307,1252,4
307,1927,2
308,3633,2
308,1010,1
307,3435,2
308,2993,4
308,2946,3
308,1013,4
308,1028,2
308,1025,2
308,2085,3
308,3668,2
308,2948,3
308,1035,3
308,2870,3
308,3168,4
308,2949,1
308,902,3
308,2764,3
308,2863,3
308,2947,2
308,1947,2
307,2028,1
307,2018,3
307,2109,1
307,595,1
309,2322,3
309,3326,1
308,1344,4
2478,1682,1
309,1779,2
309,185,2
308,2944,4
308,1333,2
308,1201,3
308,3654,3
309,1603,2
309,3697,1
308,1952,4
308,1247,1
308,1304,2
309,2054,2
308,924,2
308,1084,1
309,1690,3
309,1544,1
308,2728,1
308,1207,2
308,1276,3
308,1267,1
308,750,4
308,1219,1
308,1262,3
308,3468,1
309,1917,4
309,442,3
309,2699,4
309,788,1
309,1320,3
309,2393,1
2478,2393,2
308,2796,2
308,3033,3
308,2517,1
308,3525,3
2478,329,3
309,1356,4
308,2641,1
308,2472,3
308,2376,1
308,2416,4
309,3698,3
309,2407,4
309,780,2
308,3698,2
308,2054,2
309,2455,4
308,2453,4
308,3478,1
308,1587,4
309,1527,2
309,1748,2
309,1580,3
308,2989,4
308,2990,4
308,3704,1
309,2985,4
309,1909,4
308,1135,2
308,3197,3
308,1033,3
308,3844,1
309,1653,3
308,3087,2
308,3444,1
309,1584,4
309,2916,4
308,1378,1
308,3684,3
309,1270,2
309,1097,2
308,1101,4
308,1347,2
308,2133,3
308,3398,4
308,2005,3
308,2470,1
308,2003,2
308,2193,2
308,2311,3
309,589,3
309,2571,2
308,3591,3
308,2081,3
308,2734,2
308,2414,4
308,2407,3
308,2134,2
309,1639,1
308,2115,1
308,2150,3
308,2420,4
308,2145,2
308,2474,1
308,3701,4
309,1625,2
309,3255,1
308,2001,2
308,2406,3
308,3397,4
308,2371,3
309,3671,3
309,1370,3
308,2011,1
308,3740,4
308,3448,1
309,1266,1
308,3101,1
308,3608,3
308,1298,2
308,2750,2
309,2058,4
308,2065,1
308,2100,1
308,3699,1
309,474,4
308,1994,3
309,1997,1
308,2985,4
308,3552,2
308,2797,1
308,2423,4
308,592,2
308,3039,2
308,2144,4
308,3072,3
308,1663,1
309,1968,2
308,1257,3
308,2987,3
308,2174,4
308,2000,3
308,3527,4
308,2194,4
308,1302,2
308,2064,4
308,3104,1
308,1962,3
308,1079,2
309,805,4
309,150,1
309,1961,1
309,2687,1
308,1674,1
308,1227,2
308,1097,3
308,1968,4
309,2987,4
309,695,4
308,2918,3
308,1127,4
308,1285,2
308,1246,4
308,2791,1
1988,2613,4
1988,2012,1
1988,3698,3
308,2915,2
308,1374,4
308,1291,3
308,1961,2
308,1090,4
1988,2641,4
308,3703,4
308,1231,4
308,3098,3
1988,1573,4
1988,2640,4
308,1222,1
308,3543,3
1988,1527,2
308,2716,4
309,2353,4
309,628,1
308,3360,2
308,1240,1
308,1200,3
308,1197,3
308,1199,4
308,2804,4
308,1394,3
308,1270,1
309,1729,1
309,293,4
1988,2528,3
308,541,1
309,34,3
308,1228,4
309,3527,2
309,778,4
308,1036,1
1988,2455,4
308,1198,4
308,1196,1
1988,1965,3
309,2291,2
1988,2117,4
309,350,2
1988,1270,2
1988,1077,2
1988,1175,4
309,475,1
308,1388,2
308,3781,4
309,1127,4
309,1080,4
308,1371,4
308,3782,2
308,1009,4
308,2409,4
309,1201,1
308,3672,4
1988,938,3
308,3032,1
308,2013,1
308,2091,2
308,3638,1
2478,947,3
308,3066,4
309,1598,3
309,1923,4
308,1031,2
308,2991,4
308,3635,2
308,3639,3
1988,2902,1
309,1446,1
308,2640,2
308,3671,2
308,2109,3
308,1350,3
327,3946,3
309,3654,3
308,1077,2
1988,338,2
1988,3063,1
308,3760,2
327,3943,2
308,1982,1
308,1078,3
308,1073,3
308,1954,3
1988,1831,1
308,3152,1
308,3471,2
308,1294,2
308,2932,3
308,3363,2
308,2871,2
309,2959,3
309,1957,3
1988,415,2
1988,3758,2
308,1278,3
308,2819,3
308,1230,2
308,3421,3
308,1272,2
308,3362,4
308,1387,3
308,1234,4
309,3948,2
308,1953,3
308,3741,3
308,1208,1
308,3730,4
1988,3686,3
309,1265,2
309,1293,4
309,1682,4
1988,288,3
1988,2600,1
308,1214,3
308,111,2
308,858,3
308,1193,1
308,1252,3
308,1221,3
1988,2707,3
309,2918,2
1988,454,2
308,1976,4
308,891,2
308,1977,3
1988,481,3
1988,733,1
308,611,2
309,457,1
308,2792,4
308,1544,2
308,277,1
310,1197,4
310,1196,4
310,260,4
1988,2490,1
1988,3535,3
1988,490,2
1988,1722,4
1988,3755,2
1988,2551,2
1988,2346,1
1988,3420,1
310,3753,2
1988,1370,4
1988,3510,3
1988,1264,4
309,2396,2
1988,2212,3
1988,3546,4
1988,2176,2
1988,1994,1
308,3755,4
309,2324,2
1988,3505,1
308,3512,3
308,3538,1
309,1089,2
309,2997,1
308,144,4
308,524,3
308,3917,4
309,1704,3
309,1200,3
309,1036,3
310,1826,1
308,1466,1
310,1822,3
310,1707,1
308,551,3
310,2720,1
310,1359,3
310,1489,2
310,2953,1
310,3439,4
308,3578,1
308,2160,4
310,609,2
310,2053,1
310,2036,4
308,1282,2
308,1250,3
308,2858,2
308,1248,1
310,484,4
310,1474,4
310,502,4
310,455,3
310,1702,3
1988,1023,2
1988,2102,4
309,1240,3
310,126,4
310,1588,1
310,169,4
310,2142,2
310,355,2
1988,745,4
1988,1148,4
309,223,2
310,575,4
310,3438,1
310,1021,4
310,1460,1
309,2028,1
308,3910,4
309,1193,1
309,2762,3
310,107,4
310,801,2
310,1015,3
310,2082,3
308,3943,3
308,3897,4
308,3911,2
310,2,1
310,2052,2
310,586,1
310,3157,1
310,2709,4
310,1367,2
309,1197,1
309,1912,2
310,421,3
308,1210,3
308,3763,3
308,150,4
308,260,3
308,2295,3
309,1213,3
309,2858,4
310,3615,2
310,3754,3
309,608,2
310,3054,3
309,2804,4
310,631,4
310,1405,3
310,48,3
310,2354,1
310,1920,4
310,1688,1
310,783,1
310,2089,4
310,661,2
309,50,4
309,1617,2
309,3307,1
310,2876,2
310,3844,3
309,858,1
309,318,4
309,1631,2
310,1914,2
310,351,3
310,180,4
310,2294,2
310,1407,2
309,480,3
309,370,4
309,502,1
309,527,1
309,1198,2
310,2059,1
310,551,2
310,1517,3
309,3868,3
310,3255,2
310,524,2
310,1487,3
310,1923,4
310,3723,4
310,562,2
310,2083,2
310,588,1
310,104,2
310,595,2
310,364,4
310,367,4
310,2622,3
310,1271,4
310,3148,3
310,3253,3
310,2324,1
310,1682,3
310,1694,3
310,2336,1
310,1411,1
310,1784,2
310,628,4
310,3100,3
310,2687,1
310,2355,3
310,1797,2
310,3418,1
310,2580,1
310,2571,3
310,589,1
310,3114,3
310,1233,2
310,1,2
310,2762,3
310,531,2
310,2761,4
310,593,3
310,608,1
310,527,3
310,1873,3
310,2906,1
310,1453,2
310,1593,1
310,3,4
310,2385,1
310,1100,4
310,804,1
310,1409,4
310,2724,1
310,276,4
310,2485,1
310,207,2
310,2506,2
310,2297,3
310,1339,4
310,353,2
310,3081,2
310,361,2
310,1888,4
310,2424,2
310,380,1
310,362,4
310,543,4
310,2340,2
310,252,1
310,2581,1
310,1735,3
310,1569,2
310,7,2
310,105,4
310,1722,2
310,1821,1
310,802,1
310,2671,4
310,1059,2
310,597,2
310,11,3
310,708,1
310,539,3
310,222,3
310,2125,4
310,1408,2
310,1721,1
310,356,4
310,357,4
310,497,2
310,39,3
310,1393,3
310,377,2
310,17,1
310,1639,1
310,1265,3
310,2396,2
310,2150,1
310,1207,4
310,1203,2
310,3461,1
3112,2108,1
3112,1610,1
3112,1356,2
3112,2268,4
3112,1296,1
3112,300,4
3112,457,4
3112,778,3
3112,1277,4
3112,1584,1
3112,1500,3
3112,1206,4
3112,1449,4
3112,2025,2
3112,3147,3
3112,1393,1
3112,1259,3
3112,47,4
3112,296,2
3112,924,3
3112,1265,3
3112,549,1
3112,150,2
3112,3461,3
3112,3360,3
3112,2329,1
3112,1249,1
3112,1213,3
3112,2248,4
3112,1219,1
3112,25,3
3112,29,2
3112,306,3
3112,3148,2
3561,1371,3
3112,2677,2
3112,593,4
3112,858,4
3112,1260,1
3561,3639,4
3561,3635,2
3561,2991,4
3561,2527,4
3561,3702,1
3561,2640,3
3561,858,4
3561,1221,3
3561,260,2
3561,1214,1
3561,1387,2
3112,923,3
3112,1419,2
3112,318,2
3112,3912,4
3561,2792,4
3561,3515,2
3561,2160,4
3561,648,4
3561,3755,1
3561,490,3
3561,3513,1
3561,3793,3
3561,3555,4
3561,3753,2
3561,551,1
3561,3510,1
3561,1129,2
3561,1466,4
3561,3675,1
3561,480,4
3561,2948,3
3561,3481,1
3561,3751,4
3561,2791,4
3561,1250,4
3561,1249,3
2097,175,4
3561,3948,1
3561,3893,3
2446,440,4
2446,3052,3
2446,3114,4
2446,1,3
2446,2384,4
2446,1812,2
2446,34,1
2446,1456,2
2446,3646,3
310,3481,4
310,780,2
310,1801,2
310,1680,3
310,1835,4
310,343,3
310,2279,2
310,2107,3
310,2012,3
310,2011,1
310,480,4
310,1544,4
310,719,3
310,953,2
310,2717,1
310,2716,4
310,587,4
310,1088,3
310,3791,2
310,2629,4
310,2248,2
310,62,2
310,1917,4
310,1882,3
310,2081,2
310,919,2
310,2918,2
310,1968,2
310,3189,4
310,2447,2
310,1895,1
310,3156,1
310,1704,4
310,337,3
310,1399,1
310,1441,3
310,1073,3
310,3565,4
310,3623,2
310,2858,1
310,3617,3
310,2806,3
310,1246,4
310,2572,3
310,700,4
310,1270,4
310,2088,2
310,2236,4
310,2628,3
310,1777,4
2116,86,1
2116,2763,3
2116,2806,2
2116,2840,4
2116,2841,3
2116,2961,2
2116,2670,3
2116,2093,3
504,2448,4
2116,2906,1
2116,2598,2
2116,2013,2
2116,3219,3
312,3011,3
312,3617,1
312,73,4
2116,2526,4
311,296,1
312,3105,4
312,1694,4
312,2920,1
311,3623,3
311,648,4
311,1544,2
311,480,4
312,1292,2
311,2965,2
312,1234,4
312,1084,2
311,2115,4
311,1291,1
312,2313,1
312,1228,1
312,222,1
311,3156,1
312,3363,3
312,1956,3
311,1704,4
312,260,2
312,2762,4
312,1077,2
312,3735,3
312,1953,4
2116,2369,2
311,1246,4
312,1208,2
312,17,4
312,1582,4
312,1188,4
312,1419,3
312,296,4
312,246,1
312,36,1
312,1276,1
2116,3790,1
2116,2154,2
311,527,3
312,1247,4
311,1968,3
311,2762,4
311,1210,1
311,1721,2
312,1090,3
312,919,2
312,1244,4
1252,3809,1
312,3006,3
312,1262,1
312,50,1
1252,1617,4
312,1225,2
312,1957,2
312,2019,3
312,608,2
1252,1,1
329,1228,1
1252,527,2
1252,593,4
329,2701,1
329,708,3
312,2858,4
312,593,3
312,2357,2
1252,318,1
312,1299,4
329,3176,2
329,324,4
1252,2712,1
312,3811,2
312,3730,1
329,2628,4
312,1217,3
312,318,4
312,1280,2
329,2396,3
329,2391,2
312,3872,2
312,3307,2
312,2925,4
329,3893,2
329,2506,4
329,800,3
329,2324,4
329,1393,3
329,1617,3
329,46,3
329,2558,1
312,110,2
312,3360,2
329,3408,1
312,2890,1
329,165,4
312,3189,4
312,788,1
312,1193,1
329,222,3
313,3578,1
329,3535,4
329,748,3
329,2294,1
329,1917,3
329,1320,3
329,1690,2
329,1996,2
329,1995,1
329,1499,3
313,3354,3
329,519,1
313,2657,2
329,3113,1
329,2719,3
329,2468,3
329,2338,4
329,742,2
313,648,1
313,1466,3
313,480,3
313,70,4
329,185,2
313,3555,1
313,2948,1
329,415,2
329,3764,2
313,3751,1
313,551,3
313,2791,4
329,3249,3
329,1515,2
313,3786,2
313,3793,2
313,2858,1
313,3481,3
329,786,4
329,76,3
329,95,2
329,1717,2
329,2713,4
329,2806,4
313,1282,4
313,1248,1
329,89,3
329,1552,1
329,3697,2
329,2707,4
329,2803,3
329,376,1
329,3005,3
329,292,3
329,2617,4
329,521,3
329,1620,3
1252,3717,1
329,2840,1
329,1608,1
329,1798,2
329,1573,2
329,2273,4
1252,3512,1
329,1616,1
329,832,1
329,454,2
329,3706,2
329,1876,3
1252,3534,1
1125,2908,3
1125,122,3
329,494,1
329,1407,4
329,230,2
329,2551,3
313,2732,1
313,3101,2
314,3548,4
329,2841,3
329,2353,1
329,2184,4
329,350,3
314,230,1
314,1694,4
313,3186,4
313,1268,2
313,1961,4
1125,1673,1
329,1129,4
329,3763,3
314,1946,3
314,2268,1
314,337,1
314,2312,1
314,3330,2
314,1050,4
329,1370,1
313,2219,1
329,3256,1
329,1625,4
329,3505,1
329,1264,3
329,2160,3
329,1653,1
329,1994,2
329,1834,2
313,1210,1
313,940,1
314,3451,1
329,1343,1
314,3379,1
314,3360,4
329,2917,2
1125,2917,3
314,1964,3
329,1036,2
314,1213,2
314,36,1
314,948,1
314,982,3
329,924,1
314,73,4
314,1097,4
329,1381,2
314,3359,4
314,1296,1
329,1380,4
329,1088,2
314,1393,1
329,1416,2
314,1246,2
329,1057,3
329,2135,3
329,1951,1
329,2078,2
329,2746,1
329,1298,4
329,1029,3
314,2067,4
314,3350,2
314,3260,3
314,1682,1
314,1960,4
329,1081,2
329,1035,2
314,3685,1
314,908,3
329,1220,2
329,914,4
314,1678,2
314,1955,2
314,1674,3
314,3546,4
329,1947,1
329,2971,3
329,2300,1
329,1288,3
314,3100,1
314,1277,2
329,1282,1
314,2289,3
314,3068,4
314,909,3
314,3363,1
314,3871,4
329,1179,1
314,3801,2
314,314,4
329,3752,1
314,2020,3
314,1259,3
314,2728,1
329,3301,2
314,1203,1
314,3471,3
314,272,1
314,2501,1
314,1954,4
314,1247,1
314,3098,2
314,1873,2
329,1453,4
329,1556,2
329,461,3
329,3705,4
314,1961,2
314,3196,3
329,3004,1
329,2822,3
329,2485,4
314,1957,1
314,265,2
314,150,1
314,1944,2
314,3475,3
314,2858,1
329,804,2
314,608,2
314,3038,2
329,1353,4
329,1541,3
329,736,1
329,2316,1
314,1207,2
314,1299,4
329,3,2
329,3528,4
329,1894,3
314,1250,3
314,593,2
329,2875,1
329,691,2
314,912,2
314,1950,1
329,2581,3
329,550,1
329,224,2
329,2297,4
314,527,4
314,923,4
314,2996,2
329,468,3
329,1457,4
329,252,3
329,1777,4
314,3152,3
329,802,2
329,2331,1
329,2572,2
329,1835,1
329,539,3
329,2721,2
329,2496,1
329,2671,4
329,266,1
329,440,3
329,597,2
329,2385,3
329,1535,4
329,3081,3
329,2424,4
314,808,1
314,260,1
329,1569,4
329,3358,2
329,380,4
329,377,3
329,11,2
314,1358,4
314,920,2
329,58,4
329,534,4
329,587,4
329,151,1
329,1183,3
329,3108,1
314,2108,4
329,357,3
329,2029,4
329,2291,1
329,342,1
329,1094,1
329,2502,4
329,367,4
329,3466,4
329,2,2
329,317,4
329,3438,4
329,1920,2
329,1907,3
329,783,3
329,2687,1
329,558,4
329,1566,2
329,661,4
329,364,2
329,595,1
329,588,3
329,2761,2
329,2081,1
329,2987,1
1421,1088,1
1421,2195,2
1421,3000,2
648,3624,2
439,377,1
439,1580,2
439,2353,4
439,3256,1
439,380,1
439,480,1
439,589,2
439,1610,2
1125,2630,3
1125,2384,3
1125,2706,4
1125,2505,2
3995,3793,3
549,1495,4
549,3434,1
549,2170,1
549,546,2
549,3268,1
549,15,3
549,3705,2
549,3841,3
549,204,3
549,3208,1
549,786,3
549,485,4
549,3438,2
549,2540,2
549,442,4
549,9,4
549,494,3
549,303,1
987,1810,3
454,1245,1
454,3052,2
454,1639,2
454,180,2
454,2763,2
316,1037,2
316,2532,2
316,1373,3
316,2232,3
316,2012,2
316,3923,2
316,2054,4
316,2346,1
316,2615,3
316,2256,2
316,1544,2
316,1371,4
316,2311,4
316,1320,3
316,2454,2
315,277,3
316,1690,2
316,3638,4
316,1334,2
316,3070,2
316,2046,3
316,2393,3
316,1876,4
316,2105,4
316,1676,3
316,24,2
315,951,4
315,3751,2
316,1375,1
316,2985,3
316,3927,2
315,1544,2
316,2533,4
316,2528,4
316,1527,1
315,3555,4
315,2948,3
316,1019,4
316,2407,1
316,780,2
316,2009,1
316,1372,1
316,1573,4
316,1376,3
316,3527,4
316,2916,4
316,1909,2
316,2455,2
315,2414,4
315,1086,2
315,950,1
315,1964,2
315,2467,4
316,2661,1
316,1580,4
316,2021,4
316,3704,1
316,480,2
316,2640,4
315,1269,4
315,903,2
315,1212,2
316,3702,1
316,2140,2
315,924,3
315,904,4
316,1127,3
316,32,3
316,1584,2
316,2968,2
316,2662,1
316,1200,4
316,924,2
315,3753,2
316,2571,2
316,1097,3
721,3895,1
316,1253,4
316,750,4
316,1270,2
316,1196,2
316,1214,4
316,260,3
316,589,4
316,541,1
315,1193,1
315,3500,3
315,1196,3
315,920,1
315,480,2
721,1381,1
721,2950,3
721,2259,2
721,2146,1
721,3394,2
721,2405,3
721,3206,2
316,3354,2
1219,2019,4
316,3555,3
316,648,2
316,3755,2
721,2415,3
721,3684,4
721,2145,3
721,3524,4
721,1101,3
721,2469,1
721,1959,1
316,3578,3
721,3699,1
316,1954,4
316,2028,3
721,1996,3
721,2121,4
721,1995,1
316,2817,3
316,1210,4
721,2419,1
721,2475,4
721,3708,2
721,2802,1
316,3697,3
721,2468,1
721,2263,4
721,2956,1
721,3706,2
721,2753,3
721,1129,3
721,2118,2
721,3505,1
721,1227,1
721,3102,3
721,3763,2
721,1994,3
721,3527,2
721,2110,3
721,1036,2
721,1200,2
721,1127,2
721,427,3
721,1711,3
721,695,4
721,1689,4
721,451,2
721,3386,3
721,2686,2
721,2583,3
721,1179,2
4937,3914,4
721,1894,3
721,2429,1
721,158,4
721,2094,4
721,986,3
721,590,2
721,1015,4
721,1887,3
721,544,2
721,3697,1
721,204,4
721,168,3
721,548,3
721,198,3
721,1480,2
721,1667,3
721,507,2
721,552,2
721,3020,1
721,1429,1
721,2058,4
721,6,1
721,160,4
721,2448,4
721,338,3
721,256,4
721,435,2
721,24,4
1962,3894,2
721,32,4
721,3269,2
721,442,3
721,2393,2
721,2699,1
1962,919,2
721,1584,4
721,1387,1
721,1388,2
987,1136,2
721,3101,3
721,2369,4
721,1888,1
721,122,3
721,1457,4
721,2718,4
721,351,1
721,1854,3
721,516,1
721,743,3
721,1864,1
721,691,1
721,1461,1
721,453,2
721,2052,2
721,186,1
721,2861,1
721,1513,4
721,5,2
721,586,3
721,3712,1
721,344,2
721,2431,2
721,1541,3
721,3614,4
721,1020,3
721,339,4
721,3869,4
721,1821,4
721,562,1
721,141,3
721,3261,3
721,471,4
721,1414,1
721,2671,1
721,2502,3
721,45,4
721,1550,1
721,1517,4
721,21,3
721,52,4
721,231,2
721,1923,1
721,2324,2
721,605,1
721,2108,3
721,1862,4
721,2026,1
721,2428,4
721,724,2
721,2995,4
721,196,2
721,273,3
721,188,1
721,1690,1
721,1342,4
721,2793,4
721,1655,4
721,382,4
721,3264,4
721,2120,3
721,879,3
721,253,1
721,3499,4
721,3476,3
721,3081,3
721,3844,3
721,2558,3
721,3826,4
721,2497,4
317,3471,3
317,912,4
721,2316,3
317,1269,3
317,3929,3
721,2581,2
317,1294,1
721,2236,1
317,1252,3
721,3908,4
317,3421,3
317,260,2
317,1136,3
721,1240,2
721,260,3
317,1961,1
317,2804,1
317,1962,4
317,1957,1
317,1097,2
317,1225,3
317,1196,2
317,3638,4
317,2000,2
317,1193,2
317,3552,1
317,595,4
987,2359,1
2114,3909,4
2114,3616,2
329,1265,1
329,1873,4
329,3114,3
329,1180,4
405,2996,3
1724,2797,3
1724,804,1
1724,2710,3
1724,42,2
1724,1246,2
1724,1917,4
1724,1954,4
1724,2411,3
1724,2409,4
1724,2410,1
1724,1185,1
1724,2001,3
1724,2000,2
1724,1598,3
1724,2445,2
1724,640,3
1724,193,1
1724,2269,1
1724,1918,2
1724,436,2
1724,2002,2
1724,2024,4
1724,3500,3
1724,268,3
1724,1727,4
1724,1366,3
1724,1620,4
1724,292,4
1724,617,1
1724,297,2
1724,361,1
1724,1487,4
1724,230,3
1724,22,1
1724,1060,3
1724,475,2
1724,454,4
1724,280,2
1724,3386,4
1724,524,2
1724,2433,2
1724,647,2
1724,1672,3
1724,281,3
1724,1120,1
1724,628,3
1724,300,2
1724,3148,1
1724,1747,1
1724,2427,4
1724,778,4
1724,2268,3
1724,1354,3
1724,381,4
1724,3147,2
1724,431,3
1724,3100,3
1724,1653,4
1724,150,1
1724,1784,3
1724,36,3
1724,1704,3
1724,608,2
1724,508,2
1724,1729,3
1724,21,3
1724,1291,4
1724,2115,3
1724,1196,3
1724,260,1
1724,2628,2
1724,2950,2
1724,1088,3
1724,2100,2
1724,1172,4
1724,1210,1
1724,122,2
1724,207,2
1724,287,1
1724,736,4
1724,1409,4
1724,550,2
1724,1479,1
1724,1475,1
1724,1888,4
1724,802,1
1724,224,4
1724,2875,2
1724,788,1
1724,2340,3
1724,1835,2
1724,708,2
1724,249,1
1724,2006,1
1724,1441,4
1724,2424,3
1724,498,3
1724,7,2
1724,39,2
1724,2671,4
1724,587,3
1724,1339,1
1724,597,2
1724,1721,4
1724,151,1
1724,3259,4
1724,357,2
1724,11,2
1724,1408,4
1724,509,2
1724,356,1
1724,25,1
1724,1393,2
1724,265,2
1724,866,2
1724,293,4
1506,539,4
1724,1777,4
1506,2054,3
1506,2641,4
1506,1485,2
1506,780,4
5412,68,2
5412,1073,3
5412,3253,3
5412,594,3
5412,441,2
5412,551,1
5412,1641,2
5412,347,1
5412,1923,2
5412,1079,2
5412,25,3
996,1704,4
5412,1270,3
5412,2745,1
996,2693,1
5412,1132,3
5412,223,4
5412,1255,1
5412,34,2
5412,919,1
996,3355,4
5412,1304,4
996,3623,4
996,3452,4
996,3744,4
996,3298,4
996,3185,2
996,3408,2
5412,923,4
5412,1221,4
1506,1552,4
1506,1375,4
5412,3006,1
996,2753,2
996,3101,3
996,160,3
996,1591,4
996,2986,1
996,1779,4
996,196,3
996,1917,1
996,1544,4
996,748,3
996,1603,2
996,2672,2
996,1396,3
1506,2012,2
1506,500,3
1506,3060,4
1506,1676,4
1506,1721,3
1506,2115,1
1506,2058,3
1506,3255,3
4508,3745,3
4508,3300,1
1889,3181,3
1506,1608,1
1506,2394,3
1889,805,1
1889,3608,3
1889,2734,3
1889,2245,3
1889,2401,4
1889,180,4
1889,848,4
1889,1500,1
1889,368,3
1889,3256,4
1889,2463,1
1889,380,3
1889,3763,4
1889,3448,3
1889,3480,4
996,3102,1
1010,3481,4
1889,163,3
996,3203,4
1889,2124,3
1889,2952,2
1889,2406,1
1889,1125,2
996,2841,3
996,587,2
996,1994,4
996,3505,2
1889,2161,1
1889,1370,2
1889,1356,3
1889,1285,1
1889,2797,2
1889,1257,2
1010,2908,3
1889,3060,2
1889,425,1
1889,3704,3
1889,3635,4
1889,3020,2
1889,194,1
1889,2243,2
1889,2076,4
1889,2745,2
1889,1594,1
996,1967,1
1889,3793,4
1889,1748,2
1889,1297,4
1889,3083,3
996,2470,4
1889,1670,4
1889,2159,4
1889,1302,2
996,590,1
1889,1372,3
996,2617,1
996,1690,1
996,1320,3
996,1049,2
996,442,4
1889,3044,2
1889,357,4
1889,1639,3
1889,3246,1
996,2625,4
996,3697,2
996,353,1
996,494,3
996,292,4
1889,1376,1
1889,1080,1
1889,3148,2
1889,535,3
1889,3347,3
996,2094,3
996,517,1
996,329,2
996,3274,3
996,165,3
1889,3639,4
996,1608,4
996,3107,2
996,2393,2
1889,2987,1
1889,21,3
996,198,4
996,2058,1
996,380,4
1889,1240,3
996,21,4
996,493,3
996,349,4
1889,85,4
1889,3039,2
1889,1680,4
996,6,2
996,2427,4
1889,1682,1
1889,2700,2
996,3785,3
1889,1923,3
1889,2294,4
1889,2947,2
1889,1275,3
1889,364,2
1889,474,3
1889,555,4
1889,3147,1
1889,866,1
1889,223,2
1217,3538,1
1889,2791,1
1889,3105,4
1889,628,1
1889,110,2
1889,3138,4
1889,39,2
1889,337,4
1889,3703,2
1889,913,2
1506,1573,1
1889,1197,3
1889,3471,1
543,350,2
1889,3271,1
1889,3111,4
1889,1640,3
1506,380,1
1889,1196,4
1506,1356,3
1506,2628,1
1506,2640,4
1506,3062,4
1506,3253,1
1506,2150,1
587,1179,4
587,913,4
587,2628,1
587,3479,4
587,2140,4
587,1097,4
587,260,2
587,2968,2
1506,110,2
1506,2746,3
1506,62,3
587,919,3
1506,1517,2
1506,2716,2
1506,2243,4
1506,1393,1
1506,3159,2
1506,1954,4
1506,2398,1
587,1163,3
587,3821,3
587,2735,2
587,2471,3
587,550,1
587,2088,2
587,3785,3
587,3846,3
587,1091,3
587,3014,1
587,2792,1
587,2794,4
587,2405,2
587,3177,4
587,144,3
1506,1270,3
587,2752,1
587,3235,2
1506,2355,4
587,2054,4
587,2457,1
587,2478,2
587,3301,3
587,2736,2
5333,3712,1
587,2657,1
587,2774,2
587,2011,2
587,3760,2
587,497,3
5386,3889,4
587,2239,3
587,1965,3
587,3543,1
587,1220,4
5386,3408,2
1506,1960,1
1506,1197,2
1506,2018,4
319,750,3
5333,16,2
5333,2993,1
1506,1955,3
319,193,3
319,1499,3
1506,3307,4
319,375,2
1506,1267,2
319,19,1
1506,1256,1
319,236,4
5412,750,3
5412,1250,1
319,2906,2
319,1644,3
1506,1204,3
1506,541,4
319,2316,4
5412,3185,4
318,2070,4
318,3176,1
318,3384,3
1506,527,4
1506,924,2
319,2155,4
5412,3793,4
318,2396,4
318,314,4
5412,3945,4
319,486,4
318,2013,1
318,3219,4
318,1959,3
319,1888,4
319,1911,3
319,786,1
318,2761,3
318,2390,3
318,2716,1
1506,246,2
318,2336,1
318,3543,4
318,3751,4
319,266,3
1506,919,4
318,2355,4
318,2699,3
319,1835,2
319,207,4
319,2497,1
319,2561,1
319,538,1
855,574,4
318,3683,2
319,781,4
319,3249,3
855,2245,4
318,1193,3
319,1401,1
319,1821,3
318,590,2
318,920,2
318,2077,1
855,3740,4
319,3186,4
855,3591,1
855,3535,4
319,1569,4
319,2012,1
855,218,1
855,3253,2
855,368,1
319,780,4
319,3274,2
855,2423,3
319,1414,3
855,1517,1
319,1385,1
319,648,3
855,104,1
5333,82,1
319,2710,1
319,361,1
855,2795,2
319,1693,3
319,2106,4
855,3617,3
855,1968,4
319,1042,1
855,3396,1
855,2915,1
319,708,2
319,1909,1
319,2166,1
319,1171,2
319,2294,1
319,2583,4
855,3072,1
855,700,2
319,2302,1
319,493,1
855,330,4
319,2600,3
319,43,4
319,3386,1
319,3250,2
319,3044,2
319,556,4
319,1535,2
319,3499,2
319,1673,4
319,1397,2
319,2321,3
319,2682,1
319,3260,4
319,110,3
319,562,4
319,2580,3
319,1704,3
319,3100,1
319,1694,1
319,2959,3
319,581,2
319,3077,2
319,1054,3
319,1041,2
319,1266,4
319,2594,3
319,306,2
319,1213,2
319,2692,3
319,1361,2
319,296,1
319,1233,2
319,208,4
319,1605,2
319,3269,4
319,3412,4
326,2795,3
319,2115,1
326,1395,1
326,2968,3
326,3699,2
326,1234,3
326,1240,1
319,480,1
319,590,2
319,1127,4
319,3168,1
319,2987,3
326,593,1
326,2762,4
319,29,3
319,969,3
319,1291,1
326,1296,4
326,2457,4
326,3087,1
319,1198,1
319,260,1
319,1196,3
326,916,1
319,1556,2
319,427,1
319,2713,2
326,2571,4
326,913,1
326,3037,2
319,2121,3
326,1544,1
326,2081,1
319,540,3
319,2126,2
319,1752,4
326,2000,2
326,364,3
326,480,4
319,1917,3
319,463,1
326,2468,2
319,2446,4
319,3810,4
326,951,4
326,3088,4
326,1500,1
319,2490,2
319,2722,4
319,2881,3
319,736,3
326,2918,4
319,1647,1
319,1552,3
319,1754,4
319,376,3
319,2605,3
326,3168,4
319,2180,2
319,2419,2
326,3052,3
326,3543,2
326,1088,1
326,750,4
326,2067,1
326,1276,4
319,288,3
319,3686,4
319,165,4
319,1092,2
326,912,2
319,494,2
326,2355,2
326,1968,2
319,3420,2
319,2803,1
319,1686,4
319,89,2
326,3394,1
326,2352,1
326,34,3
319,2956,2
319,1597,4
319,1573,2
326,2539,2
326,1269,4
326,1321,1
326,11,1
319,2707,2
319,1459,2
319,490,4
319,2058,4
319,1892,1
319,2334,2
319,22,4
326,3897,4
319,1645,2
319,3219,4
319,1407,1
319,3546,2
319,3101,1
319,2527,3
319,3706,3
319,2812,4
319,3256,1
319,3015,2
326,3253,2
319,1608,2
319,349,2
319,2353,4
319,2118,1
319,733,3
319,18,3
319,3476,3
319,3203,2
319,1921,1
319,1370,3
319,1344,4
326,317,4
319,377,4
319,3505,3
326,471,1
319,2916,1
319,2160,4
319,3445,2
319,3204,4
326,1271,1
326,1573,4
319,1343,3
319,2856,3
319,1994,4
319,1653,3
326,3308,4
319,293,2
319,161,2
319,1625,3
319,1610,4
326,2736,3
326,3927,2
319,474,4
319,3551,4
319,1953,2
319,1674,2
326,1356,4
319,3728,2
319,2871,3
319,6,2
326,3081,3
326,2747,3
326,2640,4
326,3099,1
326,2874,4
326,1732,2
319,457,4
319,2391,1
319,589,1
319,1240,2
319,2571,4
319,608,2
326,3873,2
319,2762,2
326,3494,1
326,2321,1
319,3634,1
319,1089,3
319,1036,3
326,3259,1
319,707,2
319,1179,2
319,164,3
319,1617,3
326,1951,2
326,2528,1
326,3427,2
326,314,4
326,468,3
326,1527,4
326,3702,3
326,2983,2
326,3701,2
326,2991,1
326,1183,2
326,2779,1
326,3062,2
319,762,4
326,339,2
326,3107,4
319,360,1
319,829,1
326,281,3
326,514,2
319,2259,1
319,719,4
319,2306,4
326,21,1
319,2806,4
326,3252,1
319,2007,2
326,509,2
326,1883,2
326,1094,4
319,1353,4
319,3,4
319,3130,4
319,305,2
319,3392,3
326,1061,4
326,3108,1
326,1923,2
326,2633,4
319,2805,1
319,818,2
319,3258,2
319,3146,4
326,2294,2
326,1096,1
326,3671,1
326,1372,2
319,830,1
319,312,1
319,1409,4
319,203,3
326,3653,2
326,3549,3
326,3203,2
319,1526,2
319,119,1
326,2463,3
326,2243,3
326,3359,4
326,1747,4
319,2375,1
319,2752,2
319,237,4
319,2558,3
319,1541,3
326,2916,1
319,586,4
319,1894,3
319,2385,1
326,597,1
319,2478,4
326,1035,1
326,2662,4
326,3101,4
319,2598,2
319,784,3
326,2124,3
326,1682,2
326,2291,4
326,1215,3
5333,2947,4
326,1370,2
326,1982,1
326,104,1
319,252,3
319,3247,4
319,186,3
319,2683,2
319,2724,4
319,278,2
319,2861,3
319,1629,2
326,1641,1
326,2870,3
326,2542,2
319,7,1
319,1614,1
326,1960,1
326,948,1
319,429,2
319,3812,1
319,934,4
326,2949,2
319,3301,3
319,1703,2
319,2699,2
326,1955,1
326,1272,1
326,2947,1
319,1713,3
319,468,4
319,344,4
326,3668,1
319,635,1
319,2249,2
319,2567,4
326,3256,1
326,2359,2
319,5,2
326,357,4
319,1395,4
319,500,1
319,2331,2
1917,3725,1
326,3467,1
319,2417,3
326,1948,1
319,691,1
1917,673,2
326,3363,2
326,3039,4
319,2416,4
319,2539,1
326,3654,2
2415,266,2
326,3244,4
2415,490,4
326,2969,1
326,590,4
2415,648,4
2415,524,3
319,471,1
319,2369,3
319,3099,1
319,2145,2
2415,2160,4
319,3450,3
319,339,1
326,62,3
326,1333,2
2415,480,4
2415,551,2
319,3263,4
319,587,2
319,2003,1
326,1084,2
326,971,4
1917,1303,2
319,2011,3
319,3614,3
319,2496,3
319,1646,2
326,356,2
2415,1466,4
319,539,1
1599,270,2
319,342,1
319,1476,1
319,3712,2
319,1135,2
326,1265,4
1917,3578,1
326,1294,4
326,1610,1
326,1282,3
326,2529,4
319,3244,1
319,492,4
319,852,3
2415,3510,4
1917,1573,3
319,2290,3
319,2469,1
326,1247,3
1917,1527,2
2415,3755,1
2415,3555,3
319,2770,1
319,597,3
319,380,3
319,351,3
319,1580,1
326,1952,2
326,1950,1
2415,3481,4
1917,3793,4
319,1441,3
319,3809,1
326,969,2
326,1947,4
319,1777,3
319,2100,2
326,2501,4
326,3044,4
326,930,3
326,3471,4
1917,1200,4
326,953,3
326,515,3
1917,1287,4
326,1263,4
326,1193,4
319,2759,4
319,144,2
319,2671,4
326,3152,2
326,2716,2
319,3591,1
319,2779,1
1917,553,2
326,3361,1
1917,2728,1
319,2000,2
319,3501,1
319,1914,2
326,3035,2
319,357,2
319,3552,1
319,1081,1
326,3789,1
319,3448,4
319,52,3
326,1394,4
1917,608,2
319,1883,2
326,1219,2
326,1213,2
319,946,1
319,2797,1
319,2750,4
319,1517,4
319,2080,1
319,356,2
319,2424,3
326,2300,1
326,1953,3
1917,1266,1
319,2245,4
326,908,4
326,2467,2
319,104,2
326,1304,1
319,3358,3
319,2243,1
319,2108,2
319,1642,3
326,2819,2
326,919,4
319,1641,4
319,3363,2
319,1500,3
326,3634,4
319,1958,3
319,728,1
326,1358,3
319,1077,3
319,2915,4
319,1968,1
319,3516,4
319,440,4
319,3037,2
319,1923,4
1917,2872,2
319,2700,4
5333,2949,4
1917,3671,4
319,1449,1
319,1285,1
319,3072,2
319,2355,4
319,3104,1
319,2318,4
319,2352,1
1917,2019,1
1917,1217,2
326,1254,2
326,1262,1
319,1078,2
319,1278,3
319,1784,2
319,39,4
319,3868,1
319,3253,1
319,3526,4
319,2065,1
326,1207,3
1917,610,1
319,1079,2
319,921,1
319,2716,3
319,2110,3
319,911,4
319,898,3
319,1292,1
319,3671,4
319,2248,1
319,2359,3
319,1259,3
319,2918,3
319,3543,1
319,1394,4
319,2396,1
319,3088,1
319,1265,1
319,3361,2
319,1294,4
319,1235,2
319,1172,3
319,3548,4
319,3451,3
319,3504,2
319,2599,4
319,3362,2
319,1136,2
319,2300,1
319,1162,4
319,1304,2
319,1276,3
319,2973,3
319,2804,2
319,910,1
319,1230,3
319,2386,1
319,27,4
319,331,3
319,498,3
319,3436,4
319,455,4
319,57,1
319,3103,3
319,1483,3
319,2269,2
319,79,4
319,2504,1
319,3257,3
319,1410,2
319,516,1
319,113,1
319,2688,1
319,2829,1
319,2314,1
319,1804,4
319,2541,1
319,195,3
319,168,1
319,3528,4
319,271,1
319,3502,2
319,2120,3
319,292,3
319,536,2
319,2297,1
319,1399,1
319,2434,2
319,802,3
319,100,2
319,105,1
319,1727,1
319,1667,2
319,24,1
319,2875,1
319,14,4
319,2059,2
319,2045,1
319,491,2
319,1711,2
319,371,1
319,1620,3
319,1488,2
319,1027,1
319,1801,3
319,848,4
319,531,2
319,86,4
319,2250,1
319,230,1
319,225,3
319,605,1
319,2025,3
319,1507,3
319,381,4
319,2433,1
319,2320,4
319,2432,2
319,2546,1
319,454,3
319,832,3
319,94,1
319,1061,2
319,350,4
319,1643,3
319,647,2
319,261,4
319,1876,4
319,1120,1
319,524,3
4682,3481,3
319,805,1
319,2231,1
319,3106,3
319,507,2
319,2718,1
319,388,1
319,222,3
319,1611,3
319,1678,3
319,2112,2
319,280,1
319,16,2
319,1396,2
319,62,2
319,534,1
319,535,3
4682,489,4
319,1442,3
319,3246,3
319,508,4
319,2611,3
319,1721,3
319,1271,1
319,3108,4
319,1466,4
319,45,2
319,2071,3
319,1183,1
319,3176,2
319,11,2
319,1633,2
319,1719,2
319,529,1
319,1357,2
4682,3358,2
319,1680,2
319,2237,1
319,412,2
319,1268,3
319,475,4
319,1885,2
319,1747,2
855,804,2
319,337,4
319,3255,2
319,3105,4
319,2442,1
319,3713,1
319,249,4
319,279,2
319,1682,2
319,2291,3
855,74,4
855,1605,3
319,281,2
319,2276,1
855,3528,2
319,2125,4
319,308,4
855,2405,4
855,46,3
855,7,1
855,1455,4
319,2336,4
319,307,2
319,2268,2
319,2908,4
319,2324,1
319,1094,4
319,477,1
319,1834,4
319,1584,2
855,2581,2
855,237,4
855,1821,1
319,2725,3
319,300,1
319,1358,2
319,150,2
319,726,3
319,628,3
855,266,1
855,597,1
319,2289,1
319,2329,3
319,36,3
319,515,2
319,1393,4
319,593,3
319,1187,3
319,1594,4
319,318,4
319,1635,3
855,2145,3
319,247,3
855,3261,2
855,11,1
5333,72,1
855,1408,2
319,17,1
319,527,3
855,497,2
855,803,3
319,1545,1
319,2858,3
319,2357,1
855,898,1
855,3106,4
319,3824,4
855,1674,4
855,182,4
855,1902,3
319,3317,2
855,2080,4
319,3893,2
855,3471,3
319,3911,3
4682,3706,3
4682,3626,3
319,2023,2
319,1095,2
319,1193,4
319,3034,1
319,2028,2
4682,2583,3
4682,1162,4
855,2265,4
855,1839,2
855,193,1
855,3835,4
320,3755,1
320,804,3
320,3513,3
855,2084,4
855,694,3
320,3555,1
320,266,1
320,1282,3
855,1381,4
320,480,3
320,3751,2
320,3624,3
320,3753,2
320,2160,2
320,3159,4
320,1249,1
320,2858,3
320,1250,4
320,2948,4
855,3669,2
855,2786,2
320,2028,1
320,1196,1
320,361,1
855,174,1
320,3072,4
320,1296,3
855,540,1
5518,3751,4
855,2296,4
5518,2826,3
855,184,2
855,2900,1
855,3752,2
855,234,2
855,1991,1
855,3436,4
855,185,4
855,3063,2
855,2552,1
2020,442,1
855,3248,3
2020,1385,4
855,2492,4
855,2473,2
855,1970,2
2020,2105,3
2020,1101,4
321,2806,3
321,2840,4
321,2126,3
2020,368,3
2020,2403,3
855,2719,3
855,1973,1
855,2450,4
2020,3107,1
321,1515,4
855,1644,4
855,2451,3
321,2505,1
321,2881,4
321,1792,2
321,2605,3
2020,1112,1
321,1616,3
451,3753,2
855,724,3
321,2320,4
2020,3366,2
2020,2872,3
321,1754,3
321,1647,4
855,1056,4
321,1876,3
321,165,4
321,1608,4
321,1597,2
855,2485,3
855,3502,4
321,832,4
2020,2366,2
321,2763,1
321,1573,3
855,710,1
855,3144,3
321,377,2
321,2841,4
321,1370,4
2020,839,1
2020,427,4
321,2353,3
321,1732,4
321,1805,4
855,2942,2
855,3489,3
855,2026,1
855,186,1
321,47,1
2020,2835,1
2020,1483,2
321,2542,3
855,3714,4
855,2733,4
855,3691,1
321,2762,4
321,1089,3
321,50,2
321,593,3
855,443,3
855,436,4
855,416,1
855,407,4
855,2266,2
321,1882,4
321,2701,4
451,3260,2
451,1641,3
451,3868,4
451,497,2
321,172,4
321,2672,1
321,1590,1
321,1831,1
855,3660,3
321,379,1
2020,2505,4
2020,2719,2
855,3758,3
855,1037,4
855,2264,4
855,2822,2
2020,170,2
321,1037,4
321,2054,4
321,2722,2
321,3697,1
855,537,1
855,2146,1
321,2699,4
321,780,2
855,3394,3
855,1330,3
321,3863,4
2020,2676,3
451,3100,2
451,58,2
451,2971,4
451,223,4
321,3300,3
2020,2688,4
855,168,4
855,1894,3
321,2985,4
321,1580,2
321,1909,3
321,1527,2
451,41,1
451,2529,4
451,1244,2
451,2918,1
321,198,4
855,3388,4
855,849,4
855,4,1
321,1748,1
321,1921,2
321,2529,1
855,3257,1
321,3527,4
451,950,1
451,2068,1
451,3475,4
451,428,1
451,1254,1
451,2291,1
321,3793,1
321,2571,2
855,122,2
855,2505,3
855,2263,3
321,1206,3
321,1200,3
321,1240,4
321,589,2
321,1196,1
855,542,1
855,175,2
855,1126,4
855,2639,2
855,3393,2
855,489,2
855,2271,1
2020,225,3
451,1096,4
451,1955,4
451,2987,3
855,64,4
855,1191,2
321,2082,2
451,900,2
451,3361,2
855,586,3
855,2976,4
321,586,1
855,177,3
855,1541,2
855,2106,3
855,2735,2
321,2709,1
321,1688,2
451,2797,4
451,909,1
451,971,1
451,3038,3
451,34,1
451,3948,2
855,170,4
321,1,3
321,364,3
321,595,1
2020,2009,4
855,2279,3
321,588,1
2020,1608,3
321,2058,4
2020,349,4
2020,2764,2
2020,2707,2
451,1962,1
451,2731,3
451,2352,2
451,1393,4
321,1755,3
2020,2058,4
2020,1370,4
451,3545,3
451,110,2
451,3148,1
451,3035,4
451,2018,2
855,3045,2
855,3709,2
855,577,1
2020,2118,2
2020,3505,2
2020,3527,2
855,479,2
855,600,2
321,1998,1
2020,1343,2
2020,2346,4
855,1767,3
855,550,2
451,1041,2
451,1942,2
855,2478,4
2020,1994,3
855,835,3
855,196,1
451,3499,4
451,951,2
451,3504,1
855,3773,1
855,1974,4
855,2792,1
2020,965,4
855,1043,3
855,1836,3
321,3908,1
451,2997,1
451,2917,2
451,3201,3
321,2789,1
321,3273,2
321,1355,4
451,1188,4
451,1333,3
451,1248,1
451,3334,2
321,2513,1
855,1629,2
451,1172,1
451,3548,2
451,3112,3
451,1947,1
321,3785,2
321,2003,3
321,2657,2
2020,1208,4
2020,1256,2
855,3247,1
855,450,2
855,269,3
321,1982,3
321,3016,3
451,944,2
451,457,1
451,3169,4
451,1940,1
321,1350,1
321,2644,3
321,1997,2
855,217,2
321,1214,4
855,2717,1
855,984,3
855,3399,1
451,3578,4
451,1208,1
451,1927,1
321,2143,4
321,2021,4
321,2193,3
855,2796,2
855,2598,3
321,2005,3
855,236,3
855,3258,2
321,2161,4
321,2872,2
321,1967,3
321,1073,1
321,260,1
321,2174,3
451,3801,3
451,1931,3
451,3068,2
451,1944,1
451,2351,3
855,2453,3
855,1380,4
321,2,4
321,3438,4
321,367,2
321,2622,1
2020,1092,3
2020,2844,2
451,1299,1
451,1287,3
451,2612,2
451,949,2
321,2338,2
451,914,1
855,1405,4
2020,2686,2
321,2995,4
321,12,3
451,945,2
451,1307,1
451,3416,1
451,955,3
451,2501,1
451,916,4
451,1103,1
855,2375,2
321,2713,4
321,606,2
321,2026,3
321,2719,2
321,2514,2
321,188,3
321,196,4
855,3225,4
321,2428,3
321,2328,2
321,1342,3
321,1320,3
321,1999,1
855,3273,4
855,486,1
855,430,4
451,2728,2
451,3204,1
451,1997,2
451,1956,3
451,926,1
2020,35,2
321,2279,1
321,742,3
321,1644,2
321,1623,3
321,2826,4
321,1690,2
321,1717,2
321,177,2
855,2794,1
855,2014,4
855,1717,1
321,70,2
321,253,3
321,724,4
451,3181,4
451,928,4
451,1294,1
451,309,2
451,1199,2
855,603,3
321,3476,4
321,2710,1
321,1339,2
321,842,2
321,3081,1
321,2976,1
321,1407,1
321,1645,4
321,3499,1
855,1342,1
451,2866,4
451,2929,3
451,265,1
321,3578,1
855,2702,4
855,1101,4
855,57,4
855,616,2
451,1189,4
451,1251,3
451,2467,1
451,1084,1
855,333,2
321,3174,2
321,1542,1
855,3005,1
855,2369,2
321,3556,1
321,1885,1
321,1396,4
855,453,4
855,2787,3
321,3176,4
321,2282,2
321,3566,3
321,1059,2
321,73,3
321,21,4
451,1704,4
451,246,2
451,3359,2
321,1246,4
321,1961,2
321,110,3
321,1183,1
451,1678,2
451,3147,2
451,272,2
451,905,4
321,2890,3
321,16,4
321,3160,1
451,1260,3
451,908,1
451,1362,2
451,1725,3
451,1259,2
451,3471,3
321,1968,2
321,1222,2
321,778,4
321,1393,2
321,2329,1
451,568,4
451,3735,3
451,3095,2
321,2324,2
321,32,4
451,3363,2
451,930,2
451,306,2
321,2333,4
321,800,1
321,1635,2
451,3421,1
451,1263,3
451,1235,4
451,1610,3
451,2983,1
451,913,1
321,3363,4
321,1699,1
321,1594,4
321,2908,4
451,17,3
451,3362,1
321,3897,1
321,318,4
321,2607,4
321,1225,2
321,296,3
321,1916,1
321,608,3
321,2858,2
451,3451,4
451,1954,1
855,2112,2
855,1895,4
451,1939,3
451,2664,3
451,947,4
451,720,4
855,802,2
855,539,3
855,2141,2
451,1136,2
451,1953,2
451,919,4
451,3668,3
451,2132,1
451,3271,4
451,150,2
855,361,1
855,1088,1
321,2153,1
321,173,2
321,160,2
321,1544,2
855,2413,2
321,153,1
321,1917,2
321,1676,3
321,208,2
321,2822,2
855,3686,3
855,1513,3
321,168,3
321,2094,2
321,648,1
321,455,4
451,3871,2
451,2762,3
451,1293,1
451,307,2
451,3634,2
451,3350,3
321,1552,2
321,736,1
321,329,2
321,380,4
321,552,2
855,493,4
321,1377,1
321,1499,1
321,107,2
321,2723,3
321,1049,2
321,1356,2
321,2006,4
855,288,1
321,349,4
321,10,3
321,480,3
321,2167,3
321,2628,1
321,590,1
321,2617,1
321,1215,3
321,2916,4
321,3175,3
451,1228,4
451,1250,2
451,1213,1
451,1949,1
451,615,4
321,1563,3
321,1617,2
321,2633,3
321,1721,4
451,36,1
451,2804,4
451,1104,2
451,2243,1
321,2496,2
321,1210,1
321,2359,3
451,1292,3
451,1230,4
451,50,1
451,1237,2
451,1957,1
451,2028,4
451,920,2
451,2324,4
451,1387,3
451,3006,1
451,750,2
451,3811,4
451,1090,2
451,1950,2
451,1,1
451,3114,3
451,1225,3
451,904,4
451,912,1
451,1196,4
451,2858,3
451,1952,1
451,1276,3
451,3469,4
451,2300,2
451,1283,4
451,318,2
451,1304,3
451,527,1
451,2019,4
451,3435,1
451,2303,4
2748,3578,2
2748,3286,3
451,1231,4
451,2396,4
451,1234,3
451,923,2
451,260,3
451,3789,4
451,101,2
451,1267,3
451,3467,3
451,1280,2
451,1207,1
451,608,2
451,1252,2
451,1204,4
451,3808,1
451,3872,1
451,946,2
855,3525,2
855,292,1
855,1689,2
322,2396,3
322,1674,3
322,1721,3
2748,1212,2
322,2243,3
322,25,1
2748,933,3
322,2067,4
322,969,2
322,914,4
322,1226,2
322,1247,1
322,1307,3
322,912,2
322,2028,2
322,260,4
322,1198,4
322,3578,1
322,3753,2
322,3624,4
322,2716,4
322,1302,1
322,1196,4
322,1727,4
322,920,4
3430,1278,3
855,252,2
855,1807,3
855,2033,3
855,2894,2
855,3269,2
855,3770,2
1001,3514,4
855,2424,2
855,3243,1
855,179,4
1001,1282,2
855,2841,2
855,206,3
855,1642,2
855,1057,2
855,3844,4
855,31,1
855,248,2
855,1573,3
855,481,4
855,261,4
855,2710,2
855,2331,3
894,3578,3
855,1339,1
855,1061,2
855,3698,1
855,838,4
1001,140,1
855,585,2
855,708,1
855,1024,4
855,380,2
855,2133,3
855,1093,3
855,2558,4
855,3614,3
855,1693,1
1001,1545,1
855,1897,1
855,1892,4
855,339,3
855,1290,4
855,2867,3
855,371,3
855,587,1
855,1177,2
855,171,3
855,2746,1
1001,1475,4
855,851,3
855,3168,1
855,187,1
1001,1483,3
855,2572,2
855,3724,4
855,3087,2
855,372,3
855,2846,2
855,2420,1
1001,1683,4
1001,2437,3
855,3917,2
855,2407,3
1001,1722,3
1001,1669,2
855,562,1
855,1527,3
855,3033,2
855,1441,1
855,1701,1
855,158,2
855,2706,3
1001,1593,1
855,2883,4
855,2155,2
855,2891,1
1001,1422,3
855,2469,1
855,356,4
855,3145,4
855,2171,4
855,3863,4
855,3712,1
528,546,3
528,2450,2
528,2701,3
528,1882,3
528,185,2
528,1831,4
528,1917,4
1001,1588,1
1001,1586,2
528,1876,3
528,329,3
528,2628,3
1001,1573,2
528,1580,2
528,2916,4
528,3175,4
528,1653,1
1001,1471,2
1001,1496,1
528,1240,4
528,2571,2
1001,1608,1
528,1556,4
528,1453,1
528,2154,1
528,2266,1
528,237,1
528,1593,3
528,2805,3
528,378,3
528,3225,4
528,1409,2
528,550,4
528,2485,1
528,1100,2
528,788,1
528,2491,1
528,2316,2
528,46,1
528,2888,4
528,691,3
528,2168,3
528,2558,3
528,697,2
528,1043,3
528,168,1
528,140,4
528,1353,3
528,2724,2
528,2581,1
528,3004,2
528,236,3
528,195,1
528,2502,2
528,3257,2
528,1895,1
528,802,2
528,2469,1
528,224,2
528,207,4
528,1835,3
528,1888,3
528,2875,4
528,852,2
528,2497,1
528,2506,1
528,2331,2
528,7,4
528,736,3
528,1569,3
528,605,2
528,1457,2
528,1088,3
528,2496,4
528,2145,3
528,2340,2
528,163,4
528,471,4
528,1542,2
528,1597,4
528,1722,4
528,222,2
528,2671,4
528,339,2
528,1777,3
528,2100,1
528,2424,4
528,342,2
528,497,4
855,661,2
528,539,4
855,1608,2
855,2193,3
528,597,2
528,380,3
528,11,3
528,2125,3
528,1680,4
528,2978,4
855,3480,3
855,1013,1
528,902,4
528,1393,1
528,2396,4
528,1445,4
528,2816,3
528,2817,4
528,473,4
528,1920,2
528,1616,3
528,1398,3
528,466,1
528,2106,2
528,1586,3
528,1619,3
528,780,4
528,647,3
528,1408,2
528,161,4
528,356,2
528,1210,1
528,912,3
528,901,4
528,1381,2
528,48,2
528,1566,4
528,1416,3
528,783,1
528,1380,3
528,1688,4
528,2081,2
528,588,2
528,595,4
528,487,3
855,2442,3
855,52,3
855,3552,3
855,1648,1
855,2111,4
855,507,3
855,2118,2
528,3534,3
855,1454,4
855,2052,3
528,3155,3
855,1696,2
855,377,2
855,222,3
855,2109,3
855,2011,2
855,1279,4
5594,3408,4
5594,3911,1
5594,1277,4
5594,2357,4
5594,1249,2
5594,1245,2
5594,2575,2
5594,50,2
5594,2704,3
855,2302,2
855,2081,2
855,3476,1
855,1347,3
855,3418,2
855,2144,4
855,590,2
481,3504,3
855,492,1
855,1753,3
855,2165,1
855,2987,4
855,94,4
855,1966,2
855,47,2
855,595,1
855,1732,1
855,3052,1
855,1257,2
323,1356,4
323,541,1
323,1270,3
323,260,2
323,1196,2
324,1374,4
855,1904,4
324,260,1
324,2628,4
855,3100,2
855,341,1
324,904,1
323,1711,1
323,4,4
855,110,1
855,2108,3
855,342,4
324,908,4
855,1641,2
323,440,3
323,3809,3
323,3358,1
855,2885,2
324,1278,1
323,356,1
323,1537,4
323,2321,3
323,588,3
855,2918,1
855,346,1
323,1265,2
324,1088,2
324,2941,1
324,1688,3
324,2746,4
323,2997,4
736,3173,1
324,1022,4
324,2394,2
324,1380,3
324,2096,1
324,594,1
323,2396,2
323,2690,3
324,2078,1
324,3549,2
324,914,1
324,1035,4
324,1947,4
324,900,2
324,2565,2
323,21,2
324,2080,3
324,364,1
324,899,4
324,588,2
323,1317,4
323,3255,3
324,919,4
324,1028,2
324,3545,1
323,2858,2
323,68,1
323,2390,2
324,3489,4
324,1197,2
323,45,2
323,1916,3
324,1845,3
4682,705,2
323,52,2
4682,1411,4
323,224,2
324,2723,3
324,2719,1
323,2598,2
324,2671,2
4682,1040,3
323,480,2
323,1321,1
4682,3410,4
4682,3258,4
324,2724,3
324,3355,2
324,2762,4
4682,594,2
4682,2366,2
4682,3932,2
324,3316,2
4682,2977,2
324,3408,4
324,3578,2
324,3916,3
4682,2963,4
855,1345,1
324,2763,3
324,1722,2
4682,2829,4
324,349,2
324,832,4
324,350,1
324,2803,2
324,10,3
324,733,1
324,1653,3
324,377,1
4682,2676,3
855,2093,3
855,1923,3
324,1370,1
324,3256,1
324,474,3
324,1343,2
324,587,2
324,161,3
324,2353,3
855,953,3
855,988,4
324,1617,1
324,608,3
324,3147,4
4682,1027,1
324,50,4
324,1610,4
324,457,1
324,589,1
324,2571,2
324,3354,1
324,3484,1
4682,781,2
855,2333,2
324,648,1
324,3555,4
324,3753,3
4682,2025,1
324,1173,2
324,107,3
855,1278,1
324,1210,1
324,1855,4
4682,605,3
4682,358,2
4682,1791,1
4682,3620,3
4682,647,4
4682,1672,3
4682,805,1
4682,1810,4
4682,85,4
365,593,4
365,2762,2
365,1556,4
4682,3723,3
365,64,4
365,3004,1
4682,1392,2
4682,3145,4
365,1894,3
365,1605,4
365,2805,1
4682,2433,3
4682,3148,2
4682,3160,4
4682,1695,1
4682,2674,2
4682,3181,4
855,602,2
855,2336,2
4682,1759,1
4682,2858,3
855,1213,1
365,2316,3
365,2724,4
365,207,2
4682,3183,2
365,605,1
365,3,4
365,788,1
365,1100,4
365,1457,1
4682,3513,4
365,852,4
365,1888,4
365,1835,1
4682,3786,2
365,1597,4
365,2168,1
855,1545,3
365,3269,4
4682,3318,1
365,1777,2
4682,3623,2
365,2340,1
365,2006,1
365,2424,1
365,339,2
4682,3510,1
4682,3408,2
4682,3793,1
4682,3578,2
365,2125,3
4682,3751,4
365,736,1
365,1912,3
365,2572,1
365,3259,4
365,539,4
365,39,2
365,1680,4
365,1569,3
365,1393,1
365,1059,4
365,2396,2
365,1721,4
365,1398,1
365,2506,3
325,3408,2
325,2881,1
403,3147,3
325,3751,3
325,420,2
325,1703,2
325,762,1
325,419,4
325,3,1
325,2694,3
325,3248,4
325,486,2
325,2961,3
325,516,1
325,5,1
325,830,2
325,2447,1
325,3243,1
325,2082,1
325,542,3
325,2002,4
325,1513,3
325,460,1
325,1569,2
325,3247,2
325,1457,4
325,339,2
325,1777,2
325,342,4
325,141,3
325,708,4
325,2424,3
325,11,3
325,500,3
325,587,3
325,597,2
325,1485,4
326,3545,2
325,1,3
326,260,1
325,1784,3
326,3385,3
326,2926,1
326,1375,4
326,2140,3
326,2989,4
326,2796,1
326,2193,1
326,1135,3
326,2746,4
326,2150,3
326,1124,3
326,3704,2
325,3540,4
326,2111,2
326,2470,4
326,2376,3
326,2929,2
326,2518,2
326,2371,3
326,2407,3
326,2846,4
326,1958,3
326,2985,4
326,2139,4
326,2739,4
326,2867,3
326,2001,4
326,2420,3
326,2011,1
326,2115,4
326,3448,3
326,2915,1
326,592,4
326,2987,4
326,1185,2
326,1376,1
326,3210,1
1928,1466,2
1928,52,1
326,3098,3
326,3505,1
2208,1673,4
2208,2912,3
326,1663,2
326,2174,2
2208,1682,4
326,2797,2
2208,110,4
453,912,4
1928,1343,3
1889,1456,3
326,2745,1
326,921,2
1928,300,3
326,1994,4
326,1079,1
326,3526,3
326,3527,3
1928,628,1
326,3104,1
326,1210,4
326,2917,1
326,1097,3
1889,3104,4
1928,1883,3
1928,161,1
1928,1721,2
1889,2706,2
1889,1295,3
1889,2968,1
326,1231,3
326,1127,4
326,1199,3
326,1374,3
1889,1185,3
1928,3147,1
326,1228,4
326,1962,3
1928,2580,4
1889,2174,1
1889,663,2
1889,1266,1
2208,2686,2
326,3683,3
326,1302,4
326,1036,3
326,1200,3
1889,62,1
1928,150,3
1928,2890,2
326,1291,1
326,541,2
1928,569,3
1889,457,1
326,1196,3
326,1270,3
326,1198,2
1889,1222,3
1889,1304,4
1889,150,4
326,3834,2
1889,3868,2
1889,1097,1
1928,246,2
326,2405,1
326,2259,1
326,1959,2
326,2942,3
326,3524,4
326,3684,4
326,1101,3
326,2469,3
326,2145,3
326,2406,4
326,3479,3
326,2100,4
326,3685,2
1889,3396,3
325,920,1
326,1307,1
326,2020,4
326,2065,2
326,1674,4
326,2130,2
1928,181,4
325,2409,2
1889,994,3
1889,2918,2
1889,1307,4
1889,1660,3
325,1721,1
2208,2762,3
1889,1090,4
326,161,4
2208,2959,2
1889,2571,1
326,1498,2
326,2268,2
1889,1234,3
1928,379,3
2208,1912,1
2208,2692,2
1889,2324,2
1928,1604,4
1928,798,4
1889,608,3
325,2133,3
1928,1544,3
1889,3461,3
326,32,4
1889,1960,4
1928,736,2
2208,1503,3
1928,3082,3
326,1784,3
326,337,2
1928,3107,3
1889,1873,3
1889,3653,1
1928,89,2
326,150,3
1889,2973,2
1928,1527,2
1928,2763,1
326,457,3
1889,1252,1
1928,1573,4
326,2997,1
326,2396,3
1928,2126,4
326,3466,1
1928,3176,4
1928,1645,4
326,589,1
1889,3285,2
1889,3326,4
1889,3316,2
326,1704,2
1889,3824,1
1889,3452,4
1889,3324,3
326,1617,3
326,608,4
1889,3177,4
1889,3273,2
1889,3861,2
326,50,3
326,318,3
1889,3755,2
1889,3301,4
1889,3298,1
1889,3618,2
1889,3554,3
1889,3916,4
1889,3536,1
1889,3169,3
326,277,2
326,3354,2
1889,2795,1
2208,1225,2
1889,58,3
1889,1020,4
2208,1228,1
1889,2879,2
1889,2739,3
1889,2137,2
1889,1095,4
1889,1298,4
326,144,1
326,3555,4
326,648,1
1889,3770,2
1889,1034,2
1889,1610,2
1889,1396,2
326,1286,1
1889,1732,1
987,1643,1
1889,2736,4
326,2948,4
326,3675,2
326,1171,1
1889,1834,3
1889,590,1
1889,391,2
326,2160,1
1889,2985,3
1889,3424,4
1889,354,3
1889,733,4
326,3481,1
1889,3361,1
1889,3019,2
326,2858,2
326,2791,1
1889,1517,1
1889,2371,2
1889,2268,1
1889,1408,3
1889,553,1
1889,2058,2
326,858,3
326,532,3
1889,3098,4
1889,1645,2
1889,3203,2
326,2699,4
326,1197,1
1889,1179,4
1889,1759,3
1889,1079,1
1889,2000,2
1889,2716,1
1889,1378,1
1889,2108,1
1889,2959,4
1889,3252,1
1889,1263,3
1889,2248,2
1889,3526,2
1889,2144,2
1889,475,4
1889,2501,2
1889,2915,4
1889,161,1
1889,2194,4
1889,1246,2
1889,1844,4
1889,2599,1
1889,1394,4
1889,2005,3
1889,381,3
1889,1012,4
1889,2527,4
1889,1673,1
1889,1625,2
1889,2359,3
1889,2890,2
1889,352,3
1889,1663,2
1889,3071,1
1889,1343,1
1889,2916,1
1889,1968,4
1889,2912,3
1889,2580,3
1889,1210,4
1889,1784,3
1889,1127,3
1889,1259,3
1889,1961,4
1889,1060,1
1889,3505,3
1889,2423,4
1889,293,1
1889,3360,2
1889,1219,3
1889,1729,1
1889,1231,1
1889,431,2
1889,2542,4
1889,3210,4
1889,3386,3
1889,1270,1
1889,2762,1
1889,1291,1
1889,1172,3
1889,1147,1
1889,1466,2
1889,1296,1
327,722,1
1889,47,2
327,2064,4
327,1189,1
1889,428,1
1889,232,2
327,2330,3
327,3679,4
327,246,2
1889,2329,1
1889,1225,3
1889,778,3
1889,6,4
327,3749,3
327,3556,4
327,3509,3
1889,2819,4
1889,1242,2
327,3617,1
327,3855,1
1889,1036,4
1889,296,4
327,3865,4
327,3598,1
327,3755,4
1889,950,2
1889,1387,3
1889,1214,4
1889,908,2
1889,1294,1
1889,1228,4
1889,260,4
1889,2804,4
327,3554,1
1889,1201,3
1889,858,2
327,3535,1
327,3408,1
327,3578,3
327,3185,3
1889,1300,3
327,3911,1
1889,69,1
327,3822,4
327,3456,2
327,3188,1
1889,1734,3
327,3241,4
327,3539,4
424,595,2
424,364,3
424,588,4
424,2096,2
424,1029,1
424,1282,3
424,1022,1
424,2700,2
327,3362,2
327,337,2
327,953,3
327,2427,3
327,2943,4
327,1245,2
327,2020,3
327,3038,3
327,2018,2
327,902,3
327,2660,4
327,2732,2
327,1947,2
327,898,2
327,965,1
327,2899,3
327,1179,4
327,1384,1
327,83,4
327,863,4
327,1196,3
327,2971,2
327,3360,1
327,1554,1
327,3098,2
327,3496,4
327,1199,2
327,929,1
327,1719,4
327,36,4
327,3363,3
327,3284,3
327,2130,4
327,3551,3
327,1222,4
327,1089,1
327,1080,3
327,1238,4
327,509,1
327,2575,4
327,2969,1
327,3090,4
327,296,3
327,2819,4
327,3475,1
327,1272,1
327,1224,4
327,3201,4
327,1964,4
327,3035,2
327,3250,4
327,1277,3
327,1235,1
327,1208,4
327,1394,1
327,1956,3
327,778,2
327,2300,3
327,908,3
327,1162,4
327,969,2
327,1946,1
327,1263,3
327,900,1
327,599,2
327,1939,3
327,1296,1
327,2973,1
327,3742,2
327,2804,1
327,1927,4
327,841,3
327,1284,1
327,2102,3
327,594,3
327,1941,3
327,3788,2
327,1348,2
327,1953,2
327,3462,3
327,1387,3
327,2028,3
327,1873,2
327,1251,3
327,3606,1
327,1198,4
327,2858,2
327,1256,4
327,1282,1
327,950,2
327,954,2
327,2132,4
327,2731,4
327,3735,3
424,3623,3
327,3683,4
327,1244,1
327,2843,3
327,1193,3
327,1254,4
327,448,4
327,1945,4
327,1250,1
424,3510,3
327,1247,4
327,375,1
327,608,1
327,531,2
327,916,1
424,3409,3
327,919,4
327,1248,2
327,1104,4
327,2186,1
327,903,4
327,1952,2
327,3467,2
327,2927,4
327,3468,3
327,1217,1
327,910,3
327,1234,3
327,1929,2
327,260,1
327,1912,4
327,3091,4
327,50,1
327,1225,2
327,3435,4
327,2664,2
327,1276,1
327,2324,4
424,3624,4
327,3789,3
424,3578,3
327,3196,1
327,1066,2
327,162,2
327,3473,4
327,913,1
327,899,2
327,940,1
327,1294,1
327,905,2
327,3629,1
327,3545,2
988,3201,4
424,3751,3
327,3811,3
327,2010,2
327,1617,3
988,1482,1
988,1641,1
988,3253,2
327,3307,4
327,1260,4
327,3093,3
327,924,2
327,1304,3
327,1428,1
988,2997,4
988,2571,3
988,2321,4
327,1228,3
327,1212,3
327,527,1
327,922,3
327,750,2
327,3022,2
988,150,4
988,1265,3
988,1721,2
327,3134,2
327,1207,1
327,1262,3
327,1533,4
327,1219,4
327,904,3
327,3030,2
327,926,4
327,2357,3
327,3610,1
327,1252,1
327,1267,1
327,2728,2
327,1237,1
988,1358,4
988,2762,1
988,3100,2
327,3741,2
327,1084,1
327,3730,3
327,3192,4
327,306,3
327,1213,1
327,1058,4
988,2396,1
988,2028,2
327,3047,3
327,2673,2
327,2933,1
988,608,3
327,1900,4
988,296,4
327,2035,1
327,858,3
327,3415,3
327,3343,4
988,2858,4
327,3894,1
327,2203,1
327,3470,3
327,2459,2
327,3265,3
327,1034,3
327,3357,2
327,3169,4
988,593,4
327,3338,4
327,3416,3
327,2824,3
327,190,2
327,2825,3
327,1163,1
327,2744,1
327,3304,4
988,1247,1
988,1084,4
988,1952,4
327,2643,1
327,1039,3
327,2014,1
327,2781,1
327,3893,2
327,1678,1
327,800,4
327,2628,2
988,260,4
988,858,2
988,1387,4
988,1221,4
988,1214,2
988,1101,3
988,2746,4
988,3448,2
988,2745,3
988,3527,2
988,3552,1
988,1663,1
988,3608,4
988,1220,4
988,2144,4
988,2968,1
988,2352,3
2097,3578,4
988,2915,2
988,1968,4
988,1246,2
988,2406,3
988,2917,4
988,2919,4
988,2918,2
988,1394,4
988,2791,2
988,1090,4
988,1097,2
988,1259,3
988,1307,2
988,1293,2
988,3068,2
988,1198,3
988,1299,4
328,667,1
328,2835,4
328,2412,1
328,2253,3
328,2549,1
328,173,1
328,1037,1
328,1479,4
328,2616,1
328,2723,3
328,1377,2
328,2881,3
328,2826,4
328,1917,1
328,780,3
328,1769,3
328,1876,4
328,442,4
328,736,3
328,368,2
328,434,2
328,70,4
328,303,4
328,1480,3
328,2763,4
328,648,4
328,292,1
328,3020,2
328,1586,4
328,1597,2
328,1608,1
328,1580,2
328,1370,2
328,2006,4
328,2628,4
328,480,4
328,2393,4
328,2916,4
328,1676,1
328,2278,3
328,380,3
328,1356,1
328,1527,4
328,112,3
328,3107,2
328,163,3
328,1610,3
328,377,4
328,1047,4
328,589,4
328,110,2
328,1233,1
328,2571,3
328,457,3
328,2804,3
328,2455,1
328,1198,4
328,2959,1
328,2792,2
328,1994,4
328,1907,3
328,2028,4
2996,2168,3
2996,247,3
2996,2815,4
2996,2402,1
988,3285,3
988,3579,3
988,3623,1
988,3354,1
988,3301,3
988,3755,1
988,3510,3
2996,3300,2
988,3555,3
988,3578,4
329,910,2
329,608,3
329,1198,3
329,1267,3
329,2692,2
329,912,2
988,3286,4
988,1270,4
329,1225,2
329,926,4
329,1207,3
329,3545,3
2433,1694,4
329,546,4
329,2053,2
329,2808,2
329,2448,1
329,327,2
329,2851,4
329,2408,3
329,2827,2
329,2498,4
329,512,4
329,173,1
329,2526,2
329,1373,2
329,2428,1
329,1391,1
329,435,3
329,2232,3
329,1591,1
329,2986,3
329,1603,2
329,2722,3
329,2034,3
329,1831,3
2996,3704,3
329,1779,2
329,1371,2
329,3638,3
329,1544,4
329,2699,1
2996,3444,3
2996,3623,2
329,316,2
329,2672,4
329,3698,1
329,1375,1
329,329,1
329,426,1
329,2054,2
329,2641,4
329,1676,1
329,2393,2
329,2528,1
329,2657,3
329,3070,2
2996,3753,3
2996,3793,4
2996,3702,2
329,2021,1
329,198,4
329,780,3
329,2985,2
329,2311,3
329,1396,3
329,3033,4
329,3701,1
329,1909,4
329,1527,1
329,1376,2
329,1372,3
329,1580,1
2996,3578,3
329,1965,2
329,2640,4
329,480,4
329,2455,3
329,3699,2
329,1584,2
329,1356,2
329,1301,4
329,2662,2
329,2117,3
329,2968,2
329,1097,1
329,1127,1
329,1374,4
329,1253,2
329,3527,1
329,3471,4
329,1200,2
329,1199,2
329,541,1
329,1270,4
329,1206,3
329,1175,2
329,1196,4
329,1214,4
329,1240,3
329,2664,2
329,750,1
329,260,2
329,3190,4
329,3895,1
329,3285,1
329,3240,4
329,3754,3
329,3239,4
329,3316,1
329,3354,4
329,3623,3
329,3534,2
329,3827,4
329,3273,1
329,3189,4
329,3300,2
329,3618,4
329,3863,1
329,3409,1
329,3510,1
329,3624,3
329,3793,2
329,3751,4
329,3481,4
329,3578,2
329,3100,4
329,3105,1
329,2333,4
457,20,2
329,2355,4
329,551,4
457,2167,3
329,235,2
329,474,4
329,1401,3
329,3418,1
329,337,2
329,3006,2
329,1484,1
329,3499,2
329,2542,3
3224,2156,1
329,2700,3
329,249,3
329,1243,1
329,2507,4
329,1046,2
329,1610,3
329,32,3
329,2908,4
329,1784,3
329,150,3
329,2916,2
329,457,2
329,1188,1
329,866,3
329,2997,3
329,3147,4
329,529,1
457,1246,3
329,3160,3
329,2890,2
329,1704,3
329,247,2
329,1,3
457,1061,1
329,388,1
457,1268,4
329,589,1
329,2858,1
329,2599,1
329,296,2
457,3176,3
329,994,3
457,2911,4
329,2571,3
329,2762,2
329,2028,4
329,593,3
329,527,3
329,318,3
329,50,1
329,3916,3
329,3948,2
329,3952,3
457,1120,1
457,3246,3
457,1840,3
457,590,3
457,508,3
457,2071,3
457,147,1
329,372,2
329,1210,4
457,1589,2
329,2616,1
329,1721,4
329,3036,3
457,431,1
457,281,4
457,409,4
457,3148,1
457,475,3
457,3271,1
457,1060,3
457,1747,4
457,2329,2
457,1245,3
457,16,4
457,1095,1
457,529,2
457,3006,4
457,597,3
457,3252,2
457,153,1
457,592,3
457,367,1
457,788,3
457,1658,1
457,852,4
457,3,2
457,163,3
457,555,4
457,1393,4
457,2166,1
457,509,2
457,2671,4
457,3052,1
457,337,3
457,1466,4
457,3168,2
457,2871,3
457,2268,2
457,1130,3
457,3948,3
457,25,1
457,3360,3
457,2335,3
457,493,1
457,42,2
457,1222,3
457,1307,1
2691,1676,4
2691,2699,3
2691,76,3
457,1228,2
457,1673,3
2691,2011,4
2691,316,4
2691,2628,4
2691,968,2
2691,1909,3
2691,1391,4
2691,3033,1
457,1625,2
1340,2208,1
457,2117,4
2691,3863,2
2691,2046,1
2691,198,4
2691,3745,2
2691,2407,4
2691,3300,4
2691,1376,4
2691,2116,3
2691,480,1
457,2109,2
2691,3704,4
2691,2640,4
2691,1301,3
2691,2916,3
2691,1374,1
2691,1372,3
2691,2364,2
2691,1527,2
2691,1129,1
457,3263,2
2691,1356,4
2691,3702,4
2691,3175,1
2691,2140,2
2691,1396,1
2691,2657,3
457,1884,4
405,378,1
405,516,3
2691,1584,1
2691,1921,1
2691,2529,1
457,1682,2
457,344,2
405,2375,3
457,2439,2
405,25,1
457,923,1
2691,3703,3
2691,1215,4
2691,1653,3
2691,1175,3
2691,3793,2
2691,2968,2
2691,1270,1
2691,1097,2
2691,2093,2
405,3147,1
457,2420,4
2691,3471,4
2691,32,4
405,457,2
405,500,3
405,3173,3
457,39,4
405,2433,3
405,1496,4
405,1459,2
457,1193,3
405,1079,3
2691,1253,2
2691,1358,1
2691,3093,3
457,14,3
2691,1222,3
2691,3481,2
405,150,4
2691,1240,3
2691,551,1
2691,1704,1
2691,3213,4
2691,589,4
2691,2686,4
4867,1333,4
2691,1291,4
2691,1090,3
2691,3160,4
2691,1243,4
2691,2890,1
2691,1293,1
2691,2396,1
2691,1266,4
2691,223,1
2691,2202,4
2691,1256,1
2691,714,2
2691,1219,4
405,1569,2
2691,1278,4
2691,1197,3
2691,2571,2
2691,1228,2
2691,2761,4
405,3363,3
405,2100,3
405,3451,3
405,2918,4
405,357,4
330,3564,2
405,1028,3
330,3798,3
405,3685,4
330,3316,4
330,3355,4
330,3457,2
330,3354,1
405,2144,3
405,3671,1
330,3831,1
330,3863,3
405,3361,4
405,2915,2
405,1307,4
405,2359,4
405,1080,3
330,3755,1
330,3556,4
330,3555,3
330,3948,4
2691,2692,2
2691,1242,3
330,3785,3
330,3298,3
330,3301,4
2691,3152,4
2691,1354,1
2691,912,1
330,3408,1
330,3510,4
405,1948,4
2691,2542,2
2691,1225,2
2691,1080,3
330,3751,1
330,3409,4
330,3578,1
405,1304,4
330,3189,1
411,3257,1
411,46,3
411,1894,4
411,237,4
411,1496,3
330,3363,3
2691,1294,3
2691,1199,3
330,596,3
330,1200,4
411,207,2
2691,29,2
2691,1694,4
2691,2700,3
405,62,3
330,3634,4
330,1952,3
411,224,2
411,1463,4
2691,1287,3
2691,1348,3
330,2396,1
330,1262,2
411,1409,1
411,468,1
411,276,2
330,950,2
330,1284,4
330,1256,2
411,3524,3
2691,1206,1
2691,1193,1
2691,2858,2
411,1286,2
411,788,2
330,909,2
330,1304,1
330,1233,4
330,3730,1
2691,260,4
411,802,1
411,1101,4
330,1225,1
411,252,1
2691,2804,3
2691,1230,2
2691,1237,3
2691,1196,1
2691,3095,4
330,954,4
411,3528,2
411,105,1
330,1927,2
330,1250,2
330,608,2
411,2340,1
411,605,4
330,1956,1
411,2405,3
411,2145,3
2691,1204,4
330,1198,3
330,913,3
411,3099,1
411,3479,4
411,708,1
330,953,4
2691,2762,2
2691,2324,1
411,1777,4
411,587,1
411,1597,2
330,750,3
330,1097,3
2691,2959,4
2691,908,4
330,541,1
330,912,3
330,919,2
330,1221,2
330,593,3
411,2029,1
411,1277,2
411,2469,2
411,1380,3
2691,903,1
2691,1201,3
2691,1136,3
411,1569,1
411,1088,1
330,527,1
330,858,1
411,852,4
411,351,2
411,597,4
411,1542,3
411,2424,3
411,339,4
411,2671,2
411,613,3
411,2406,1
411,249,3
411,11,2
330,3480,1
411,2941,1
411,151,2
411,539,2
411,2100,2
2691,1132,4
2691,1131,1
2691,1859,4
411,342,2
411,2065,2
411,356,4
411,1680,4
411,907,2
411,2291,2
411,2243,2
411,440,1
2691,536,2
411,1408,2
411,892,1
411,1197,2
2691,1200,4
2691,1032,4
2691,1320,2
2691,1690,3
411,2157,2
411,943,2
411,838,3
411,3699,3
411,1643,3
411,902,2
330,2028,2
411,1307,3
411,900,1
411,1265,3
330,3508,3
2691,1274,1
2691,588,1
411,1674,2
330,260,4
330,2138,1
330,3468,1
411,914,1
411,58,1
411,1172,3
2691,413,2
2691,2791,3
2691,414,3
2691,1608,1
411,2020,1
411,1296,1
2691,412,4
411,1230,2
411,945,3
2691,345,4
411,3097,2
411,920,2
411,899,4
2691,410,1
2691,3070,1
2691,2124,2
2691,2133,2
411,236,1
2691,344,4
2691,1127,2
2691,1459,2
2691,19,1
411,2485,3
2691,3153,4
2691,2731,3
2691,999,1
2691,1019,3
2691,1609,2
2691,2826,3
2691,2311,3
2691,1367,3
2691,2572,3
2691,2085,3
411,1959,4
411,2690,3
2691,1079,3
2691,1095,4
411,2881,2
411,2147,4
953,3555,1
953,3512,4
411,2908,4
953,3479,3
411,3855,2
331,1784,1
331,2395,3
331,367,4
331,1923,2
331,1885,4
331,3253,1
331,497,2
331,1180,2
331,223,3
331,1511,4
331,1641,2
331,2997,4
331,2599,2
331,1537,4
331,2858,4
331,1600,4
331,1894,4
331,236,2
331,168,2
331,2385,4
331,3528,3
331,1550,3
331,252,3
721,3863,2
331,468,3
331,237,4
331,7,1
331,1821,2
331,266,4
331,1735,4
331,1597,2
331,543,4
331,339,4
331,539,3
331,550,1
331,2424,4
331,3261,3
331,2340,1
331,2671,2
331,2331,1
331,587,1
331,222,3
331,2589,1
331,1835,3
331,1542,3
331,440,3
331,471,3
331,1777,4
331,2125,2
331,287,2
331,1722,3
331,764,3
331,356,4
331,11,4
331,1683,3
331,215,3
331,509,3
331,2006,1
331,2108,4
331,39,3
331,357,1
331,1643,1
331,866,4
331,1094,3
331,265,3
331,1393,3
331,1188,3
331,1639,1
331,2396,1
331,2175,2
331,1265,2
331,28,3
331,1912,2
331,1617,4
331,1179,4
331,1748,1
331,3897,3
331,1270,3
331,1977,2
331,1457,3
331,3536,4
331,1721,1
1499,1367,1
1499,1556,4
1499,1370,1
1499,165,3
332,1271,3
332,150,1
332,1094,1
332,1784,4
332,58,1
332,1594,4
332,34,4
332,3100,2
332,1643,3
332,17,4
332,1358,4
332,515,2
332,2291,2
332,2966,2
332,3260,2
332,1635,4
332,1660,1
332,593,2
332,2357,3
332,608,1
332,318,3
332,527,1
332,570,2
332,1240,4
332,2947,1
332,969,1
332,2028,3
332,589,4
332,1036,4
332,1304,4
332,1221,3
332,858,4
332,3507,3
332,3869,3
332,3194,4
333,1269,4
332,1193,2
333,670,4
334,3176,4
334,2485,4
333,2937,3
333,2646,2
333,920,3
333,1198,4
333,1278,4
4823,2829,3
334,3,4
334,2259,2
334,3257,3
334,2405,1
334,3414,2
334,613,1
334,1801,3
334,3528,2
334,105,1
334,509,2
334,2424,3
334,356,3
334,1959,1
334,3155,1
334,587,3
334,539,4
334,2100,1
334,2145,2
334,2941,2
334,597,1
334,2291,2
334,534,1
334,1183,3
334,3685,2
334,914,4
334,2067,4
334,902,3
334,17,2
334,933,3
334,1277,3
334,916,1
334,900,4
334,1947,1
334,2396,3
334,920,4
334,899,4
334,953,3
334,2858,1
334,1944,1
334,1287,1
334,1193,3
334,919,2
334,1104,1
334,1225,4
334,1221,1
334,265,2
334,908,4
334,949,2
334,1945,3
334,527,4
334,3468,3
334,73,3
334,3095,3
334,3936,2
334,1230,1
334,2023,1
334,1295,1
334,1721,3
334,2717,3
987,2312,3
987,592,1
987,1961,3
987,2987,4
987,1962,3
987,3094,2
987,2000,3
987,1302,1
987,1956,4
987,1957,3
987,1096,1
987,1291,2
987,1196,3
1969,3147,2
1969,491,3
1969,508,3
1969,1653,1
1969,515,1
1969,218,4
1969,3246,1
1969,1678,2
1969,3471,1
1969,1186,1
1969,222,4
1969,1682,2
1969,778,4
1969,1784,2
1969,3105,1
1969,1060,4
1969,1542,3
1969,2596,1
1969,1357,1
1969,249,3
1969,1730,2
1969,2398,1
1969,300,3
1969,1246,3
1969,1393,1
1969,150,3
1969,265,3
1969,953,1
1969,1621,3
1969,1961,3
1969,1704,2
1969,1094,2
1969,2104,4
1969,2114,2
1969,2153,2
1969,688,4
1969,673,2
1969,158,3
1969,8,3
1969,2116,1
1969,547,4
1969,3412,1
1969,1772,4
1969,502,2
1969,360,1
1969,2720,4
1969,2253,1
1969,172,4
1969,20,1
1969,1429,2
1969,3441,4
1969,1101,3
1969,1573,3
1969,1876,3
1969,353,3
1969,1047,3
1969,592,2
1969,3178,3
846,3653,2
846,3304,1
336,66,2
336,3662,3
336,2450,4
336,546,2
336,3660,3
336,611,1
336,2038,1
336,849,4
336,1862,1
336,2034,3
336,2808,2
336,2456,3
336,2091,3
336,2053,3
336,2288,3
336,256,4
336,2054,2
336,1676,1
336,2672,1
336,1603,3
336,1356,3
336,1909,3
336,1270,2
336,2407,4
335,2457,1
336,1375,3
336,172,1
336,2640,3
336,1580,2
336,589,2
336,1214,3
336,1127,2
335,1799,3
335,3836,4
335,1387,4
335,3468,3
335,1266,3
335,3504,2
335,1394,4
335,1136,4
335,1228,4
335,1234,3
336,3799,4
335,3683,2
335,1304,3
335,2329,3
335,2788,1
335,1193,3
336,3354,2
335,1201,3
335,111,2
335,1276,3
335,541,2
335,1253,1
335,2728,3
335,1263,1
335,1213,4
336,3452,2
335,1250,2
335,3362,4
335,260,3
335,246,2
335,3730,2
335,1207,3
335,1089,2
335,3738,3
335,296,2
335,1196,1
335,50,3
335,1299,3
335,2804,2
335,1617,3
336,3617,3
336,3571,3
335,1204,4
335,1230,4
335,318,3
335,527,1
335,1209,3
335,1153,2
335,858,4
335,3769,1
336,3301,4
336,3510,3
335,2153,3
335,2477,3
335,2322,1
336,3578,3
336,3481,3
335,2471,3
335,2733,2
335,3285,1
335,2421,1
335,849,3
335,798,3
335,15,3
335,173,4
335,704,2
335,1744,2
335,1917,3
335,1373,3
335,1779,2
335,761,2
335,1591,1
335,809,1
335,3889,2
335,3489,1
335,547,1
335,3190,3
335,1894,4
335,836,2
335,2735,4
335,674,3
335,2143,4
335,208,2
335,44,1
335,2367,1
335,3698,4
335,316,3
335,434,2
335,1375,4
335,303,2
335,2405,2
335,2641,4
335,2628,4
335,2723,2
335,1552,1
335,2370,2
335,1371,4
335,552,1
335,1676,1
335,2105,3
335,2617,1
335,1587,2
335,2013,2
335,3745,2
335,648,4
335,2528,3
335,2470,2
335,1261,1
335,1967,2
335,3494,2
335,2880,4
335,2167,2
335,3070,1
335,380,3
335,112,1
335,2193,1
335,592,3
335,1129,2
335,2916,1
335,3036,3
335,1580,2
335,480,4
335,1372,2
335,1376,4
335,3479,2
335,3699,2
335,1275,2
335,1215,3
335,733,3
335,2968,2
335,2406,3
335,1374,4
335,1887,4
335,1291,2
335,1197,3
335,940,2
335,1259,1
335,1198,1
335,1287,2
335,1262,3
335,1303,1
335,2871,2
335,3946,4
335,3908,3
335,3948,3
335,3916,3
335,3893,2
335,3915,4
335,3906,1
335,3897,4
335,3952,1
336,338,2
336,1779,2
336,2986,3
336,1373,1
422,1214,4
422,2571,4
422,541,2
422,1748,4
335,593,4
335,1221,3
335,1792,2
335,1391,3
335,3684,1
336,1831,2
336,185,4
336,2232,1
336,748,4
336,1383,4
336,442,3
336,1917,2
336,1037,1
336,1371,3
336,3802,1
336,3698,1
336,2105,3
336,2021,4
336,3033,3
336,2009,4
336,1391,4
336,2641,1
336,329,2
336,316,4
336,2012,2
336,196,4
336,780,1
336,198,1
336,3638,4
336,1527,1
336,3699,1
336,1372,1
336,1748,1
336,3527,3
336,2011,1
336,480,2
336,1376,3
336,1019,1
336,1573,4
336,2985,2
336,426,1
336,1653,3
336,2046,2
336,1097,1
336,1396,2
336,1374,2
336,2664,2
336,1200,3
336,2916,1
336,1584,3
336,2571,3
336,1199,4
336,1301,2
336,3471,2
336,1240,4
336,541,3
336,1215,2
336,1210,3
336,1196,4
336,3175,1
336,718,1
336,260,1
336,2529,3
336,1721,3
336,914,3
336,2628,1
337,3471,4
337,3274,1
337,527,1
337,512,1
3203,3717,2
337,1037,4
337,2105,1
337,3701,4
337,1200,4
337,541,1
337,1584,3
337,367,2
337,3438,2
337,3355,4
337,3409,4
337,3513,1
1748,2981,3
337,998,2
337,1586,1
337,1754,1
337,2002,3
337,1627,1
337,648,3
337,292,3
337,493,4
337,170,1
337,1573,2
337,145,3
337,2278,4
337,288,3
337,2273,4
337,1564,3
337,2353,4
337,1370,1
337,353,3
337,377,2
337,2058,1
337,457,2
337,3418,1
337,2028,2
337,110,3
337,3623,3
337,2265,3
337,169,4
337,704,2
337,1681,3
337,673,2
337,160,1
337,1562,3
337,3705,3
337,1499,4
337,1606,1
337,1525,1
337,455,4
337,1544,4
337,208,4
337,153,4
337,3489,4
337,736,4
337,2,4
337,1049,1
337,1806,3
337,653,3
337,303,4
337,688,4
337,1377,1
337,112,2
337,380,4
337,590,2
337,3000,2
337,2006,3
337,733,1
337,3300,2
337,3793,4
337,3354,1
337,2974,2
337,3663,4
337,3661,2
337,3664,2
337,606,2
337,1993,2
337,1862,2
337,2606,1
337,93,1
337,291,3
337,891,1
337,273,2
337,1644,4
337,2719,4
337,330,3
337,842,4
337,2026,4
337,382,1
337,742,4
337,1342,4
337,2793,4
337,879,1
337,70,2
337,328,3
337,2004,2
337,188,1
337,1717,1
337,724,4
337,799,2
337,532,3
337,366,3
337,1320,1
337,735,4
337,2617,3
337,3264,1
337,2826,2
337,1339,3
337,3081,2
337,3476,3
337,1215,2
337,253,3
337,2167,1
337,1407,4
337,3499,4
337,2294,1
337,610,2
337,3725,3
337,595,2
337,1274,2
337,2810,2
714,3821,3
337,49,3
337,835,1
337,309,3
337,3036,1
337,3708,4
337,2549,4
337,1779,2
337,435,4
337,1383,2
337,1762,1
337,2808,4
337,173,3
337,172,1
337,1391,1
337,76,4
337,1690,4
337,2600,3
337,256,3
337,196,3
337,332,2
337,692,4
337,2094,3
337,2827,1
337,3269,1
337,1590,2
337,2428,2
337,780,1
337,2393,3
337,442,1
337,788,1
337,2012,3
337,316,4
337,1917,3
337,198,3
337,2232,2
337,1603,1
337,748,3
337,2046,1
337,2699,1
337,1372,4
337,2628,1
337,24,4
337,741,2
337,1356,1
337,1676,4
337,329,1
337,1580,3
337,3175,4
337,1909,4
337,1653,1
337,1527,2
337,480,1
337,2916,4
337,32,4
337,2571,2
337,1748,2
337,589,3
337,356,2
338,2467,1
338,953,2
338,1266,1
337,1784,1
337,1923,4
337,2774,2
337,3178,4
338,246,4
337,1641,3
338,1200,4
337,2700,3
337,21,3
338,1270,1
337,2355,2
337,3114,4
337,1,4
338,1394,2
337,2858,3
337,1265,1
337,2396,2
338,1300,4
338,1263,3
338,1304,2
338,541,1
338,2398,1
338,1207,4
338,527,3
338,318,3
338,923,1
338,1136,3
338,2822,2
337,2263,4
337,2642,1
337,1210,2
337,3254,3
338,3301,4
338,3481,2
338,3893,1
338,3827,1
338,1920,1
338,2021,3
338,2797,2
338,2174,4
338,3554,4
338,2886,1
338,203,4
338,3248,3
338,3254,3
338,368,2
338,2012,4
338,500,4
338,552,3
338,453,4
338,339,1
338,3247,4
338,367,2
338,2671,1
338,317,1
338,1485,2
338,1747,3
338,3255,4
338,356,1
338,1500,1
338,551,1
338,3052,4
338,357,4
338,3108,3
338,588,2
338,3253,3
338,1784,3
338,1537,2
338,1,4
338,517,3
338,350,1
338,1805,2
338,1625,1
338,3,2
338,1479,1
338,1894,2
338,2146,3
338,1542,3
338,597,1
338,543,2
338,1888,2
338,222,3
338,1339,4
338,2424,1
338,613,4
338,587,4
338,539,4
338,468,3
338,708,1
338,1569,4
338,902,1
338,207,2
338,2108,3
338,1680,4
338,852,1
338,2100,4
338,342,1
338,39,2
338,1393,2
338,497,2
338,1307,1
338,1247,2
338,17,3
338,1639,3
338,898,4
338,1265,1
338,3097,2
338,2248,2
338,916,4
338,28,3
338,1562,2
338,2422,2
338,1373,3
338,1388,1
338,2402,1
338,3257,4
338,2404,2
338,2421,4
338,420,4
338,153,1
338,2126,1
338,3623,1
338,798,1
338,2881,4
338,1378,3
338,1792,4
338,1552,2
338,2273,2
338,1573,1
338,2616,1
338,3452,4
338,648,3
338,165,2
3203,3861,4
338,380,2
338,780,1
338,95,3
338,2540,4
338,2990,2
338,1101,4
338,1047,4
338,303,2
338,1385,4
338,733,1
338,3763,4
338,2006,3
338,2916,1
338,2993,4
338,474,1
338,2058,3
338,480,3
338,3256,2
338,3527,3
338,2872,1
338,2000,4
338,1129,3
338,2353,4
338,1580,1
338,1527,1
338,1610,3
338,1242,4
338,2985,4
338,1210,4
338,457,4
338,1374,2
338,2194,2
338,1954,3
338,2571,3
338,1036,2
338,1240,1
338,1196,3
338,2028,3
338,1198,1
338,589,4
338,1197,4
338,553,3
338,2406,1
338,227,3
338,1608,4
338,2701,3
338,3793,4
338,2763,3
338,3176,3
338,2396,4
338,2762,2
338,2724,3
338,2598,4
338,2734,2
338,3354,1
338,2716,4
338,3510,3
338,3578,4
338,3175,2
338,2605,3
338,2369,2
338,3751,4
338,2541,4
338,3004,3
338,1127,2
338,260,1
338,2628,1
338,1376,3
338,1356,2
338,329,4
338,1375,1
338,2393,2
338,3708,2
338,912,3
338,3044,1
338,416,2
338,377,2
338,3072,2
1812,3949,4
339,82,2
339,1680,1
339,851,2
339,838,1
339,2764,3
339,3448,2
339,2243,3
339,1302,1
339,1279,3
339,3418,3
339,1082,2
339,1183,4
339,3111,3
339,509,3
339,1120,2
339,2236,4
340,1569,2
340,377,1
340,1663,4
339,1271,1
339,1955,3
340,596,3
340,1517,4
339,3252,3
339,1124,2
340,364,3
339,2310,1
339,2239,3
340,3253,1
340,2406,2
340,3546,4
340,709,2
340,588,2
339,3684,3
340,1673,2
340,3028,3
340,3404,2
340,2779,1
339,3105,3
339,3296,1
339,2194,1
340,3408,3
339,2620,3
339,3260,1
340,3039,3
340,2302,4
339,2427,4
339,3198,1
340,2571,4
340,3552,2
339,1295,3
339,3098,2
339,1633,3
340,2916,2
339,1362,2
339,1246,1
339,2312,4
340,2144,3
340,3751,1
340,1875,2
339,2067,1
339,902,2
339,2433,1
339,3108,3
339,909,2
340,943,2
339,337,2
340,3608,1
339,778,2
339,3461,1
339,3451,2
339,3654,2
340,1291,3
339,1186,3
340,971,1
340,1333,2
339,2929,1
339,110,4
339,3471,2
340,3771,2
340,2662,4
339,2324,4
339,2739,4
340,1196,3
340,3451,1
340,2915,1
339,948,2
340,2791,3
340,3213,4
339,1272,3
340,2565,4
339,2238,2
339,25,2
340,1,2
340,608,2
339,428,1
339,1678,1
339,2020,4
339,3408,4
339,446,4
339,3386,3
340,3444,2
340,902,4
339,2969,3
339,73,2
339,2943,1
340,150,1
340,933,2
340,1641,3
340,3418,1
339,1960,4
339,3100,3
339,1964,2
340,2313,3
339,3011,4
339,2728,3
339,3201,2
340,2018,4
339,3363,4
339,1094,1
339,1719,4
339,2076,1
340,1945,2
339,3090,1
339,296,1
339,1231,4
339,36,2
340,940,3
339,1185,1
340,941,1
339,971,3
339,1172,1
339,3668,1
340,2728,1
339,1196,2
340,920,2
339,3071,4
340,1193,4
339,3735,4
339,3148,3
339,515,3
339,272,4
339,3467,3
339,1280,1
340,1340,4
339,1957,2
339,2132,4
339,1357,4
340,1250,4
340,3548,1
340,3035,3
339,1952,2
339,2028,2
339,1956,3
339,1247,4
339,308,3
339,235,1
339,1299,4
339,800,4
339,3067,4
339,1358,2
339,58,2
339,1949,2
340,969,4
339,1104,2
339,1873,3
339,1250,1
340,3114,3
340,3334,2
340,955,4
339,2966,4
340,903,3
340,926,2
339,1193,3
339,3468,2
340,910,1
340,923,3
339,908,2
339,1221,1
339,318,2
339,912,2
340,922,1
340,912,1
340,1207,4
339,858,1
339,923,3
339,608,3
340,595,1
340,2078,2
340,1035,2
340,918,4
340,1028,4
340,919,4
340,1282,3
340,594,2
340,914,4
340,1321,2
340,2636,3
340,2644,2
340,2716,4
340,2366,4
340,2664,2
340,1219,3
340,3251,4
340,1086,2
340,950,4
340,913,1
340,1269,3
340,906,1
340,904,1
340,1617,4
855,1484,4
339,2950,4
339,111,3
340,2628,3
340,2174,3
855,141,3
855,1611,4
855,3723,3
340,260,3
340,2087,3
340,1097,2
339,1210,3
855,2406,4
855,480,1
855,3039,2
855,1002,3
855,242,4
340,1079,2
340,1394,4
340,2918,4
340,1270,3
340,1259,4
340,1197,2
339,1961,2
339,1251,3
855,1680,1
855,2006,3
855,1268,4
855,1297,2
855,3176,4
855,3392,2
855,351,4
855,2657,1
855,2161,1
855,3108,3
855,364,3
855,1476,3
855,1321,2
340,2379,4
340,1968,3
855,1810,2
855,524,1
855,3255,4
855,2779,4
855,663,1
855,1580,2
855,662,4
340,2097,2
340,1210,4
340,248,1
855,101,3
855,588,1
855,2124,1
855,2096,3
855,1051,2
855,3526,4
855,2025,3
855,16,2
855,2005,2
855,2100,3
855,1285,2
855,785,3
855,417,3
855,2140,3
855,1643,1
855,3618,4
457,420,2
855,3186,4
855,3007,4
855,3809,3
855,2003,4
855,144,3
855,1777,2
855,2583,3
855,123,2
855,1343,4
855,3358,1
855,1042,2
855,441,1
855,1784,4
855,1127,3
855,2160,1
855,915,2
855,1663,2
855,1396,4
855,2943,1
855,1025,1
855,2687,2
855,1584,2
855,300,1
341,1214,1
341,2692,4
341,1912,3
855,2866,1
855,2797,2
855,2321,4
855,2137,4
855,515,1
457,1302,4
855,2384,1
855,555,2
341,1233,1
341,3265,4
855,2716,1
855,428,3
855,457,2
855,543,2
855,1682,2
855,1625,4
855,1032,3
855,1271,4
457,778,2
855,357,3
855,3210,2
855,1246,1
855,3521,1
710,714,4
341,648,2
341,1286,4
457,3101,3
342,3698,4
855,3060,1
341,3755,3
855,2693,2
342,788,1
342,2054,1
341,3510,2
457,2107,1
855,3129,4
855,2117,1
342,2093,3
342,442,3
342,3269,2
342,780,4
855,215,3
855,1885,1
855,1721,2
342,316,2
855,3398,1
855,3088,4
342,2407,1
342,1527,4
341,480,1
342,1573,4
342,1909,4
855,1500,2
855,3676,3
855,3893,3
342,2641,3
342,2985,2
341,2791,1
342,3699,1
341,3624,2
342,1653,1
342,480,3
342,2640,1
342,2916,4
341,1249,1
341,3300,3
855,2268,1
855,900,1
855,2565,4
342,1097,4
342,1127,1
342,32,1
342,3471,3
855,1635,4
855,1639,3
342,1240,1
342,1214,3
855,2064,4
855,1188,2
855,1302,2
855,531,4
457,2605,3
342,2699,3
342,3869,2
342,104,3
457,70,2
341,2858,2
342,3263,4
457,18,4
457,2126,1
342,368,1
342,380,3
342,3450,1
457,225,3
342,1476,2
342,587,2
342,3809,2
342,1777,4
342,1580,4
342,588,1
342,356,2
342,3253,3
342,3255,4
342,11,3
342,1060,3
342,69,1
342,441,1
457,3697,2
457,3686,4
342,2706,4
342,1500,4
342,700,2
342,2700,2
342,1265,3
457,1479,3
342,2858,2
342,1584,2
457,2763,2
342,344,3
342,19,1
457,1092,1
457,1320,2
341,327,1
342,231,2
341,2640,3
341,1584,1
342,785,4
342,1923,1
341,949,3
342,1356,2
342,1375,4
342,1374,1
342,329,3
342,1372,3
342,1376,1
342,1373,4
342,1371,4
342,2393,4
457,1573,2
341,110,2
342,1270,2
342,2011,1
342,2012,1
457,587,1
342,1196,1
457,1343,3
457,2542,1
457,3147,4
342,500,4
3596,206,3
342,3502,4
3596,2064,2
342,26,4
342,364,2
457,3535,4
342,3034,3
342,520,2
342,1027,1
3596,162,3
342,151,1
342,110,2
3596,1649,3
3596,1189,1
342,1917,2
342,1379,2
342,1378,1
3596,164,3
3596,2987,2
3596,746,3
342,1968,3
3596,2186,2
1165,3948,4
342,919,3
342,2005,1
457,165,3
457,1036,3
3596,1284,4
3596,1260,3
3596,3683,1
342,2716,4
342,2717,2
342,2471,4
342,2470,4
342,2918,2
3596,3930,1
3596,3925,3
342,1197,4
342,2396,2
1666,1250,1
1666,2791,3
342,1617,4
855,2729,4
855,1880,1
855,2174,3
855,778,4
342,2409,4
342,2412,1
342,1954,4
342,2411,2
342,2410,1
342,589,1
855,1673,4
342,1200,3
855,2065,2
855,2291,4
342,1036,2
342,165,3
342,1370,3
855,2313,4
855,1077,2
342,2762,3
855,293,3
342,2161,1
855,1946,4
855,3246,1
855,2348,1
855,1259,2
342,2406,3
855,589,1
855,914,2
342,1625,4
575,3481,3
855,1243,4
855,1223,2
342,553,3
855,916,2
855,1197,4
342,2683,1
342,1517,4
855,223,1
855,1258,3
855,1097,2
342,3033,3
855,1035,4
342,1387,4
342,2628,4
342,260,2
855,3571,3
855,1960,4
342,2571,3
855,1719,1
342,50,3
855,1073,2
855,1292,2
342,318,2
855,2762,4
855,1304,3
855,1235,4
623,377,2
855,1219,2
342,1210,3
342,3527,1
855,920,3
855,1411,1
855,2761,1
342,34,4
342,107,2
623,1912,2
342,2072,3
623,3267,1
623,1580,4
623,3104,1
342,1266,1
343,945,1
855,1265,4
855,296,3
855,1244,4
855,593,1
855,2804,4
855,50,2
855,3548,4
855,3429,2
623,6,1
855,318,4
457,58,3
343,3930,4
343,3926,3
343,3922,4
343,3921,4
343,3927,2
855,1207,2
855,917,2
623,1916,3
343,3932,1
855,858,3
855,129,1
346,3252,4
346,2420,4
346,62,4
346,3591,1
346,2739,3
346,261,1
343,3393,2
343,830,2
343,1283,2
346,1396,4
346,2106,1
346,590,4
346,538,2
343,111,1
343,3088,2
344,2701,1
344,3793,4
344,2987,2
346,1290,4
346,1401,3
344,2763,2
344,3114,2
344,2693,1
346,1968,2
346,1061,3
344,3157,4
344,3384,1
346,3270,1
346,3176,2
344,2762,2
344,2396,2
344,2013,1
344,2598,3
346,2194,2
344,968,2
346,300,4
346,3386,4
346,161,4
344,3623,1
346,592,1
344,2734,1
344,2723,2
346,1187,3
346,1103,4
344,913,3
346,3111,3
346,2313,1
346,1962,1
344,3175,3
344,3578,2
344,2716,3
344,3717,3
346,1096,3
346,477,3
344,3203,3
346,1584,3
346,3098,3
346,1097,4
346,2866,4
344,2770,1
344,2355,2
346,1172,2
344,2710,1
346,1682,4
344,2699,2
344,2683,2
346,1012,2
346,1246,3
344,1127,1
344,2858,3
344,2706,4
346,337,4
346,953,2
346,1673,3
453,2872,4
346,3105,4
346,3006,4
453,3255,1
346,3147,1
344,1374,4
344,329,4
344,1372,3
344,1373,4
344,1375,3
344,1376,4
344,2393,1
344,1371,2
344,1356,1
346,1242,1
346,3360,2
453,2268,4
453,3100,3
346,3359,2
346,2398,2
352,2767,2
346,1224,1
346,1704,2
346,296,1
346,2728,4
346,608,4
346,2324,3
346,593,3
344,260,2
344,2628,4
346,1276,3
453,428,3
344,296,3
346,1213,1
346,527,3
346,1207,2
344,1445,3
344,2817,1
344,3767,3
344,3766,1
344,3768,4
344,2816,1
346,1221,4
453,1673,1
346,923,4
346,1196,4
346,318,1
344,2402,1
344,2404,2
344,3441,2
346,3095,1
346,858,1
4116,3510,1
453,3363,4
453,2329,1
453,2959,3
344,2815,4
344,1920,1
344,2818,4
344,466,1
344,3372,2
344,1391,4
344,1586,1
344,3406,2
344,1676,4
4116,3861,4
453,1957,3
344,266,3
344,780,2
344,3366,1
344,3519,2
344,3066,4
453,529,1
346,2339,2
346,3391,4
352,427,1
4116,3751,2
344,3753,2
344,161,2
453,954,2
352,1681,3
453,924,1
346,1410,1
344,1210,3
346,438,3
352,2389,1
352,1772,2
344,2890,3
344,110,2
344,1222,3
344,2028,4
344,356,4
346,4,3
352,502,4
453,111,3
346,1126,3
346,2296,2
344,3196,2
344,1090,2
344,912,1
352,2168,4
352,3919,4
352,1499,2
352,478,4
352,283,2
346,1353,2
346,3841,4
344,1272,3
344,1262,2
344,527,2
346,818,3
344,1242,4
344,3836,4
344,1196,1
344,1233,2
344,1250,3
346,2375,2
453,1616,4
453,3441,1
453,780,3
346,520,2
346,3248,2
453,3448,3
346,1005,4
346,186,4
344,3948,1
453,110,4
453,2890,2
346,1379,4
1002,1222,3
1002,2352,4
453,1200,1
453,1208,2
346,203,3
346,413,3
1002,1189,3
346,1689,1
346,2335,4
1002,3422,1
346,2717,4
346,333,2
344,1721,1
1002,3072,3
1002,1238,3
1002,1079,1
453,1262,4
344,2991,2
344,553,3
344,1198,3
352,438,2
1002,3424,2
346,586,1
1002,1307,1
1002,2064,4
346,1135,1
352,2412,1
352,2296,3
344,1270,3
346,3388,4
453,3753,2
1002,1231,4
346,1091,1
346,2861,4
453,3793,2
453,3578,1
345,1704,1
1002,1225,1
346,157,4
345,1186,2
346,466,2
346,2478,2
346,2372,1
346,248,4
345,2919,2
346,2796,1
346,516,3
345,1296,2
345,3897,4
346,1461,1
346,1390,3
346,2016,4
345,2362,4
345,1231,3
345,1094,1
345,34,1
346,2961,1
346,2735,2
345,3359,1
345,593,4
345,2858,1
346,2413,3
346,3033,1
346,2683,1
346,2792,1
346,2012,1
352,250,4
345,1247,1
345,2908,4
346,2133,1
346,2011,3
346,552,2
352,2162,2
1002,3916,3
345,1922,2
352,2426,3
346,2014,3
346,3399,2
1002,3188,3
345,1213,3
345,1228,3
352,1508,1
346,1784,1
346,3524,1
346,1042,3
345,111,1
346,3247,2
346,1569,4
346,637,2
345,1221,1
346,587,2
346,1747,4
346,514,2
345,3138,3
346,2302,4
346,2390,1
346,1958,3
346,585,1
346,3608,4
346,2134,3
352,228,3
352,3130,2
346,1614,1
346,2795,2
352,355,4
352,54,1
352,1445,3
345,858,3
352,455,2
352,1382,4
346,2539,3
345,124,1
346,708,2
345,1210,3
352,2315,4
352,3705,2
352,2822,4
352,724,2
346,3255,3
346,3040,2
346,356,3
346,3448,4
346,3809,4
352,432,4
352,3841,2
352,3127,2
346,372,2
345,2165,4
352,209,2
352,2293,3
352,2431,1
1002,3173,3
346,3398,2
346,3712,1
346,2144,1
1002,292,1
345,94,1
346,2078,2
346,3096,1
346,2797,4
346,2406,2
346,11,4
346,3253,3
346,3397,4
346,2100,2
346,1580,3
346,3451,2
346,3175,2
346,3868,2
346,1279,2
346,3526,3
346,441,4
346,1359,3
346,2918,3
346,2359,4
346,1060,1
346,1500,1
346,1073,1
346,3396,3
1002,1727,3
346,1292,4
346,2926,4
352,15,2
352,640,2
346,2716,3
346,1270,1
346,2174,1
346,2384,4
346,39,1
346,1265,1
346,2690,2
346,671,4
352,315,3
352,1769,3
352,173,2
352,1665,4
346,1537,3
346,1641,4
1002,1693,2
346,345,1
346,2108,4
346,3361,4
346,1449,1
1002,1476,3
2208,1910,3
352,2084,1
346,3911,2
346,1079,2
346,951,4
2208,2952,1
352,191,4
352,312,4
346,1,2
2208,3751,1
346,1230,4
352,710,3
346,1223,4
346,3429,4
346,745,1
346,2858,1
346,910,3
346,3629,2
346,2804,4
346,2088,2
346,1088,3
346,1416,2
352,3158,1
352,177,1
352,2479,4
1002,590,1
346,3599,3
346,1081,1
346,907,1
346,1220,4
352,2142,1
352,1801,4
346,588,1
346,1951,4
346,1066,2
346,1067,1
352,1601,3
346,2746,4
346,1282,2
1002,3386,2
346,2096,1
346,594,1
346,1029,3
346,2083,4
346,3549,2
346,107,1
352,499,4
352,379,2
352,762,4
352,1342,4
346,918,4
346,1028,4
346,2565,2
346,1035,2
346,3061,2
352,3439,1
352,1359,2
346,919,3
346,1288,3
346,3606,4
346,3545,2
352,20,4
352,42,4
352,168,2
352,1126,4
346,64,1
352,193,4
352,537,2
352,707,3
352,1410,4
352,1021,1
352,418,1
352,725,2
346,182,3
352,2505,1
352,2325,2
352,3489,3
346,2297,1
352,273,1
352,1100,1
352,466,3
1002,3148,1
352,2356,1
352,998,4
346,46,4
346,736,2
346,351,3
352,520,4
1002,21,2
1002,1120,2
346,1457,1
346,2146,1
346,2724,2
352,81,2
346,697,2
346,266,3
352,1918,4
352,1677,2
352,1726,4
346,3269,2
346,2369,3
1002,1729,3
1002,2890,3
346,1380,4
352,370,4
352,157,2
1969,2662,2
346,605,4
346,2469,2
346,7,1
346,339,2
352,485,4
352,122,1
352,784,3
352,119,4
1002,150,2
352,2335,4
352,435,4
352,2126,1
1969,1220,4
352,1609,2
346,2125,3
346,2081,2
1002,1673,4
1969,1214,3
352,216,2
352,2169,3
1002,529,3
1002,1393,2
1002,1183,3
346,3044,4
346,222,4
352,44,2
352,185,3
346,932,2
346,380,1
1002,300,4
352,1866,3
352,1917,4
352,1804,2
352,2829,1
352,89,3
346,1777,1
346,1680,4
346,2006,3
1002,235,1
346,357,1
352,275,4
352,2625,4
352,3257,3
1969,2759,3
1002,1594,2
1002,58,3
1002,25,1
346,900,2
346,945,1
352,3165,4
352,533,2
352,2875,2
352,459,4
346,914,3
346,2080,1
1002,2289,3
1002,994,3
352,1442,2
346,440,1
346,2502,1
352,806,3
352,408,2
346,2424,1
346,497,2
346,1722,4
352,208,3
352,1762,3
1002,3006,3
1002,36,4
346,915,4
352,1586,1
352,3247,4
352,203,1
352,2060,2
352,2002,1
346,1393,3
346,899,1
346,1947,4
352,2082,4
352,3045,2
352,2620,1
346,597,2
346,1101,2
346,2671,4
346,3358,4
1002,1094,4
352,586,2
352,2387,2
352,1687,4
1002,2966,2
1002,2028,1
1002,1704,3
346,1210,3
346,2145,2
346,361,2
352,376,4
352,434,4
352,516,3
352,3764,2
352,309,1
1002,1213,3
1002,296,4
1002,1041,3
1002,608,4
346,3259,2
346,928,4
346,1197,3
352,70,2
352,3500,4
352,1836,3
346,2396,1
346,1721,3
346,2941,4
346,1307,3
352,1422,3
352,450,3
352,3272,2
346,912,4
352,424,3
352,95,3
352,3773,4
352,333,3
352,344,3
352,996,3
352,165,3
352,210,4
352,2297,3
352,1488,3
352,3869,2
352,7,1
352,879,3
346,3578,2
346,3751,4
346,3753,3
346,3159,1
352,365,1
352,1833,3
352,697,3
352,3020,3
352,3254,1
346,3196,2
352,5,3
352,1479,2
352,86,4
352,2793,4
346,1961,4
352,1552,3
352,1461,3
346,3705,4
346,2028,2
346,1955,4
352,1792,2
352,2616,4
352,378,2
352,2540,2
352,1606,1
352,2587,2
1002,3317,2
352,1390,2
352,2803,3
352,3249,4
352,2023,1
352,695,4
352,252,4
352,2167,3
352,1518,4
352,802,3
352,231,4
352,14,4
352,3425,2
352,2236,2
352,1405,3
352,3438,4
352,893,1
352,1777,2
352,2106,1
352,1597,2
352,539,3
352,869,2
352,783,1
352,330,3
352,3243,1
352,2561,3
352,991,1
352,2893,1
352,383,2
352,517,2
352,1049,1
352,1701,4
352,552,2
352,1711,2
352,3274,1
352,1409,4
352,648,1
352,442,1
352,1003,2
352,3253,2
352,3446,4
352,3686,4
352,2120,1
352,451,4
352,653,2
352,612,3
352,500,4
352,999,3
352,543,4
352,2273,1
352,1619,4
352,1092,2
352,2567,2
352,225,3
352,2006,2
352,2880,4
352,2052,2
352,371,3
352,112,2
352,3145,2
352,465,2
352,384,2
352,175,4
352,1339,2
352,492,2
352,2496,1
352,159,4
352,799,4
352,303,3
352,422,2
347,1292,2
347,531,1
352,1608,4
352,3259,1
352,410,1
352,1914,4
1451,3565,3
352,1686,1
347,2917,4
352,597,2
352,2340,2
347,2857,2
347,457,3
352,1785,3
352,1566,3
352,458,3
352,10,2
352,1027,2
347,1704,4
352,1459,3
352,3426,4
352,3809,1
352,317,1
352,1916,2
352,1414,1
352,353,3
352,2334,1
352,832,2
347,720,1
352,3107,1
352,2302,2
1451,1277,4
347,3363,2
347,36,1
352,1611,3
352,2195,1
352,2718,4
352,1093,4
352,377,2
1451,3489,1
352,2889,4
352,380,4
352,1651,3
347,1957,1
352,1472,4
352,1401,1
352,647,1
352,3712,1
347,296,1
1451,3745,1
352,2424,1
352,488,1
352,733,3
352,440,4
352,524,3
352,2125,3
352,494,1
352,441,1
352,339,4
347,2070,4
347,2329,3
1451,3571,2
352,805,3
352,1351,2
352,1840,2
352,1183,1
352,1799,3
347,1961,4
347,1150,4
347,1300,1
352,1621,4
352,1909,2
352,1569,4
352,1907,4
352,3263,2
347,1089,1
352,1729,2
352,3255,3
352,1722,4
352,538,3
347,3471,2
347,1950,4
352,1476,1
352,2582,2
352,861,4
352,2058,2
352,141,4
352,3358,3
347,246,2
352,78,2
352,52,1
352,11,1
352,1884,2
352,2231,1
352,1645,3
352,367,1
352,1464,4
347,2762,3
347,1242,3
347,3504,2
352,1659,3
352,123,4
352,2294,3
352,83,1
347,1136,4
347,3811,1
347,3462,3
347,1282,2
352,124,2
347,1234,4
352,547,2
352,349,1
352,3386,1
352,1721,1
352,1773,1
352,1564,2
352,1672,2
352,1732,4
347,2324,3
352,345,2
352,2155,3
352,588,4
352,45,4
352,650,1
347,1419,4
347,3011,2
347,1956,4
347,3201,3
347,608,3
347,1927,1
352,1407,4
352,151,4
352,3246,1
352,340,2
347,2804,2
347,1198,3
347,1247,4
347,1225,3
352,493,3
352,2321,3
352,1484,2
352,431,3
347,1952,2
347,1299,4
347,50,3
347,2859,3
352,590,3
352,491,4
347,2028,4
347,1617,1
347,919,2
347,2303,3
352,364,1
352,1639,2
352,94,1
352,1883,4
347,1250,4
352,1120,2
352,1788,1
352,1408,2
352,301,2
352,354,4
352,357,1
352,3108,2
352,471,4
352,409,2
347,3095,3
347,904,1
352,3256,1
352,1517,1
352,1589,3
352,350,3
347,1233,4
352,475,1
352,507,2
352,1466,1
352,2391,3
352,2268,2
352,446,1
347,923,1
975,3484,3
352,6,2
352,1171,3
352,1187,2
352,2108,3
352,2916,1
352,3060,2
352,3476,2
352,509,3
352,1584,4
352,1094,1
352,161,4
352,508,4
352,16,1
352,3267,2
352,1343,1
352,866,3
975,3755,2
975,3534,1
1954,3844,3
1954,3160,4
352,3178,2
352,2883,1
352,1542,3
352,1923,1
347,3257,1
352,3148,3
352,428,3
352,348,4
352,1449,1
352,3499,2
352,1393,2
352,1641,3
352,279,3
352,3105,2
975,3513,4
975,3510,1
975,3481,2
347,236,3
347,207,3
352,1834,2
352,2329,3
352,2103,4
347,2724,4
347,3,1
352,1041,4
352,25,4
352,1354,2
352,1682,2
347,2506,4
347,1409,4
347,351,1
352,272,2
352,1678,3
352,300,3
352,1673,4
352,2501,4
347,1888,2
347,3528,4
347,852,1
347,1542,2
347,539,3
352,448,3
352,249,1
352,3078,4
347,2006,1
347,708,4
347,1959,4
347,342,4
352,2278,4
352,69,1
352,1784,2
347,377,3
347,2243,1
347,2406,1
347,2969,2
347,222,4
347,920,2
347,357,3
347,1357,4
352,1730,4
352,3052,4
352,2291,1
352,97,4
352,778,2
352,2689,3
352,62,2
347,440,4
352,337,1
352,1747,3
352,551,3
347,265,2
352,293,1
352,2427,3
352,352,4
352,1060,4
347,1393,4
347,85,4
352,529,2
352,3147,3
352,2159,4
347,1244,1
347,2108,3
347,1265,4
352,1610,1
352,1147,3
352,3000,2
352,1179,2
352,1095,4
352,3006,1
352,2890,3
352,800,4
352,388,3
352,2359,3
347,2919,1
347,969,1
347,899,2
347,1172,4
347,898,3
348,466,2
347,2692,2
347,1230,1
348,3372,2
348,780,3
348,3367,1
348,3643,2
348,3519,3
348,266,2
348,1676,2
352,150,4
347,1207,3
348,3406,4
347,912,4
352,36,1
348,2662,2
348,151,2
348,3366,3
1001,1909,4
348,2670,3
348,3753,1
352,235,2
352,1266,1
352,47,2
1001,2297,1
348,3448,1
348,3836,4
348,3062,2
348,2067,4
348,1408,1
352,1594,2
347,3911,4
352,1,2
352,1054,1
352,1089,2
348,1094,4
348,3654,2
348,969,4
347,3072,4
348,110,1
348,1960,4
1001,2126,4
348,2944,1
347,356,2
1001,1894,2
348,1944,2
348,1256,1
348,1250,4
348,1090,1
348,1263,1
1001,1881,2
1001,2545,4
347,3246,4
348,1272,2
348,3811,1
348,920,1
348,1233,4
348,1196,3
348,1299,2
348,1294,4
352,456,1
352,30,2
352,1537,3
347,1721,2
352,1358,4
352,1243,4
347,2106,2
348,527,1
348,1208,1
348,1204,3
348,912,2
348,1262,1
1001,2431,1
1001,2272,1
348,2701,3
1001,2058,2
1001,2310,3
348,383,4
348,2012,2
348,964,3
352,29,2
352,678,3
352,296,3
348,368,3
348,3682,3
348,1008,1
352,1213,2
352,336,3
348,2527,4
348,3508,1
348,2401,1
348,3873,3
348,3494,1
352,246,3
352,1361,3
352,162,2
352,994,1
352,608,4
1001,2392,2
1001,1798,4
348,3671,3
348,1201,4
348,590,1
348,3681,2
348,2951,3
352,714,3
352,1617,4
352,527,4
352,1413,2
352,1180,2
1001,2385,4
348,3871,2
348,3074,4
348,3030,3
348,1283,3
348,3467,1
348,3037,2
348,1304,1
348,553,1
1001,2062,1
352,3265,1
352,50,2
352,1233,3
352,2324,2
352,525,3
352,318,4
1001,2626,4
1001,2169,1
1001,1758,4
1001,2168,3
348,1416,4
353,3751,4
353,3624,1
353,3578,2
352,3390,1
348,3604,4
348,2877,2
348,2941,1
348,1083,2
348,1380,4
348,3549,3
348,3610,1
348,2657,3
353,2762,3
353,593,2
1001,1917,1
348,1220,4
348,1066,4
348,3675,3
348,900,4
1001,2188,4
348,1022,3
348,2746,4
348,2096,1
348,588,1
348,2087,3
348,2857,1
1001,2763,2
348,907,4
348,2565,2
353,866,2
353,2391,1
353,2000,4
353,1617,4
348,1035,1
348,919,1
353,1213,2
353,1179,1
353,3362,4
353,50,1
353,296,3
1001,3081,4
353,608,2
348,2946,4
348,1951,2
348,3545,2
348,2863,4
348,3061,1
1001,2598,1
1001,2724,4
1001,2829,2
1001,2629,3
1001,2720,2
1001,2446,1
1001,2882,1
348,2628,1
348,1088,2
1001,2995,2
1001,2586,4
1001,2558,4
1001,3115,2
348,1210,4
348,1964,3
348,2006,2
1001,2712,1
352,3877,2
352,2422,3
352,2404,4
1001,2540,4
1001,2541,4
1001,2771,3
1001,2976,2
1001,2770,3
1001,3867,3
352,2458,3
352,2260,4
1001,3951,2
352,1991,3
352,2451,2
352,2473,3
352,3918,4
352,2471,4
352,2421,2
352,3708,1
352,2642,2
352,2815,4
352,2123,4
352,3388,2
352,3715,1
352,2475,4
352,2403,1
352,3017,2
352,2478,2
352,2410,1
352,2072,3
352,3395,1
352,1974,4
352,2517,4
352,3387,3
352,3389,4
352,2373,3
352,2513,2
352,2143,2
352,2374,2
352,2375,3
352,2378,2
352,3710,1
352,3525,1
352,1088,1
352,2148,4
352,2735,3
352,3423,3
352,3846,3
352,2405,3
352,2717,1
352,1101,4
352,2613,4
352,2794,3
352,2146,3
352,1378,1
352,2472,1
352,3844,4
352,3698,1
352,3444,2
352,2416,4
352,2990,1
352,2141,1
352,2470,3
352,2001,3
352,2133,4
352,2240,2
352,2301,3
352,3036,4
352,2290,2
352,2476,1
352,3087,4
352,3478,2
352,1173,1
352,2073,2
352,3591,2
352,3480,4
352,2414,4
352,2420,2
350,21,1
350,1610,4
350,474,2
1043,3911,2
352,2469,3
352,2003,2
352,2518,1
350,589,3
350,2692,2
352,1286,2
352,2100,3
352,2474,1
352,2111,2
350,3793,4
350,3300,4
350,2723,2
350,329,1
350,2094,4
350,60,1
352,3101,4
352,3397,2
352,2371,3
350,1566,2
350,1372,4
350,380,1
352,1297,2
350,1356,3
350,2006,4
352,3524,2
352,3552,2
352,2739,4
352,2551,2
352,2115,2
352,2161,3
352,3398,3
352,2406,3
352,1347,2
350,3175,3
350,2916,2
350,480,1
350,590,3
352,3526,1
350,799,1
352,3917,2
352,3039,2
352,1186,3
352,1967,1
350,1784,3
350,3712,4
350,2321,2
350,1923,1
350,551,1
352,2463,3
352,2867,3
350,2355,1
350,3255,3
350,1713,1
352,2795,3
352,1302,1
352,3527,1
352,2915,1
352,1285,1
350,357,4
350,1500,2
350,2359,4
350,2396,3
350,3114,3
352,3727,3
352,1261,2
352,2797,2
352,2000,4
352,3448,3
352,1222,4
352,2174,2
352,2150,4
352,2130,4
352,2114,4
352,1275,4
352,2064,4
352,3104,3
352,2081,4
352,1210,3
352,3361,4
352,3071,1
352,3837,3
352,2243,4
1451,2062,3
352,1674,4
352,2248,3
352,1246,3
352,1090,1
352,1079,1
352,1172,2
350,2858,4
350,1,1
350,1265,1
350,1148,3
352,1307,2
352,1197,3
352,1288,1
352,1259,2
352,1200,1
352,1240,3
352,1036,4
352,2918,3
352,2791,3
352,1962,4
352,1096,2
352,1293,2
350,832,3
350,3044,1
350,10,2
350,2699,4
350,2353,1
352,1394,2
352,1960,2
352,1242,2
352,1185,3
352,1231,3
352,1217,3
352,1218,2
352,3019,2
352,541,3
350,733,1
350,1370,2
350,377,4
350,1909,1
352,3608,1
352,1228,3
352,1225,2
352,1957,4
352,1198,1
352,2973,2
352,1956,4
352,1300,3
350,2617,2
350,2571,3
350,161,4
352,2804,1
352,1299,2
350,457,2
350,1921,3
350,1249,3
350,1358,4
350,3147,2
350,2391,1
352,2459,2
352,1007,2
350,2762,4
350,593,2
350,608,3
352,2409,3
352,2347,4
352,1030,4
352,3760,3
352,1031,3
352,2657,1
350,1580,1
352,3034,4
350,3399,1
350,3928,1
352,2138,2
350,2628,4
350,3262,4
351,222,2
352,3812,1
352,1073,2
352,1345,1
352,3037,2
352,3733,2
352,3671,2
352,2109,3
352,3498,3
352,1954,4
352,2871,2
352,1955,4
352,3396,4
352,3152,2
352,1208,2
352,3421,1
352,3200,2
352,1272,4
352,1080,2
352,1278,1
352,1078,3
352,1387,3
352,3504,2
352,3135,3
352,1263,4
352,1136,2
352,1244,1
352,1953,1
352,1234,4
351,2890,1
352,1193,3
352,1230,2
352,858,3
352,1221,4
351,1873,1
351,2028,2
351,3006,4
351,1270,4
351,583,1
352,2643,2
352,1862,3
352,611,2
351,216,2
352,2450,4
351,3751,4
352,1750,1
352,880,4
352,2448,4
352,3802,1
352,504,4
352,2986,2
352,160,4
352,2053,1
351,2599,4
352,2322,3
352,1779,3
352,1831,3
352,3660,1
352,1544,3
352,196,1
352,1037,2
352,3156,1
352,3758,3
352,849,1
352,1391,1
352,2034,2
352,512,4
352,3697,1
352,2012,3
352,76,2
352,2094,3
352,3033,4
352,1676,4
352,2615,1
352,780,1
351,58,1
352,788,1
352,3827,2
352,2054,2
352,316,4
352,3704,4
352,1372,4
352,2393,3
352,329,2
352,2641,2
352,2105,4
5424,3755,3
352,2117,3
352,2628,1
352,2011,3
352,1019,2
5424,3481,3
352,610,1
352,2046,1
352,1334,3
351,527,2
352,1921,3
352,1573,2
352,480,1
352,198,1
352,2407,4
352,1527,2
351,1619,2
352,2985,3
352,2116,3
352,3701,4
352,1580,2
352,1274,1
352,2527,3
352,2021,1
351,2686,1
352,2640,2
352,1356,2
352,1653,1
352,1396,4
352,1748,3
351,3148,1
352,32,4
352,1215,2
352,1374,1
352,2140,3
352,3702,2
352,2662,4
352,2968,4
351,2501,1
352,3576,1
352,924,2
352,3699,2
352,1077,3
352,1206,4
352,1097,4
352,3703,3
352,2571,3
352,1199,3
352,3471,2
352,1270,2
352,1214,1
352,260,1
352,1196,2
352,589,3
351,2324,2
351,608,2
352,3718,1
352,3327,3
352,3182,3
352,1283,3
352,2664,3
352,1103,2
1383,1412,3
352,2019,3
351,1947,2
352,905,1
352,919,4
352,1260,2
352,1256,3
1383,598,2
352,2365,1
352,2947,4
352,2944,3
352,2905,1
352,2951,2
352,1201,1
351,2671,1
354,86,4
354,3793,3
354,2987,3
351,2857,4
354,2672,2
354,2070,1
351,1235,2
351,1704,3
1383,3391,1
354,2840,2
354,3157,2
354,314,4
354,2762,1
354,3081,4
354,2686,2
354,2560,3
1383,1490,3
352,2714,1
352,3793,1
352,2987,1
352,2701,3
352,2693,2
352,3745,1
352,3176,3
352,2672,4
352,3157,1
352,2702,3
354,2598,2
354,3300,2
354,2013,1
351,480,3
352,2762,1
352,3185,3
352,314,3
352,3081,4
352,2396,1
352,2700,4
352,2841,3
354,3753,4
354,2502,4
354,3219,3
351,1920,1
354,2723,1
354,3354,4
354,3623,4
354,2734,2
352,2395,1
1383,3392,3
351,3451,1
351,2144,2
354,3160,4
354,3174,4
352,2013,2
352,2686,3
352,2394,3
352,2560,3
352,24,1
352,3219,1
352,2901,3
352,2574,2
352,3753,4
352,2568,2
352,2581,4
352,968,2
352,3623,4
352,2723,1
1383,3841,2
1383,1731,4
352,2805,2
352,3354,1
352,3160,3
352,2310,3
352,3174,1
352,3053,4
352,2390,1
352,2713,3
352,2882,3
352,785,1
352,2392,3
352,2318,2
352,407,4
352,3175,1
352,2716,3
352,3578,1
352,3717,1
352,2688,4
352,2580,3
352,2959,4
352,2428,1
352,2712,3
352,3115,1
352,2861,2
352,2434,3
352,3408,4
352,2605,3
352,2599,3
352,2336,2
352,233,3
1383,3156,2
352,3543,4
352,2881,1
352,2369,3
352,2722,3
352,2541,1
352,2433,1
352,223,4
352,3016,2
352,3751,2
352,3005,4
352,2976,1
352,2908,4
352,2770,3
352,2355,3
354,2720,4
354,2676,3
354,2882,3
354,2761,4
352,3285,4
352,2710,4
352,3298,1
352,2997,1
354,2719,3
352,3004,4
354,3175,1
354,2716,1
354,2688,1
352,2707,4
352,3155,4
352,3179,3
352,2699,3
352,2683,4
1383,1588,1
354,2959,4
352,2706,3
352,1127,2
352,3534,2
352,2858,1
352,2826,4
1383,1665,4
354,2605,2
354,3408,4
353,3844,4
354,2881,2
354,2369,3
354,3203,3
354,2355,1
354,3005,2
354,2976,1
353,2333,1
354,2997,1
354,2710,3
352,1282,4
352,111,3
353,2570,1
352,326,1
352,1690,3
352,1961,2
354,2555,2
354,3155,2
354,2707,3
354,3593,1
354,2699,4
354,2858,1
354,2826,3
1383,762,2
1383,432,3
1383,2953,2
1383,355,3
353,1288,3
353,2514,4
353,1193,4
1383,520,4
353,1221,3
353,861,1
353,1198,2
1383,2471,3
1383,1391,1
1383,765,3
354,110,3
354,3018,2
354,1967,3
354,1997,1
354,1197,2
354,3555,1
354,1237,2
354,908,3
1383,1126,3
1383,2413,4
1383,276,4
1383,673,2
1383,1816,4
1383,830,3
1383,195,2
1383,2829,1
1383,3248,4
1383,2331,1
1383,275,4
1383,719,3
1383,1184,1
1383,3599,1
1383,3500,2
1383,2587,4
1383,289,1
1383,586,1
1383,2793,2
1383,3247,1
1383,2796,2
1383,2052,1
1383,1614,2
1383,1020,1
1383,2416,1
1383,231,4
1383,2696,2
1383,1701,1
1383,585,2
1383,2567,1
1383,248,4
1383,552,2
1383,3450,2
1383,2014,4
1383,372,4
1383,2558,2
1383,2012,3
1383,144,1
1383,2539,3
1383,3809,1
1383,3263,4
1383,2302,4
1383,339,1
1383,934,4
1383,1732,4
1383,500,3
1383,367,3
1383,2978,3
1383,2518,4
1383,2111,3
1383,3552,1
1383,2589,3
3150,1892,2
3097,296,3
355,47,3
355,1,1
1383,3466,3
1383,1641,3
3097,3578,4
3097,3515,3
3097,3594,2
355,1265,3
355,3160,4
1383,21,1
3097,3512,2
3097,3538,3
355,1089,2
355,110,1
355,2997,1
355,2396,1
1383,3363,2
355,2858,2
355,2028,3
355,527,2
355,318,1
355,296,3
355,593,1
1383,1067,3
5395,2686,4
1383,2088,3
1383,1381,1
2868,3948,2
1383,2083,1
1383,901,3
1285,2644,4
1285,2633,4
1285,2366,3
1285,920,2
1285,1340,1
355,3354,1
355,3534,1
355,3513,1
355,648,4
1285,919,4
1285,2648,4
355,3745,2
355,3753,4
355,3793,2
355,3481,2
355,3159,4
355,3624,3
1285,1998,2
1285,1388,3
1285,2459,1
1285,2536,1
1285,2367,1
1383,3600,1
355,2081,1
355,1678,2
1285,3732,4
1285,3590,4
1285,2523,2
1285,2409,4
355,589,2
355,1193,2
355,1431,3
1383,2181,3
1285,2531,1
1285,3506,3
1285,1371,3
1285,3430,4
1285,1327,4
1383,1013,2
1383,3604,2
1383,1018,2
1383,3633,2
1285,2040,4
1285,2177,2
1285,2524,4
1285,2535,1
1285,2530,4
1383,2160,1
1285,1194,3
1285,2789,1
1285,2901,4
1285,3638,2
1285,2520,1
1285,2533,1
1285,1380,1
1285,2013,3
1285,3812,1
1383,2078,3
1285,3729,1
1285,3040,1
1285,2657,1
1285,3099,3
1285,3639,2
1285,2527,2
1285,2009,4
1285,2640,1
1285,2991,4
1285,3420,2
1285,1125,4
1285,3445,1
1285,3769,3
1285,3635,1
1285,3032,3
1285,2528,4
1285,2923,3
1285,3015,1
1285,2779,4
1285,3724,3
1285,1982,2
1285,1082,3
1285,1350,3
1285,1161,2
1285,2109,4
1285,3384,1
1285,3066,1
1285,1345,4
1285,3167,2
1285,1073,1
1285,3371,1
1285,3074,4
1285,2239,3
1285,3200,2
1285,3135,2
1285,2921,4
1285,2730,3
1285,3671,3
1285,1078,4
1285,3421,1
1285,3682,1
1285,3498,1
1285,3194,4
1285,3037,3
1285,2347,2
1285,2138,4
1285,3093,4
1285,3702,4
1285,1997,4
1285,1964,3
1285,3471,3
1285,3676,2
1285,3363,3
1285,3733,3
1383,956,1
1383,3928,2
1285,1387,1
1285,2074,2
1285,2932,2
1285,3551,2
1285,2871,3
1285,1955,3
1285,2361,2
1383,906,3
1383,918,1
1383,2654,3
1285,1080,1
1285,1953,1
1285,2971,1
1285,3362,1
1285,2819,1
1285,1234,4
1285,2238,1
1383,2018,3
1383,2651,4
1285,1206,1
1285,2788,3
1285,3545,3
1285,2303,3
1285,1244,4
1383,2940,2
767,2565,4
767,3871,1
1383,1284,3
767,3196,4
1383,1934,2
1383,954,1
1285,897,1
1285,596,4
1285,2018,2
1285,1029,1
1285,2654,3
1285,2935,4
1285,1282,1
1285,953,1
1285,3606,3
1285,1254,4
357,588,2
357,1064,2
357,1608,2
357,2152,4
357,1592,2
357,999,2
357,2826,3
357,1367,4
360,1197,1
357,2161,1
357,2162,1
357,126,1
357,180,2
357,3108,4
360,2501,4
360,1231,3
357,3105,3
360,1282,3
360,150,3
357,3186,2
356,3709,2
356,2516,1
357,1704,2
357,318,4
360,1674,4
357,594,3
360,1233,1
360,457,2
357,1619,2
357,47,2
356,2121,3
356,1690,1
357,1246,3
357,1645,1
356,2122,1
357,293,4
356,1771,2
356,3016,1
357,1748,3
357,481,3
357,18,3
357,1199,4
357,1222,4
357,1921,3
356,253,1
356,3499,1
357,3398,4
360,3114,4
357,166,3
356,1997,3
360,2398,3
357,253,4
357,111,1
356,3927,4
357,1060,2
357,1297,3
358,750,1
358,1204,1
358,2067,4
358,920,1
357,2109,3
360,527,3
358,3196,2
358,1250,1
358,527,1
358,3746,3
360,260,1
357,1175,4
358,2987,1
358,1267,3
357,778,1
360,1225,3
357,356,2
358,247,3
358,1019,2
358,367,4
357,280,3
357,1136,4
358,1283,2
358,3467,4
358,590,2
358,3871,4
360,1957,1
358,1111,2
358,1050,1
358,2064,3
358,549,1
380,2407,2
380,2003,4
380,141,4
380,1580,3
358,162,1
358,3188,2
356,2617,3
360,3389,3
380,441,4
380,1884,4
380,587,4
380,3261,3
356,60,4
358,246,1
357,1357,3
380,3591,2
380,2247,4
380,2302,3
380,543,3
360,2950,3
380,380,3
380,2406,2
380,2463,4
380,449,2
358,2943,2
380,3740,3
380,104,1
358,1669,3
358,534,2
380,3448,2
380,2100,3
380,1732,4
380,3070,4
380,2423,2
380,3052,4
380,2797,2
380,1073,4
357,29,2
380,2542,1
358,899,1
358,2080,1
358,914,3
358,1035,4
357,2959,4
356,480,3
356,2672,1
380,52,4
380,3039,2
357,541,4
358,594,4
358,919,2
358,3545,2
358,2565,3
357,1193,4
359,2683,1
359,2555,4
357,1258,2
357,2712,2
357,750,2
359,2572,1
359,2858,1
359,2706,1
359,2188,2
380,2109,4
380,2891,2
380,3253,2
357,1206,3
380,1500,4
358,3470,4
358,1224,3
358,3090,1
357,924,2
380,2000,1
380,3060,4
380,2144,1
380,2174,3
357,32,2
358,1186,4
380,3608,3
358,150,4
357,175,3
359,3770,3
359,2528,4
359,1909,1
358,3148,2
380,3108,4
380,39,2
359,3070,4
358,2985,2
357,1739,2
357,260,4
357,20,2
357,1231,1
380,180,1
380,2108,4
380,1297,2
358,3178,1
358,1466,2
359,2046,4
359,480,4
359,3033,1
359,2985,2
359,1748,1
359,610,3
359,1527,1
358,3247,3
357,2046,4
358,3362,3
358,293,1
359,2657,3
359,1580,4
359,2640,4
359,1573,1
359,1129,3
380,1257,2
380,1883,3
358,296,2
5367,3947,1
359,1653,3
359,2117,2
359,2116,2
380,1923,2
358,1617,3
358,1179,1
380,2870,4
380,1079,2
380,21,1
359,1215,3
359,3527,1
380,2883,2
380,3671,1
359,3793,2
359,2916,3
358,3819,3
358,2396,2
358,1188,4
359,3702,2
359,2571,2
359,32,3
359,1270,3
380,3104,4
380,1885,1
380,1784,3
358,3873,3
358,1226,3
359,2010,4
359,1206,2
359,3703,1
359,1584,3
360,455,2
360,2471,1
358,1304,3
359,541,3
359,589,1
359,260,1
359,2533,2
359,1196,3
359,2968,1
358,3418,1
358,2947,2
358,1387,2
360,2367,2
1449,2119,1
360,2054,4
360,1373,1
358,2028,3
358,1196,1
1449,200,3
1449,3511,3
1449,1707,2
358,858,2
358,1221,1
358,3406,4
358,1197,1
358,1198,2
358,260,2
1449,93,2
358,2336,4
358,1419,2
359,2133,2
359,3101,1
359,1965,1
1449,2817,3
358,1097,2
358,3343,4
359,1097,1
359,1028,1
1449,191,3
360,673,2
360,2046,1
358,912,2
360,736,1
359,1210,3
360,1371,2
1449,1453,2
360,2899,1
360,2099,2
360,648,1
360,1375,3
1449,65,2
1449,724,4
360,2115,4
360,2057,2
360,2006,3
360,1019,3
360,2116,3
360,1372,4
360,1017,1
360,329,3
360,2628,1
360,2406,3
1449,374,2
360,1356,2
360,1931,4
360,590,1
1449,870,2
1449,2147,1
360,480,3
360,3699,1
360,1376,2
360,1073,1
1449,2798,4
1449,2873,3
360,1127,1
360,2366,4
360,919,4
360,1374,4
1449,1993,2
360,1198,2
360,1196,3
360,1291,3
1449,1665,1
1449,2473,1
5367,2360,4
360,2987,4
360,3157,1
1449,2431,2
5734,1704,3
1449,3708,4
1449,270,2
1449,355,3
360,2013,2
5734,2289,2
5734,1186,3
1449,2269,4
1449,2188,3
360,3053,4
380,2716,2
380,3481,2
1449,2898,1
1449,765,2
5734,3260,3
380,1285,1
380,235,3
380,1968,4
1449,656,1
5734,593,3
360,2761,4
5734,2804,2
380,3868,4
380,34,1
380,2795,2
1449,1526,1
360,2720,1
380,1307,4
380,1824,1
380,2359,3
380,1,4
380,2289,3
5734,347,4
360,3175,1
380,1265,2
380,2997,3
380,2248,3
380,3114,3
380,1288,3
360,2722,2
5734,924,1
5734,1224,3
1449,2815,1
380,1197,2
380,1304,4
380,1136,1
380,1394,2
1449,1440,1
380,2804,3
380,1080,4
380,1230,1
1449,1992,3
1449,486,3
1449,216,2
360,2355,1
380,2324,4
5734,1381,3
1449,3825,4
1449,3810,3
361,3755,1
361,3512,4
361,524,2
1449,2694,2
360,2028,1
361,3155,2
361,661,1
1449,3141,3
360,3247,1
1449,1726,3
1449,2513,1
360,1968,1
1449,2846,4
1449,203,3
360,1210,3
1449,2072,4
360,2871,3
1449,3528,2
1449,1191,4
361,480,2
361,3793,4
371,1080,1
1449,2123,1
361,2160,1
361,2966,3
361,1249,1
371,1244,1
1449,586,4
1449,413,3
1449,365,2
1449,830,1
1449,1922,1
1449,2335,2
371,1245,3
361,3481,3
361,3751,1
361,2791,4
361,2858,1
1449,2702,1
1449,2297,1
371,1203,1
1449,1020,4
1449,333,4
371,1242,2
1449,1687,3
361,1193,2
361,2115,4
361,383,3
1449,1727,1
1449,450,3
1449,2236,4
361,2023,2
361,2250,3
361,447,1
361,1616,3
1449,2598,4
1449,516,1
1449,2372,3
1449,1619,2
1449,719,1
1449,2803,2
1449,3441,1
1449,802,1
371,1484,4
1449,3937,3
371,1396,3
1449,2683,4
371,1500,2
371,1729,3
1449,2059,3
371,2580,1
371,1089,3
371,2692,1
371,608,4
371,1617,4
1449,2587,1
1449,2765,3
1449,46,2
1449,2615,4
1449,3189,1
1449,3686,3
1449,227,1
371,1639,2
1449,3425,1
1449,2417,1
1449,344,2
371,3608,1
1449,2416,3
1449,414,3
371,1197,1
1449,2613,3
1449,3087,4
1449,3710,2
1449,266,4
371,1275,1
371,405,3
1449,3844,1
1449,1380,1
1449,3272,1
371,1249,1
1449,3529,3
371,318,2
1449,3649,1
1449,267,1
1449,361,4
371,50,2
1449,1405,2
371,2599,2
1449,1013,1
1449,1735,4
1449,3497,3
1449,2369,1
1449,539,3
1449,1093,2
1449,1810,3
371,750,1
371,260,4
371,1198,1
1449,159,4
371,858,1
371,1221,4
1449,1840,4
1449,2867,4
371,357,4
1449,2136,3
1449,1686,3
1449,2249,1
1449,1959,2
371,2324,2
1449,454,3
1449,2240,4
1449,5,4
371,589,3
371,1923,2
371,3712,3
371,1060,4
371,3831,3
1449,805,4
1449,2751,3
371,2065,1
371,497,3
371,1136,4
371,671,3
1449,2340,1
371,3814,3
371,3481,1
371,1265,3
371,2023,3
371,1213,3
371,1641,2
371,21,1
371,471,2
1449,3259,3
1449,1892,2
371,2918,2
371,2759,2
371,1256,2
371,934,1
371,1079,1
371,1516,2
371,356,1
371,1968,3
371,3421,1
371,2174,3
1449,280,2
1449,3263,2
1449,1376,1
371,223,1
1449,481,2
1449,3480,2
1449,2496,4
1449,1271,1
1449,1611,2
1449,3186,1
1449,105,2
1449,2433,1
1449,1464,4
1449,2097,3
1449,3102,1
1449,2712,4
1125,318,1
1449,1897,3
1449,662,3
1449,2110,4
1449,3111,1
1449,409,4
1449,1721,3
1449,2945,3
1449,3252,4
1449,1639,2
366,539,3
1449,3246,4
366,1078,3
366,3039,3
366,500,2
1449,1082,4
1449,2423,1
366,2160,2
362,648,4
366,2669,1
366,2009,2
362,70,2
362,3555,1
1449,1923,4
366,3699,4
366,2353,2
362,3755,2
366,1271,3
366,2013,4
1449,45,4
366,2087,2
390,1985,1
390,2122,4
390,1981,3
1449,1372,4
1449,151,3
362,480,1
1449,428,1
1449,2071,3
366,1082,1
390,3918,2
390,2787,4
362,3578,1
362,2948,3
1449,58,2
366,3107,2
390,1128,1
390,1321,3
362,2966,3
362,3917,3
362,1249,4
362,2791,3
366,1028,3
390,29,1
1449,2583,2
362,3751,2
362,2858,3
362,1250,4
362,551,4
362,3481,1
366,2115,3
366,3066,1
1449,491,1
1449,307,4
1449,2108,2
390,3435,1
366,2150,2
390,2357,4
390,1089,4
1449,1297,3
366,1721,3
1449,475,3
1449,161,1
1449,1357,2
366,1008,1
390,260,2
1449,2866,2
390,1193,1
390,1136,4
1449,97,2
1449,2621,4
366,3639,4
1449,778,2
1449,1393,4
390,3730,4
390,903,3
390,1635,2
366,1580,4
366,2946,4
1449,3214,3
390,923,3
1449,1730,4
390,1228,1
390,1267,4
1449,2686,3
1449,17,4
366,3536,4
1449,2959,2
390,593,1
390,904,3
390,2762,4
390,1248,3
1449,2791,2
366,2797,2
1449,1051,1
1449,3194,2
390,1252,2
1449,2329,3
366,2671,1
1449,1272,2
390,1237,4
390,111,4
1449,1682,4
1449,300,2
1449,1960,1
1449,36,4
366,3406,3
366,3253,2
366,3296,2
390,3637,2
1449,1674,1
390,318,3
1449,1186,3
1449,1303,4
1449,1957,4
1449,150,4
390,922,1
390,2203,4
1449,1245,3
366,1017,4
1449,509,3
1449,2890,1
1449,3006,1
390,3421,3
390,2997,1
366,3755,2
1449,2908,4
1449,1694,2
366,597,4
390,1288,4
390,1211,4
366,3868,1
390,2174,3
390,1285,4
1449,3629,2
390,1265,2
390,1235,4
1449,3260,3
366,2011,3
366,1027,4
1449,899,3
390,3451,2
1449,308,4
1449,1704,2
366,2116,2
366,1962,1
366,2941,2
368,2023,4
368,3176,3
390,2289,2
368,539,3
390,3504,2
390,2248,2
390,2318,4
390,2804,3
390,1197,3
362,936,1
362,1968,4
362,3500,3
368,465,4
366,1517,2
368,3263,4
362,3514,3
362,1721,3
368,1619,1
368,372,3
368,2167,3
368,2539,2
368,344,3
368,253,1
368,538,3
366,3194,4
368,1611,1
368,3145,3
368,3476,1
368,481,2
390,3429,3
366,3448,1
366,1246,2
1449,1296,3
1449,2971,3
1449,1217,4
366,2670,1
368,3450,2
368,1645,4
1449,1104,4
1449,1209,1
368,555,2
366,3100,2
390,1394,3
390,3473,2
368,2916,2
368,1580,3
390,1175,4
390,1148,2
390,2324,3
1449,994,4
1449,1668,1
366,2944,1
1449,1956,2
4241,2546,1
368,1370,1
368,1608,1
368,1784,3
368,1678,4
366,2929,2
368,1672,1
368,1721,1
363,3514,1
368,480,2
368,1777,2
363,1544,3
363,1600,4
368,482,4
363,3515,1
366,2174,3
368,428,2
368,1584,4
363,3354,2
363,2135,2
363,70,3
363,648,1
363,3534,2
363,3513,1
363,3155,2
368,3148,3
368,733,3
363,3745,4
363,3786,2
363,3409,2
363,144,2
363,1129,3
363,3512,4
363,3510,4
1449,3022,3
368,1610,3
363,3150,3
363,3755,2
368,1713,4
368,21,1
368,588,1
363,1466,3
363,3753,3
366,3814,2
366,1035,1
366,595,2
363,661,1
363,2948,3
363,480,4
363,3624,4
363,1171,4
363,1282,4
5734,7,4
5734,2942,2
368,1729,4
363,3481,2
363,1249,3
363,551,1
363,2791,4
368,590,4
368,1466,3
368,2353,3
1449,3767,4
1449,2170,4
1449,1170,3
5734,3257,4
5734,2146,4
5734,2424,2
368,39,3
363,2858,3
363,3751,2
363,1248,4
1449,3432,1
1449,3768,4
1449,694,4
1449,1389,3
1449,3431,1
1449,3766,3
5734,1835,1
5734,2875,1
1449,2412,1
366,1272,4
366,3654,1
1449,3268,2
5734,266,1
5734,2262,2
363,3267,1
363,2340,2
363,1358,4
363,1392,2
363,1353,3
1449,479,3
1449,2411,4
366,1961,4
366,3408,1
1449,315,3
1449,3716,4
363,23,2
363,1197,2
363,2139,1
1449,1388,1
1449,1918,2
366,3088,2
1449,2403,4
366,1019,2
1449,466,1
368,2424,3
1449,44,1
1449,3444,4
1449,2409,2
5734,3614,1
368,293,4
5734,2145,1
5734,1101,4
5734,356,3
5734,105,4
5734,2802,2
5734,597,2
5734,587,2
366,3461,4
366,3093,3
368,2268,1
368,1094,4
368,1673,2
1449,2741,3
1449,2582,2
1449,485,2
1449,3257,4
5734,509,1
5734,2406,1
5734,1569,3
5734,1680,2
5734,539,2
5734,2469,4
366,3733,3
366,2183,3
1449,1604,4
368,3147,2
368,300,2
5734,302,2
5734,339,1
5734,1735,2
5734,932,2
5734,11,4
5734,417,1
5734,2025,2
5734,1721,4
368,1179,1
368,1680,3
368,2427,3
366,2467,4
368,2289,1
1449,3208,4
1449,1722,4
1449,2376,3
366,2948,2
368,1393,3
368,1249,4
5734,1210,3
5734,151,3
5734,2671,2
5734,222,2
1449,1785,1
1449,2105,3
5734,1183,4
5734,1684,3
5734,2081,2
368,1500,4
1449,3729,1
366,1230,4
366,1747,2
366,2018,3
366,3204,2
366,2662,2
5734,1307,3
5734,39,3
368,3052,4
5734,3684,3
5734,236,3
368,150,4
1449,3107,1
368,457,1
368,32,1
5734,915,2
368,2890,3
366,2863,4
1449,3633,4
1449,2948,1
366,2728,4
368,1873,4
366,3035,4
1449,2288,2
368,3246,4
368,1265,3
366,1674,2
368,1,1
368,589,4
5734,1094,1
5734,1296,1
5734,2248,4
5734,357,4
5734,497,3
368,36,1
1449,3654,2
1449,387,1
368,2396,3
368,1704,3
366,3037,1
368,1266,2
368,2959,1
366,3873,4
366,2918,2
368,296,4
368,2762,4
368,3006,2
366,3634,4
366,3871,2
1449,546,1
1449,2422,2
368,2028,4
5734,293,3
5734,1277,4
368,527,3
368,1617,3
368,318,3
366,588,4
366,1247,1
1449,2822,2
1449,688,4
366,2124,4
366,1253,2
1449,2471,2
1449,2373,1
390,2459,3
366,1953,3
366,1291,2
368,3948,4
1449,168,1
390,3694,3
390,2614,4
390,2460,3
5734,28,1
5734,1172,3
366,3681,2
1449,1894,1
390,3021,1
390,1996,3
1449,1371,4
366,1150,4
366,1281,1
368,3799,1
390,1986,2
390,3938,4
368,3238,1
364,2248,4
1449,2,2
1449,1015,2
1449,464,2
1449,10,2
390,2465,3
390,1972,3
390,1980,2
390,2119,2
390,1979,2
368,3354,3
364,3481,3
368,3946,1
368,3286,2
366,590,2
366,909,4
366,2085,3
1449,1587,2
1449,60,2
1449,2094,4
390,2451,1
390,3843,1
390,2754,2
390,3692,1
390,2107,4
368,3895,4
364,1466,2
366,3451,2
366,914,1
368,3752,4
368,3717,3
390,1978,1
390,2548,3
390,1984,3
390,3840,4
366,1270,3
366,953,3
366,1333,3
5734,920,3
1449,340,3
368,3798,1
364,2763,4
368,3753,3
364,3176,1
390,1975,2
390,3696,3
390,2456,1
390,2902,3
390,3661,4
364,2395,2
364,3185,2
364,2396,3
390,3919,3
390,2327,1
390,3017,4
390,1991,2
390,1988,1
364,2686,2
364,43,4
368,3896,1
366,1263,4
366,2949,4
364,2906,2
368,3513,3
368,3623,3
390,724,2
390,1969,3
390,1995,1
390,1388,1
368,3510,2
366,1282,1
366,1960,4
390,2900,2
390,1983,4
390,2121,2
390,1971,4
390,1999,3
390,1970,3
366,1201,3
366,971,1
368,3481,4
368,3566,4
364,2605,2
364,2599,1
364,2336,3
366,1947,3
368,3863,3
504,1783,3
366,3198,3
364,223,1
504,3706,2
504,1179,3
366,1207,3
504,164,4
366,3545,2
504,1344,1
366,3396,2
504,1748,4
368,3408,3
364,2770,4
504,1069,3
504,2186,4
504,2987,2
504,2726,3
504,3334,4
364,2683,2
364,2858,3
366,3418,2
504,3435,4
504,1260,1
504,1267,3
504,541,1
504,3683,3
504,1252,1
504,922,2
504,913,1
366,111,4
364,1101,1
366,32,2
364,1669,4
390,3693,4
390,2868,1
390,1330,1
390,3660,1
368,3897,2
366,2300,1
366,1296,3
364,3536,3
366,1,3
366,150,4
504,1912,4
504,407,3
504,2066,3
364,1188,3
366,2858,3
504,3584,4
366,1193,1
366,1394,4
504,3254,3
504,3253,2
504,1500,3
504,2867,2
504,2868,2
364,431,4
364,1617,3
364,1693,3
366,608,2
366,920,3
364,252,3
366,2324,1
366,1387,2
439,3755,3
364,1235,1
364,1719,1
439,3753,3
439,3286,1
366,1198,1
366,3076,1
366,2729,1
439,1894,3
366,1957,4
366,1136,1
366,531,4
366,3471,4
439,852,4
439,1302,4
369,2424,1
369,3263,3
369,1888,3
366,1203,4
366,1304,4
369,2567,3
369,368,1
369,107,1
369,2431,3
369,3301,2
369,2001,3
369,586,1
369,1513,3
369,539,3
369,3448,2
369,1863,1
439,3654,2
439,111,2
369,1958,4
369,3614,3
439,1193,4
439,2067,4
439,2268,4
439,953,4
439,1213,2
439,608,1
369,3450,3
369,1732,2
439,296,2
439,1247,1
439,1304,2
439,3421,2
369,2384,1
369,2124,4
369,1377,4
369,500,3
439,1961,2
439,3362,1
439,914,2
366,1254,2
366,296,1
369,2518,1
439,1704,3
439,2028,1
439,1079,3
439,2918,1
439,1233,2
369,2770,1
439,110,1
369,2109,4
439,858,1
439,1207,1
366,1949,2
439,1036,2
369,1042,2
369,2100,2
369,3189,2
369,2110,4
439,260,4
439,1276,4
439,3198,3
439,1196,3
366,1303,2
369,344,3
439,1198,3
366,1250,2
366,1262,3
439,318,4
369,231,3
369,1569,4
366,969,2
369,2406,4
369,1777,1
369,2150,3
366,1276,4
365,374,3
369,3200,4
366,1952,2
366,527,3
365,2334,3
369,2245,3
369,45,3
369,3617,4
369,2657,1
369,852,1
365,594,2
365,22,2
369,2145,3
369,2302,2
366,919,4
366,1284,3
365,603,4
369,3255,2
369,2078,3
369,1395,1
369,471,3
369,1883,1
369,3175,4
369,1580,3
369,2463,2
369,2000,2
366,908,4
366,910,2
369,2355,1
369,588,3
369,440,1
369,3536,4
2454,861,3
369,1968,3
369,2080,2
2454,1019,1
2454,1615,1
369,3210,2
366,750,3
366,2019,1
369,1806,2
369,2352,2
369,1307,3
366,904,4
366,1204,4
369,1081,1
369,3526,3
2454,3527,1
2454,1954,3
366,1931,1
366,3462,2
369,1077,4
369,2321,1
369,3072,1
369,2918,4
369,2396,4
369,34,3
369,357,3
369,1923,4
369,1079,1
367,2130,2
367,920,1
2106,2829,4
367,3684,2
369,1,4
367,866,1
367,1172,3
367,1247,3
367,1265,1
367,1542,3
367,1408,2
367,1674,4
367,2067,4
2454,3484,2
367,265,4
367,914,2
366,1210,2
367,509,4
367,3099,2
366,924,4
366,1779,4
367,2248,1
367,3097,4
367,2943,3
367,3422,3
367,1188,1
367,1230,1
367,497,2
367,1244,1
2454,79,4
2454,2478,3
366,2028,1
366,2393,3
367,1947,3
367,1242,4
367,1270,3
2454,2422,3
2454,2421,4
2454,502,3
2454,2420,1
367,111,1
367,3811,4
424,3081,1
424,1128,2
424,1332,1
424,3264,1
424,3918,1
424,1974,1
424,407,4
424,2789,2
424,2120,3
424,3550,2
424,2784,3
424,366,2
369,2915,3
369,3397,1
369,1080,2
424,3016,4
424,188,4
424,2710,4
424,2793,1
424,1347,2
369,1136,1
369,3608,3
369,1294,2
424,2003,4
424,799,4
424,1339,3
369,2804,2
424,3917,4
424,2747,4
424,2746,3
424,1130,4
424,3476,3
424,2780,1
424,3930,4
424,1407,3
369,3948,2
424,2867,4
424,3627,2
424,1982,1
424,1994,2
424,2644,2
424,2553,1
424,2160,1
424,1321,2
424,1997,4
424,1333,2
424,2159,4
424,1340,2
424,2664,2
424,2648,2
424,3490,1
424,3727,3
424,1258,3
424,1348,1
369,1646,4
369,1197,2
369,1073,1
369,1101,3
369,1713,4
1242,3223,1
1242,363,2
1242,1909,1
368,3564,2
368,382,1
368,1198,2
1242,2987,4
1242,1202,1
1242,80,1
1242,1571,3
1242,1865,3
368,1395,3
368,110,2
1242,1147,2
1242,1482,3
1242,1295,1
424,2762,1
1242,3142,1
1242,778,3
403,22,4
424,1358,2
1242,1,4
1242,1190,2
1242,682,4
424,50,3
403,647,1
1242,307,4
424,3551,3
424,1089,4
1242,3192,1
1242,1958,2
424,2186,4
424,1260,2
424,1219,3
403,848,3
403,1183,4
1242,320,4
1242,781,4
403,3100,4
1242,195,1
403,3252,1
1242,2813,3
403,1060,3
1242,1035,2
1242,1613,3
1242,2956,1
1242,194,3
3080,953,3
403,1680,3
403,454,2
3080,2160,3
3080,1258,3
3080,3270,3
403,1027,1
1242,532,2
3080,1199,2
3080,2944,3
1242,527,1
3080,1263,1
3080,2919,1
3080,1997,2
403,2890,3
403,1012,4
1242,2724,2
1242,3010,2
1242,376,1
403,3185,3
3080,1296,4
1242,2686,4
1242,3949,4
1242,1089,3
403,508,4
1242,2024,2
1242,2750,1
403,1302,1
1242,2529,3
1242,301,1
1242,1192,2
1242,1315,4
403,3098,3
403,1944,2
3080,1945,2
3080,1096,3
1242,506,3
1242,2824,1
403,2501,3
403,1246,1
403,3360,1
1242,2171,2
371,296,4
371,994,4
3080,2330,4
3080,1103,2
3080,307,2
403,1393,1
1242,2303,4
1449,2361,4
403,1207,3
1242,914,2
403,527,3
1242,3499,2
3080,971,3
3080,1351,2
371,2858,4
1242,1788,1
1242,2571,4
1242,1111,4
1242,52,3
1242,493,1
1242,991,3
371,562,3
371,1270,3
1242,1028,4
403,3247,2
3080,2164,1
3080,2951,3
1242,1238,3
1242,1794,3
371,1794,4
403,1729,3
371,1883,3
1242,3255,1
1242,2705,3
371,322,1
371,39,3
1242,567,4
1242,1289,4
1242,1617,3
3080,2076,4
3080,3019,4
403,367,1
3080,1208,4
3080,1214,2
3080,1333,4
1242,249,3
403,2268,1
1242,1635,1
1242,46,4
1242,471,4
403,2580,4
3080,1964,3
3080,3468,4
3080,1198,1
403,3034,4
403,3114,3
403,588,1
403,1282,4
1242,170,2
1242,602,3
1242,2112,2
370,110,4
1242,1704,4
1242,1213,1
3080,71,4
3080,2922,4
3080,1953,3
424,3435,3
424,1248,3
1242,1641,2
1242,3328,3
1242,1575,4
1242,901,4
370,1210,3
370,1676,4
370,587,4
3080,482,1
3080,2871,4
392,1556,4
1242,3101,3
1242,1312,1
1242,454,2
371,1243,3
1242,1416,2
371,1077,2
392,1590,4
392,2701,2
403,1015,3
1449,1678,4
392,2253,4
424,1954,2
424,2872,3
424,2194,1
424,592,3
3080,1206,4
3080,2966,1
403,3489,4
403,434,3
403,1030,4
3080,1262,4
3080,190,2
3080,1196,3
370,527,2
424,21,3
424,1408,1
1242,2021,2
403,828,3
403,362,2
403,2105,3
403,1049,1
370,858,3
3080,1231,2
371,2395,4
424,1036,3
424,457,4
1242,1093,1
1242,1176,3
3080,1089,3
371,2396,4
1242,230,4
370,2122,2
1242,3052,3
403,2470,3
370,1198,2
424,3726,2
424,3104,3
424,1201,4
424,2951,1
424,2944,2
3080,1299,4
371,2997,3
403,2005,1
403,1017,4
403,1031,3
371,2973,2
1242,1701,1
1242,1175,3
1242,1246,4
424,1953,2
403,592,1
403,941,1
3080,1201,3
3080,1228,1
424,1387,3
392,2421,3
392,1438,1
1242,441,1
1242,1094,2
403,590,2
3080,3735,3
3080,1300,4
3080,2132,4
392,1479,2
403,919,1
1242,3783,3
1242,3060,3
392,1918,1
392,208,2
371,2064,1
1242,1875,2
1242,728,3
392,376,1
392,511,4
3080,919,2
392,2616,3
371,1230,1
424,2728,1
424,1095,2
1242,123,2
1242,1172,2
1242,1639,3
1242,581,3
392,434,2
3080,903,1
424,909,1
424,1952,3
403,19,1
3080,1084,4
392,3755,2
392,3438,2
424,1084,2
424,3735,1
424,1213,2
1242,603,1
3080,969,2
3080,3068,4
3080,1250,2
424,926,1
424,1276,4
424,1225,3
403,2296,4
424,1207,1
424,593,2
1242,2908,1
392,1792,2
392,165,1
392,1101,3
424,111,3
392,3623,2
1242,141,1
424,3742,2
424,1288,4
424,1193,1
424,296,2
424,1228,3
392,353,3
392,2334,4
3080,3365,3
3080,3152,2
3080,908,4
3080,965,4
392,1722,1
392,2273,2
424,908,4
392,1608,2
403,3752,1
403,1863,1
403,1359,1
1242,1695,2
392,1527,1
392,2991,1
424,3683,2
1242,3845,2
3080,1219,4
3080,1193,2
424,1237,2
371,912,3
371,1580,3
392,3107,4
403,2478,3
392,349,1
371,1210,2
392,3639,4
403,542,3
424,923,1
392,2353,2
392,2993,2
392,2058,2
392,1370,3
392,3635,4
1242,3408,1
403,2163,1
403,569,1
392,3633,4
403,88,2
403,2027,4
403,63,2
392,1210,1
392,6,4
392,2427,3
392,2278,3
392,2948,3
392,2194,4
403,186,2
392,2947,3
392,1220,2
392,1610,4
392,1912,2
392,457,4
392,1222,4
392,1387,3
424,262,1
403,2683,4
392,1242,3
392,2571,3
392,2924,2
392,1953,3
392,589,3
392,2019,3
392,3265,2
392,858,4
3080,1247,4
3080,1212,1
424,594,3
424,596,3
424,34,3
424,1,3
403,3243,3
403,1405,4
403,2052,1
392,2422,2
403,2724,4
392,160,4
403,2082,1
392,1499,1
403,1390,3
1242,3894,1
403,2718,2
1105,1892,2
1105,1573,1
1105,2707,3
1105,377,3
1105,454,1
1105,2490,2
403,2735,3
403,2770,1
1105,373,2
1105,3176,3
1105,832,3
3080,928,2
3080,1952,2
403,2054,4
1105,587,4
1105,1343,1
403,2805,1
1105,16,4
403,934,1
403,788,2
403,1020,4
1105,1834,3
1105,3147,3
403,333,3
1105,1358,1
392,3698,2
3080,306,1
3080,1213,2
3080,1281,1
3080,904,2
403,2378,1
392,736,1
392,112,1
392,10,1
392,2167,1
3080,1221,1
392,2115,1
392,2046,3
392,2077,3
392,1127,2
392,1259,3
392,2916,2
392,1291,3
3080,3742,3
392,260,2
392,1198,2
383,1197,4
383,3793,3
1105,3578,1
1105,3751,4
392,2987,1
383,3114,4
392,1617,3
392,541,3
392,3435,3
390,3837,1
390,2148,3
390,2513,1
390,2790,1
392,556,1
383,3798,2
383,3176,1
383,2762,3
390,2740,4
390,3459,1
390,2717,1
392,2677,3
392,246,1
383,913,1
374,1396,4
374,1805,1
374,3763,3
374,2391,4
374,47,3
374,6,2
374,1084,4
374,1617,4
374,608,2
374,593,1
374,296,3
374,111,4
374,919,2
374,1207,1
374,2858,1
374,2599,1
374,1136,4
374,3479,4
374,610,2
374,2406,3
374,1127,3
374,3168,3
374,3104,4
374,1259,1
374,1204,2
374,21,3
392,2798,4
392,2265,4
392,1855,3
374,3793,4
392,2381,2
392,325,4
374,1610,1
374,3624,3
392,432,1
392,2458,3
392,2380,2
374,2951,1
374,2947,1
374,2571,2
374,1291,3
392,88,4
392,1503,1
392,829,3
374,2028,1
374,1197,4
374,1304,4
374,1036,1
392,2379,3
374,1198,4
392,1461,1
374,2478,2
392,3387,4
392,135,1
392,429,1
374,553,3
374,590,1
374,2401,3
392,2717,3
392,765,2
374,1266,4
374,3681,2
374,3508,4
392,3388,2
392,1911,4
374,3467,3
374,1201,1
392,3258,4
392,2335,4
392,2735,1
392,2374,4
392,2683,3
392,2413,4
372,2355,4
372,1615,1
372,2514,2
373,1617,3
392,2431,1
392,1091,4
392,586,1
392,413,1
392,2405,3
373,1200,1
373,589,1
373,457,3
373,1036,4
373,2571,3
372,1270,2
392,333,3
392,2249,4
373,1214,2
373,1197,3
373,110,2
386,541,3
386,924,4
386,1240,3
386,1200,2
372,480,3
392,2378,2
392,2387,3
386,1196,4
386,260,3
403,2375,1
403,1888,3
403,2335,2
372,3793,1
373,1073,4
373,1676,1
373,1127,3
392,1513,3
392,788,3
403,586,4
403,708,4
403,317,2
373,2916,1
373,2628,2
392,1020,3
392,3852,2
392,1550,1
403,3785,3
373,733,3
373,2987,4
403,1541,4
392,3254,4
392,2252,1
373,1210,3
373,1259,2
392,3301,3
403,2431,2
373,1198,4
373,260,3
373,919,2
403,1894,1
403,852,2
392,344,2
392,237,2
392,597,1
403,2796,2
392,1405,2
392,500,1
392,2416,2
403,1380,1
403,2581,4
373,2042,1
373,3072,2
392,231,4
392,1395,3
392,2770,1
373,3527,1
373,317,4
373,593,2
392,1476,2
392,3033,1
373,1186,1
403,2109,2
403,216,4
392,3263,2
392,2012,2
392,3617,1
392,2261,4
392,2133,3
403,7,4
403,2502,2
392,2134,2
403,2746,4
403,3809,2
392,3040,3
392,543,2
392,2539,2
392,2247,1
392,2150,3
392,180,1
392,785,2
392,2470,1
392,3398,4
392,3536,2
392,1485,3
403,339,4
403,1569,2
403,344,2
392,1884,2
392,2301,1
392,2423,3
392,3397,3
403,2671,4
392,3052,1
392,440,4
403,539,2
403,11,4
403,2424,4
403,3255,3
392,2302,1
392,3809,2
392,356,1
392,3255,1
403,1485,1
392,441,3
392,2926,4
392,2406,3
403,1073,4
403,2080,3
392,2001,2
392,1211,3
392,368,2
392,587,1
403,2747,1
392,2065,4
392,2124,2
403,231,3
403,2321,1
392,45,3
392,2371,2
390,3273,2
390,2163,1
390,1341,3
392,2502,1
392,104,3
392,852,1
392,69,1
392,3358,3
403,3448,1
403,1517,3
403,1042,2
392,223,2
392,380,4
392,367,1
392,2706,2
392,2003,4
403,2706,2
403,1641,1
390,3662,4
390,1327,1
390,1320,1
390,2789,4
392,3448,3
403,2797,1
403,597,2
392,1028,4
392,3868,4
392,471,1
392,3253,3
403,3671,1
392,2918,1
392,2108,3
392,2100,3
392,3060,1
403,3552,3
403,2423,1
392,3210,1
392,3526,3
392,1883,4
390,3016,1
390,2367,4
390,1717,4
390,3351,4
392,2321,4
392,2797,1
392,3552,1
392,1784,2
392,1641,1
392,1517,2
392,2395,3
403,3760,3
403,1078,3
392,1663,3
392,1747,4
403,2946,2
403,3253,1
392,2000,4
392,21,2
390,610,2
390,1347,3
390,2901,4
403,1784,4
386,1297,4
377,1209,2
377,1266,2
392,3396,4
392,3424,2
392,2795,2
403,1,2
403,1923,1
386,3363,2
386,2542,3
392,1923,3
390,3676,1
390,2517,1
390,2120,1
390,1987,4
390,532,3
392,1307,3
392,1845,2
386,3868,1
392,2359,1
392,3543,2
392,2174,3
386,1307,3
386,1257,1
386,2361,2
386,1966,3
377,3448,3
403,2918,1
403,1307,2
403,1449,1
403,1270,4
386,1259,1
377,1408,2
386,2918,4
386,3210,1
386,3424,2
403,1136,1
386,2716,2
386,21,3
386,3671,1
377,1094,3
377,3836,3
377,2890,3
374,1769,2
386,3396,3
386,2174,1
374,1721,4
386,1278,3
390,3785,4
390,1974,3
386,3072,3
386,2064,3
386,1285,3
386,1080,4
386,1079,4
377,1222,4
377,1090,3
374,2359,2
377,1208,1
377,920,3
374,3101,3
374,1275,2
386,3521,4
386,1136,3
386,1270,2
386,34,3
403,2153,1
377,527,1
377,912,2
386,1288,4
386,1294,2
390,3732,1
390,3081,4
390,2853,2
390,2654,2
390,1130,1
390,2710,1
386,2788,1
386,1235,4
377,1834,4
377,3267,1
377,319,4
386,2248,3
386,2804,1
403,2616,4
403,3438,4
386,1197,3
377,965,2
403,485,4
390,1407,3
390,2483,3
390,735,1
390,3535,4
396,2805,4
403,1100,1
392,2599,4
392,1257,4
392,1230,4
377,1358,1
377,2762,3
392,1449,4
392,1278,2
392,1060,4
390,2003,2
390,2780,1
390,2118,2
390,968,4
390,1339,4
403,208,2
377,593,4
377,908,4
403,786,3
377,608,3
392,2716,4
392,1080,4
403,494,3
392,1292,2
392,3037,4
392,1172,4
376,3952,2
377,32,2
386,327,1
392,3361,1
390,3476,3
390,1331,2
390,2097,4
390,2644,1
390,3727,4
390,1261,4
392,2618,2
392,2289,4
403,442,4
377,750,2
377,1199,1
377,1206,4
392,2396,2
392,1270,3
392,1136,4
386,2253,3
386,234,2
386,1760,1
396,3869,2
396,1614,1
396,3301,2
396,1379,1
376,3897,4
386,537,1
392,1197,4
390,1345,2
390,2867,2
390,2746,2
390,2645,4
403,3107,2
403,780,4
386,276,4
392,1394,4
377,3386,3
386,153,3
386,3156,2
403,2006,3
403,2640,1
403,3827,2
396,2413,3
390,1982,4
390,1350,3
390,3935,4
390,1994,3
377,904,1
377,903,2
377,924,3
386,2431,3
386,305,1
376,1278,1
396,1057,3
403,2115,4
386,2325,4
386,370,1
403,1101,2
396,231,3
396,2424,4
396,2012,4
396,1367,1
3080,1104,1
3080,1207,3
3080,2731,4
3080,912,4
386,673,2
377,2078,3
377,2746,2
377,595,1
386,267,3
386,818,3
386,2027,2
386,107,2
386,65,3
377,551,2
377,1288,3
403,1954,1
386,2504,2
386,216,3
403,380,1
3080,1256,1
3080,750,3
396,2249,4
396,236,1
386,830,2
386,3258,4
386,2335,3
386,485,4
376,1198,4
377,2716,3
377,1407,4
403,2947,4
403,1210,4
403,2194,4
403,2993,1
396,372,2
386,413,4
386,1353,1
386,2598,4
386,639,4
412,3299,3
377,1333,2
377,1258,2
377,1278,4
377,1219,2
376,858,1
403,1291,2
403,2949,3
403,1387,4
396,2252,1
396,1513,2
396,1711,4
396,171,2
3080,3089,4
3080,3741,3
3080,2608,3
376,1124,4
376,260,2
403,1198,2
403,1196,1
403,260,4
386,2581,4
377,3706,1
375,3072,2
375,218,2
375,1719,2
386,2683,2
377,930,1
377,913,2
375,1972,1
375,1210,4
375,431,1
375,589,2
386,333,3
376,110,1
396,500,2
377,541,4
377,2186,4
377,1252,3
386,2723,3
396,368,1
386,372,4
386,2296,4
386,1513,1
377,1967,1
377,367,4
396,2502,4
396,2567,3
396,1378,2
396,1441,3
386,1711,3
386,1701,2
386,532,2
377,1097,1
377,2797,4
377,2174,2
386,1377,4
403,3238,2
396,252,1
396,708,4
386,2539,2
386,2709,1
386,585,3
403,1499,4
403,2505,1
386,1777,4
386,2706,3
386,2496,4
396,1569,1
396,339,4
386,356,3
396,1455,4
396,2699,2
386,3261,1
403,2126,1
403,1644,2
386,3263,3
396,7,2
396,587,4
386,380,2
386,3052,3
386,1904,2
386,1580,3
403,1798,2
377,246,2
377,2064,3
377,3007,1
386,2718,4
386,52,4
386,45,1
386,3253,3
386,1884,3
386,1648,1
386,543,1
396,2587,3
396,180,1
396,2133,1
396,612,3
396,1391,4
377,2268,1
396,597,4
386,1794,1
386,2302,4
396,141,3
396,2447,1
386,2384,2
386,2169,3
377,1084,4
377,1500,4
377,2000,3
386,345,4
386,497,2
386,1569,2
396,3129,1
396,3255,3
396,2331,2
386,441,4
386,141,3
386,2321,4
386,96,2
386,2447,1
386,2836,3
386,3175,4
386,3358,2
396,1732,1
396,2011,1
379,802,4
386,1875,1
386,156,4
386,3174,4
377,1227,1
396,2883,2
396,1580,1
396,2124,2
2436,1445,1
386,663,3
386,2155,4
386,471,3
386,2502,3
377,2580,2
377,1089,4
377,1234,4
403,1917,4
403,2279,1
403,423,3
396,2384,4
396,3809,1
2436,2335,4
386,1906,1
386,1747,1
386,104,1
396,1777,2
396,2065,3
377,296,3
403,95,3
386,514,4
386,2124,1
386,3108,1
386,1883,3
386,1517,2
2436,765,3
396,440,3
396,45,4
386,2883,1
386,180,2
386,1454,3
386,1641,2
386,1042,2
386,2282,3
396,3210,4
396,2690,4
396,1220,1
386,1732,3
386,348,3
386,39,2
386,125,3
396,3175,4
386,3178,4
386,1923,2
386,1449,4
386,2482,4
386,3060,3
386,69,4
396,2746,2
396,2390,4
396,2797,4
377,2391,3
377,1617,4
377,50,4
386,1784,4
386,2500,4
386,1885,2
386,1500,2
396,3552,3
396,1923,2
396,52,3
396,1641,3
386,1265,4
386,101,4
386,1060,2
386,176,1
2436,3712,3
2436,514,2
396,1073,3
396,1747,2
396,2321,2
3080,393,4
386,235,1
386,2396,3
386,2289,4
386,467,3
396,3060,4
2436,1517,1
386,633,1
396,3108,1
396,3261,4
396,104,2
396,2174,2
377,1270,3
2436,1223,4
377,2997,3
377,2788,3
377,1265,4
2436,2289,1
411,337,1
411,515,3
2436,1243,2
411,357,1
396,357,1
396,2302,2
396,3868,2
377,1307,2
2436,2858,2
3080,3649,2
396,1060,4
396,2385,4
396,1243,2
411,1183,1
377,2858,2
411,1393,3
396,3526,2
396,927,4
396,1307,1
2436,2378,3
377,1136,1
411,265,1
411,497,1
411,3163,4
2436,3740,2
2436,2746,2
396,3481,2
403,2881,1
403,3176,2
2436,2111,1
403,1092,1
2436,2064,2
403,1552,2
403,1792,1
396,2150,1
396,3253,3
411,1784,4
377,1148,2
377,3114,3
377,745,2
396,125,1
411,1176,1
396,3361,1
396,909,3
396,1285,4
396,1079,4
403,3316,1
386,3826,2
2436,3751,4
379,1101,3
379,3244,2
411,1094,2
411,1704,3
411,1392,2
411,593,4
403,3082,4
2436,745,2
377,2470,2
403,736,4
403,587,1
403,2490,2
396,2352,3
3080,2,3
379,1409,2
377,1049,4
377,349,3
411,1188,4
411,2599,2
3080,1009,2
403,1518,4
379,838,1
379,2081,3
379,1066,4
379,1380,3
377,2968,1
377,480,1
377,590,4
386,3317,3
386,3298,1
2436,208,2
403,2617,3
3080,2005,1
403,3005,4
3080,1967,3
3080,2015,3
411,318,2
2436,1359,1
411,17,4
403,2841,2
403,1597,4
403,2605,3
379,3269,2
379,357,3
379,2100,3
386,3327,1
386,3408,2
377,592,2
377,2987,4
386,3556,4
411,608,3
2436,648,3
379,3684,4
379,2469,4
403,1573,3
386,3747,4
403,2763,4
403,1892,1
3080,1097,4
3080,2968,1
3080,1073,2
3080,2087,3
377,2871,1
377,1259,1
386,3578,4
386,3328,2
2436,1882,3
403,3101,2
377,919,1
377,1262,2
377,1073,4
379,2941,4
2436,2986,3
2436,173,2
403,1805,2
403,3623,3
403,1047,4
403,1645,4
377,2985,1
377,2115,2
377,2193,2
377,2628,4
2436,316,1
2436,426,3
379,932,1
386,1088,3
403,377,1
386,47,3
377,10,4
379,2671,1
403,1625,1
403,2353,2
3080,1783,2
3080,707,4
3080,3706,2
403,3256,3
377,2353,4
377,2427,3
403,733,1
377,733,3
403,1608,4
403,349,2
377,380,1
377,3639,4
377,3633,4
377,1580,3
403,474,2
403,3527,1
379,3524,3
379,539,3
412,1264,4
379,902,2
379,11,4
379,914,4
379,440,3
377,3635,2
377,555,2
386,1625,1
386,2861,1
3080,2987,3
3080,1344,2
3080,3364,2
3080,3334,2
379,356,1
379,3414,1
386,2959,1
377,2916,1
403,161,2
379,1408,2
379,2080,3
377,1220,4
377,474,2
377,2993,2
403,457,2
377,3527,1
377,2529,2
377,3763,1
3080,2726,1
3080,541,2
377,2194,1
377,3702,1
377,1291,2
386,2700,2
377,1036,4
377,1954,3
379,1393,3
382,1807,4
377,1387,3
377,2944,1
377,3654,1
377,1197,3
386,2490,4
403,1358,3
403,1219,4
403,2762,4
379,597,4
3080,3435,4
3080,1267,2
3080,913,3
3080,3683,2
3080,922,4
3080,1284,4
3080,1260,2
3080,2203,1
3080,2186,4
386,508,3
377,110,4
377,1304,3
377,2571,1
377,858,4
379,1296,4
379,17,1
379,1197,3
386,2424,2
386,2028,1
377,1198,3
377,1214,4
377,2028,1
377,1196,3
377,1200,1
377,260,2
377,589,2
386,2762,4
378,1784,1
378,3160,2
379,899,3
379,1307,1
379,969,2
379,1944,3
379,1947,2
379,1247,4
382,3421,1
382,3107,3
378,3006,2
378,2321,4
378,2761,2
378,2542,3
377,1060,4
377,1210,4
377,3638,4
382,3206,3
378,589,4
378,2359,2
379,1674,3
379,1226,3
377,356,2
377,3773,4
378,1,3
378,1357,2
378,1243,1
378,3114,1
378,2975,1
378,1060,4
378,2580,4
378,3271,4
378,1358,3
378,3083,3
378,1635,2
382,994,4
378,2571,2
379,1265,2
379,3668,3
378,2028,1
378,2762,2
382,2797,3
382,2694,1
378,527,1
378,2355,1
386,555,3
378,1041,3
378,593,3
386,1673,1
378,1617,1
379,920,1
379,912,4
379,898,1
382,420,1
382,3911,2
386,3844,3
386,3160,4
378,50,4
378,1223,4
386,2387,4
403,356,1
403,39,2
386,3098,4
386,1302,2
378,2858,4
378,1148,1
456,733,4
378,1537,1
378,2324,1
3080,2788,1
3080,909,3
3080,1546,3
403,1247,4
403,2396,2
456,2916,4
456,1343,2
456,377,4
456,587,4
386,3745,3
380,3755,4
380,3623,4
456,3256,1
456,1994,3
456,2871,1
378,524,1
378,3672,4
378,1210,4
382,2683,3
382,1517,2
382,1784,4
403,912,4
403,920,3
456,1036,4
456,1610,3
456,474,4
456,2917,4
456,457,2
3080,2973,2
378,1104,2
378,3593,4
382,116,2
378,1542,3
456,2819,2
456,1269,3
456,1219,3
382,1321,1
382,2706,3
456,2126,1
382,1225,1
456,1092,4
380,2791,1
382,3841,3
382,2791,1
382,2520,2
382,1608,3
456,3044,4
456,2467,1
456,2076,4
380,2763,1
380,2961,3
380,2841,1
380,3185,3
380,2396,3
380,2395,4
380,2840,4
380,1513,2
3080,1963,2
3080,3424,2
5923,3481,4
380,24,1
380,2598,1
380,2394,2
382,2133,2
382,344,1
380,2490,4
456,266,3
456,432,3
456,964,3
456,3494,2
456,3873,4
456,368,3
424,153,4
424,673,4
380,785,4
424,1779,1
424,3489,2
424,208,4
380,2676,1
380,2959,3
380,2336,3
380,2605,2
380,2688,3
380,3175,3
424,761,2
424,455,1
456,1201,4
456,590,3
456,2401,1
456,2921,2
456,1304,1
456,1209,1
456,3037,2
380,1911,2
424,44,1
380,223,3
380,2433,2
380,2355,3
424,1894,1
380,2976,3
424,648,1
424,653,3
380,2826,4
380,2188,2
380,2706,4
380,2683,2
382,1088,3
382,788,2
382,1290,2
424,303,4
382,852,4
424,2006,3
424,2167,1
388,1374,3
388,1376,1
388,3308,3
456,256,3
456,2034,3
379,804,3
424,2046,1
424,590,1
424,1582,1
382,2943,4
382,1721,2
382,2469,3
388,2245,1
379,3286,4
379,277,2
424,2916,2
388,3138,2
385,3793,2
388,1124,1
388,2453,1
456,2657,1
456,3032,4
456,3638,1
456,2105,4
379,3159,4
385,1580,3
385,3408,2
382,1183,3
382,2406,3
385,2394,3
385,2989,4
385,3668,3
385,2167,1
380,2571,3
381,610,4
381,1527,1
385,3555,3
385,1678,3
382,440,2
381,2527,2
379,480,4
380,2794,3
382,377,3
381,3827,4
381,1129,4
381,2662,4
382,2248,3
382,1197,2
456,1371,1
456,1373,1
456,610,2
456,379,4
385,3653,2
385,3615,4
382,39,1
382,2369,1
386,3173,1
381,3927,1
381,3702,3
385,2856,1
385,2058,3
379,648,1
379,661,1
386,72,1
382,1643,4
382,509,2
385,361,3
456,1129,4
456,2628,2
456,316,1
456,2021,4
456,2641,4
456,2528,2
385,605,3
385,161,2
385,1042,3
385,2353,1
385,3175,2
379,3755,2
379,1282,2
388,2174,3
388,3706,3
388,2736,2
381,1301,1
381,1965,3
381,1175,2
381,1215,4
380,3484,2
380,3354,1
382,1307,4
382,902,4
385,1625,1
385,861,4
385,1047,3
379,3155,2
380,1600,4
388,2371,1
382,1265,1
382,58,1
379,3675,3
379,1286,3
380,3286,1
386,110,2
456,2094,4
456,1375,3
456,2054,4
456,2407,4
456,1372,3
456,2985,4
456,3070,1
456,1019,4
456,329,1
386,1594,4
386,529,2
386,300,2
386,589,3
381,2010,1
381,3793,4
381,1270,2
381,1240,1
381,1210,1
381,29,4
380,648,4
388,1663,2
388,1958,4
379,3565,4
379,951,4
385,2406,3
379,1250,3
382,1188,4
380,3745,2
380,3512,3
385,592,2
388,1994,4
388,2150,2
388,1291,1
388,2100,3
388,1186,1
381,589,3
381,32,2
381,924,4
381,2571,3
381,1200,3
385,1356,2
385,2491,2
385,1370,2
380,3510,1
388,3763,4
388,2194,3
388,3101,2
380,3753,4
385,1127,2
380,3555,1
380,3624,2
385,3256,3
388,3448,3
388,3684,3
388,3505,2
381,1214,1
381,750,2
381,3703,1
381,1196,1
386,1245,4
386,162,3
456,2393,3
456,1376,1
456,2011,1
456,2968,1
385,3578,4
385,3827,1
385,3763,1
385,2000,3
380,3793,4
380,3578,2
388,1240,2
388,2248,1
388,1302,4
388,2797,3
388,3526,3
388,3039,2
412,1457,4
385,1968,2
385,1035,3
385,590,3
388,2915,1
388,1961,4
385,3526,3
385,3213,3
456,480,4
456,1356,4
456,260,3
456,2529,3
456,3703,2
456,3471,4
456,1240,3
456,1584,4
456,924,1
456,1374,3
380,2858,1
380,3159,1
380,3300,1
388,1036,3
388,2312,2
385,733,3
385,232,1
382,3783,3
385,1923,2
388,2352,4
385,1784,1
382,1172,1
379,260,2
379,105,1
385,3915,3
381,3895,4
388,1258,4
382,2324,2
385,377,1
385,123,3
379,527,3
379,454,3
379,3528,3
388,2918,1
385,1639,1
382,1680,3
385,2700,4
388,2917,4
385,1307,1
385,1259,4
385,3147,3
388,1285,4
388,2243,2
385,1663,1
381,3911,2
385,3006,3
380,3948,2
456,1183,1
380,3897,2
388,1185,2
388,1172,2
385,2985,1
385,1079,1
390,1997,1
390,1255,3
390,3576,3
390,3499,2
390,1215,1
385,3510,1
385,25,4
385,2174,2
382,3569,1
386,32,4
386,2571,2
386,1912,2
385,741,3
385,2291,2
456,3441,3
456,3643,4
385,3646,3
385,2890,1
390,1348,4
390,3932,4
390,2716,4
390,1333,4
390,2288,4
390,2664,1
386,1095,4
385,39,1
381,920,1
381,2660,2
381,1927,3
386,1635,4
386,3114,4
385,2987,4
456,3836,2
456,2067,3
456,1208,3
456,151,4
456,1263,3
456,1294,1
456,750,4
380,2539,2
380,2194,2
386,2599,2
386,1358,1
385,2248,1
385,2716,3
386,1,2
390,1340,4
390,1258,3
390,1219,2
390,1214,4
390,1387,1
385,150,4
386,1704,4
386,2890,1
385,457,1
385,2924,4
386,2692,4
386,2997,2
386,1089,2
386,296,1
380,1210,3
381,1086,4
381,2023,3
381,3807,1
386,1213,4
386,1617,1
386,1243,3
384,1610,4
386,608,1
390,3747,2
380,1610,3
380,480,2
386,714,1
386,1148,2
386,2324,1
390,3150,2
384,593,2
383,2690,1
406,2871,2
382,2764,3
386,50,1
386,1169,1
386,318,3
386,3265,1
390,3569,1
382,1633,2
383,2959,3
384,3487,1
384,3494,1
384,599,4
384,2951,3
384,1304,4
383,223,2
384,1201,1
384,2896,2
390,3908,4
386,2395,4
383,2997,1
390,3943,2
386,1103,2
385,1912,2
383,2707,1
385,1097,1
384,2055,3
386,1917,3
383,2858,4
384,3074,3
384,3508,3
384,3037,2
384,1007,4
384,3671,4
386,1552,4
386,1215,3
385,1265,2
386,1236,4
385,32,1
382,2336,2
382,1704,4
385,2918,3
382,2145,3
385,2028,1
386,3896,1
386,3948,3
406,1285,2
385,2880,4
383,1973,2
383,237,4
383,920,4
383,807,4
385,2396,1
386,3911,1
386,3897,1
406,2174,3
385,2501,1
384,260,2
384,1207,1
384,204,4
384,673,4
420,1269,1
420,1288,1
420,1211,2
420,3067,2
385,2355,2
383,2531,4
383,508,1
420,3424,3
384,1381,2
384,1197,4
384,2947,1
383,780,4
383,1193,3
385,2329,4
385,3114,3
420,2396,1
420,1273,4
420,2804,2
420,1965,1
420,1080,3
420,1188,1
420,1244,4
385,1266,4
385,1,1
385,2571,1
406,541,2
385,1873,1
385,1387,4
385,1036,1
420,2924,2
420,1948,2
385,50,1
406,1961,3
406,1200,4
406,1199,3
420,1235,3
420,1292,1
412,349,2
385,541,2
420,3097,4
420,905,1
412,480,3
420,2599,2
385,1617,3
385,260,2
385,296,4
420,3819,3
420,898,4
420,1537,3
385,1198,3
385,1200,2
406,1222,4
385,1225,3
385,2762,2
385,1704,4
386,700,4
3679,2572,3
3679,2424,4
385,3270,4
456,1210,4
456,110,3
456,912,1
456,2944,4
456,2028,1
456,1090,2
456,1196,1
456,3654,2
456,1408,4
3679,1620,2
3679,350,3
3679,2657,1
385,1682,3
385,3257,2
385,2403,2
385,2412,4
390,3915,1
3679,2134,2
385,480,1
3679,2420,1
390,3897,3
386,1544,2
390,3893,1
386,804,4
390,3910,2
3679,2005,1
412,1805,3
3679,2393,1
3679,76,3
3679,1729,2
3679,3301,4
386,2033,2
386,70,4
3679,1339,3
386,648,1
3679,999,3
456,1028,2
456,745,1
456,1276,4
456,3114,1
456,1,1
456,2918,1
456,1197,3
456,1234,3
456,3061,3
3679,1569,1
386,524,2
386,3755,4
3679,3623,1
3679,1380,1
412,515,3
3679,2124,3
386,480,2
386,144,2
3679,3555,3
3679,2621,2
386,3793,3
386,551,3
3679,141,1
3679,597,3
533,3448,3
412,1694,2
412,232,4
387,1136,2
387,3873,2
387,2997,1
3679,2085,1
386,2791,2
386,1249,4
386,3947,1
533,3086,3
533,3087,4
3679,2161,3
3679,1033,1
390,1977,2
412,318,3
412,1358,2
389,3623,1
389,3822,3
387,1278,4
387,2858,3
387,1080,3
533,45,2
390,1976,4
390,3515,3
3679,2011,4
3679,231,2
386,3753,1
386,3624,2
386,3409,1
386,2858,2
386,2657,3
386,3751,3
386,3481,1
386,1466,1
420,553,1
533,2302,3
533,3070,3
387,3022,1
387,1256,4
387,3462,2
3679,1347,3
3679,16,2
389,3555,1
389,3513,3
420,1201,1
420,2921,4
533,2867,4
389,3320,4
389,3827,1
533,2011,2
533,223,2
3679,3081,3
3679,2089,4
420,3671,4
390,3786,2
390,891,4
390,3755,3
3679,3107,4
389,3512,1
389,3408,4
389,3624,4
387,3629,1
387,1148,2
3679,1029,4
3679,2867,2
3679,3261,4
3679,1653,2
533,368,3
533,3693,1
389,3536,4
389,3300,1
389,3578,3
389,3751,3
3679,230,4
387,1394,4
387,745,3
533,101,2
533,1517,2
533,3760,2
386,1005,3
386,1968,1
3679,2432,4
3679,3608,3
3679,52,1
533,1257,4
406,110,1
3679,3005,1
3679,2968,2
3679,1022,2
3679,1271,3
3679,3397,4
389,1049,4
3679,1672,1
3679,2118,1
412,34,3
389,1914,3
412,2359,3
533,2700,3
533,551,2
3679,2671,4
3679,832,3
533,2124,4
389,3253,3
389,2046,3
389,349,2
389,17,1
390,3409,1
390,3917,2
533,3363,3
3679,1010,2
3679,3101,2
406,514,2
387,1300,4
3679,2423,4
3679,39,3
3679,266,3
3679,1094,2
389,1401,2
389,440,2
389,1517,4
389,1784,3
3679,2144,4
3679,2302,2
3679,2087,4
3679,2093,1
3679,1268,2
1001,112,2
389,364,2
389,1393,1
389,647,3
389,2291,4
412,1223,1
386,1816,4
386,2196,2
1001,2801,4
3679,11,3
3679,1645,3
3679,2100,2
1001,2996,3
386,337,2
386,111,4
389,595,4
3679,2078,3
387,1265,4
389,553,1
389,1584,4
2168,1265,2
2168,3067,3
3679,3536,1
2168,2243,4
2168,1292,1
2168,1288,2
387,469,2
3679,2371,2
3679,1298,1
395,1,3
395,104,4
2168,2788,3
2168,2791,1
389,543,2
389,3256,4
3679,2502,2
2168,1079,2
2168,2300,1
3679,587,4
389,529,2
389,377,2
389,3100,3
509,640,3
3679,3203,3
3679,1641,1
2168,34,2
1001,1721,2
2168,1394,2
1001,1554,2
389,337,3
509,132,1
3679,1721,1
509,540,3
509,92,3
2168,1276,2
2168,1136,2
387,1235,2
2168,910,2
2168,3022,2
3679,62,2
1001,2864,2
2168,2064,3
2168,2324,4
387,265,4
2168,1230,2
3679,3479,3
509,415,4
389,2890,2
389,1873,2
389,2621,3
509,3835,2
509,2026,1
509,1483,1
509,2840,3
406,1307,1
389,480,3
388,1293,3
388,3370,4
388,1259,2
509,2505,1
2168,3555,2
1001,2125,4
1001,1873,4
1001,1641,2
509,436,1
509,225,4
509,2688,1
509,18,2
3679,1994,1
509,464,3
509,1769,1
389,161,4
406,237,1
1001,1584,4
3679,1344,3
3679,2059,4
3679,3526,3
388,1228,4
388,1674,3
388,3072,3
388,921,3
388,1956,2
1001,2493,2
389,3270,2
2168,3896,2
509,2803,3
389,457,4
389,1149,4
509,481,2
509,2446,1
3679,1073,2
388,1217,1
388,1957,3
388,1225,3
3679,2080,1
389,3499,4
3679,2430,3
406,3755,1
509,3249,4
3679,2529,4
509,494,3
509,490,1
509,230,1
1001,73,3
389,1408,4
509,3005,3
509,482,4
509,2841,2
3679,1957,4
3679,2018,2
3679,2019,1
1001,2571,4
474,2291,2
474,2791,3
389,1358,4
474,110,1
509,3686,2
509,662,4
1001,1859,2
389,2959,3
389,1,2
509,454,4
509,1648,4
509,3810,1
474,3627,3
474,1250,2
387,111,1
387,2130,4
1001,2318,3
3679,3044,1
406,89,2
509,319,4
509,1845,3
509,161,1
509,1343,2
1001,2359,2
387,1984,4
387,2389,3
389,2396,3
389,2571,3
389,1265,4
1001,2395,2
1001,2336,4
509,1249,1
509,2762,4
509,2707,4
509,457,4
3679,161,1
389,1704,3
389,3105,4
389,2996,1
1001,2624,1
1001,1094,3
388,1270,2
388,161,4
387,3196,2
387,1210,1
395,11,2
3679,2312,3
3679,1374,2
389,2324,2
389,110,3
389,2762,2
388,1097,4
509,829,4
388,931,1
388,3386,1
1001,2890,3
509,1760,1
388,2202,2
389,318,3
389,1406,1
406,3504,1
509,1093,1
509,73,3
3679,2288,1
3679,2915,1
3679,32,2
3679,595,2
3679,2761,2
389,2483,2
389,326,4
406,1252,2
389,3817,3
389,2673,4
389,2063,1
509,1707,3
3679,3793,3
509,2084,4
3679,3499,1
3679,1396,4
509,2042,2
509,2953,4
509,1005,4
389,2043,2
389,593,4
389,2724,1
389,736,3
1001,265,3
3679,1246,4
509,169,3
509,355,1
509,374,3
3679,1028,4
389,2355,1
389,924,2
3679,3255,3
509,2053,2
509,575,2
474,3555,4
393,3822,1
1001,3114,2
3679,1060,3
3679,1257,3
509,1588,4
509,2082,3
509,609,2
509,569,2
389,1798,3
391,2019,2
1001,1354,2
3679,588,2
3679,363,4
474,3535,4
474,3624,2
389,2505,1
509,586,2
1001,2692,3
1001,608,4
509,2709,1
3679,2321,3
3679,1097,2
412,1188,4
391,1303,1
509,2083,2
509,2429,1
509,317,1
509,1015,1
393,306,4
393,308,1
393,307,1
391,1378,1
391,2401,4
391,2478,2
3679,2398,1
3679,2924,1
3679,3396,4
474,3481,2
509,1907,3
3679,1300,3
1001,3183,3
509,2384,2
509,595,3
509,588,2
3679,2174,2
3679,2797,3
3679,3360,2
393,2289,1
3679,2594,4
3679,805,3
406,780,1
509,1595,4
3679,2978,1
3792,1131,3
3792,3496,1
3679,2058,2
3679,1900,4
3679,1294,4
393,2599,2
393,1238,2
391,2527,3
391,3037,3
391,3508,2
391,2921,2
509,2950,4
391,3093,3
391,3682,3
3679,1682,1
393,2858,2
509,455,2
509,2471,4
3792,2938,3
393,1809,2
1001,1552,1
3679,1860,2
3792,3134,2
3792,3816,2
3792,2632,2
509,2399,3
509,2822,2
391,946,4
391,912,3
391,1939,3
391,3628,3
391,897,3
391,2202,3
3679,1674,1
3679,97,3
1001,2894,1
406,798,4
393,2248,3
509,577,3
509,107,1
1001,1717,1
1001,2236,3
1001,158,4
3679,1150,4
509,86,1
390,3793,1
1001,2325,2
3679,2396,2
3679,919,1
3792,2794,2
393,3361,1
393,3481,1
393,2291,4
390,2454,3
390,2657,4
509,1031,4
3792,2718,2
391,1178,4
391,2670,3
391,3196,3
391,3406,4
391,969,4
391,1944,2
391,1250,2
391,2287,2
393,1963,2
393,2761,2
393,3536,2
406,2657,1
509,2470,3
1001,2314,3
390,2455,1
390,3160,2
390,1129,2
390,3934,3
3792,1911,3
390,1282,1
393,1077,2
1001,1502,4
3792,2805,4
3792,3869,1
3792,2378,4
3792,1091,2
3679,3147,1
393,1263,4
393,3733,4
393,373,3
1001,1541,3
1001,1879,2
390,3289,3
390,1259,4
393,1897,4
1001,2628,4
1001,1876,2
1001,1835,2
509,8,4
509,2406,3
391,2126,4
390,2160,3
390,1171,1
390,2291,4
390,2858,4
390,3481,1
3679,1214,3
406,1291,3
393,106,3
1001,1367,3
3792,1513,4
3792,830,4
1001,2810,1
1001,3158,2
391,1711,1
391,1805,3
391,1754,2
509,1017,2
509,590,1
3679,3471,3
1001,2605,4
1001,1614,1
1001,2622,3
393,1885,3
3679,1997,3
390,1965,1
390,3751,4
3792,2724,1
3792,2054,2
3792,691,3
3679,2918,4
391,648,3
391,350,2
1001,2544,2
3792,788,3
3792,612,4
3792,236,4
3792,1014,3
393,1953,2
393,1186,3
393,3836,2
393,2303,3
3679,2696,1
1001,1711,2
3792,1689,3
3792,2709,3
3792,410,1
393,535,4
509,919,2
391,3386,4
391,1589,1
391,2686,2
391,1645,4
393,1641,4
3679,3808,3
1001,2710,3
1001,2843,2
3792,2696,3
3792,2796,1
3792,1894,3
3792,1614,2
509,716,2
509,2389,4
1001,780,1
406,208,1
393,1288,3
3679,1132,4
3679,1218,3
3792,2375,4
391,164,4
391,3044,3
391,1617,1
391,3476,4
391,800,2
509,2605,4
393,1079,3
393,866,1
3679,3289,2
3679,3787,3
3679,2705,3
3679,2557,4
3679,1136,1
3792,248,1
406,1302,3
509,1539,3
390,3925,1
390,3357,1
390,951,1
390,1284,2
3792,5,4
3792,1734,2
1001,2561,1
3679,1415,4
3679,807,1
3679,2544,3
3679,3855,4
3792,2699,2
3792,3033,4
3792,2431,4
393,1235,3
393,924,2
391,2524,1
391,1388,3
391,2367,4
391,2409,3
509,1061,2
509,22,4
509,2231,2
509,3301,3
3679,2585,1
3679,2632,3
1001,2960,3
4934,1747,3
3792,1016,4
3792,552,1
393,1296,4
3679,2483,1
509,2110,3
3792,1888,4
3792,2012,2
3792,2558,4
3679,2609,4
390,296,3
390,2159,4
1001,1597,1
1001,2012,2
393,1635,4
509,2194,3
509,2278,4
509,6,2
391,2533,2
391,3430,4
3679,3089,4
3679,3134,2
3679,3746,1
1001,1569,4
1001,1821,3
1001,1836,3
3792,2424,3
3792,852,1
3792,1135,4
3792,3247,1
390,1242,3
390,2692,1
390,2628,3
393,1394,4
1001,388,4
393,1193,1
393,1253,4
3679,3415,3
3679,2704,3
391,3639,1
3792,378,1
391,3769,3
3792,586,3
509,47,1
509,2391,2
1001,2567,4
1001,1416,4
1001,1480,3
1001,2718,1
1001,597,3
3792,3087,3
3679,1163,2
3679,1734,3
3679,3357,2
509,1213,4
509,2580,4
509,608,1
393,1206,4
393,1387,1
391,1214,2
391,1953,4
391,3384,3
509,1089,2
509,50,1
509,910,2
393,50,2
1001,3186,4
3792,1425,3
3792,231,3
3792,708,4
3792,2002,3
1001,3677,2
393,1719,4
406,318,3
393,3683,2
393,1484,1
393,1276,4
393,800,2
3792,317,1
509,1422,4
509,2338,4
1001,2617,1
1001,2774,2
391,1069,4
391,2203,4
391,913,2
391,930,3
391,746,1
3792,2779,1
509,517,2
509,2413,3
509,3262,3
1001,1063,2
393,3362,1
3792,539,1
1001,1892,4
1001,1735,4
1001,3125,2
509,1092,3
3792,2111,3
1001,3174,3
1001,1513,1
509,350,2
3792,2124,4
3792,339,4
393,3196,4
391,2182,4
1001,2707,4
391,2186,1
509,1805,4
509,1732,3
509,2583,4
509,3176,4
393,296,1
393,2863,4
3792,2109,3
3792,2003,1
509,1484,4
509,1625,2
509,2686,1
1001,2433,1
393,1294,4
391,3640,4
1001,2607,1
393,1362,3
393,1964,1
393,2973,3
1001,1619,1
406,50,2
393,260,3
509,1212,4
509,903,4
3792,1566,2
3792,2657,1
3792,2134,4
391,3341,1
391,3096,3
391,933,2
1001,2759,2
1001,1810,1
393,2804,2
393,3543,1
406,1091,4
3792,3500,3
3792,2671,3
3792,3450,2
393,1244,2
1001,2891,2
1001,2975,1
509,2965,4
509,839,2
3792,3591,3
3792,2001,1
393,750,1
1001,1612,1
1001,733,1
509,502,3
509,2568,4
3792,1569,3
391,1068,2
1001,3920,2
391,3334,2
391,1152,3
1001,2690,4
1001,2165,1
391,942,3
406,1265,3
509,2422,2
3792,1457,3
3792,2371,1
393,903,4
3792,2302,3
1001,1566,3
393,1041,2
393,1267,2
393,1230,3
3792,2407,2
3792,3210,3
1001,2721,2
1001,417,1
509,511,2
509,2404,2
509,2412,3
509,3768,1
393,904,2
1001,1580,3
3792,2406,1
393,858,4
391,910,4
391,3364,1
391,1248,3
1001,367,4
1001,1184,4
406,1378,4
3792,2978,4
3792,500,1
393,3435,1
509,1562,1
509,2720,2
1001,1542,2
1001,1805,1
1001,2029,2
1001,1907,1
3792,587,4
393,528,4
509,1681,3
509,3766,4
396,1914,4
396,3421,3
396,1288,3
396,1270,2
406,2194,1
1001,357,3
3792,1663,4
3792,380,1
1001,2166,4
1001,2621,3
392,3241,3
509,2642,4
509,2411,4
392,3481,2
1001,2671,3
1001,3145,1
1001,1688,2
406,539,2
3792,3448,4
509,1866,2
509,153,3
1001,2583,3
391,356,4
509,1431,3
509,2815,3
393,2567,4
393,111,1
394,145,4
406,832,1
3792,1042,4
3792,1028,4
509,2402,4
509,849,3
509,42,1
3792,1580,1
391,539,4
393,3101,4
393,1707,3
392,3,3
3792,3398,3
412,2331,2
509,420,2
1001,3176,4
509,2405,1
392,2792,4
391,3169,2
1001,2331,2
1001,1500,1
1001,2600,4
509,3697,2
1001,2687,2
509,2421,2
509,2126,2
392,1544,4
3792,2078,2
3792,934,2
392,2241,2
3792,2081,1
1001,1748,2
1001,1396,1
396,1542,1
396,1934,1
391,858,1
391,941,4
392,3450,4
1001,508,1
1001,1916,1
1001,1535,4
392,524,1
3792,1073,2
4934,788,4
392,648,2
392,2657,2
394,3785,3
1001,2171,1
1001,1696,1
1001,137,2
3792,3836,3
392,1580,3
392,2291,4
406,22,4
394,1552,1
392,3538,4
392,480,3
4934,3408,2
412,2238,1
392,110,4
394,10,2
392,908,4
392,2858,4
392,2791,3
394,809,1
392,551,4
392,1282,4
392,1248,2
1001,1747,4
1001,2502,2
394,2490,3
394,165,4
394,70,4
394,2617,4
1001,1794,1
1001,2268,3
1001,299,4
394,380,3
1001,2611,4
1001,1357,1
1001,1921,3
396,34,3
396,1304,3
394,1769,2
394,1370,3
394,2167,1
394,480,4
1001,1923,1
1001,2542,1
1001,364,3
396,1197,2
396,232,3
396,1230,3
406,3039,1
394,733,1
1001,377,4
394,6,1
394,2353,3
509,485,2
509,208,1
1001,1059,3
1001,1407,2
1001,2390,4
1001,1844,1
396,1537,1
396,705,3
394,1527,1
394,377,1
394,2273,1
394,1518,2
1001,3000,3
1001,2481,4
509,2002,1
509,2410,3
509,170,1
509,1687,3
412,2106,2
1001,3055,4
1001,2424,3
509,44,1
509,376,4
394,2916,2
394,1608,4
394,2058,1
394,457,2
406,3614,2
392,3911,2
392,3916,2
509,2723,3
509,3441,3
1001,2711,3
3792,3865,4
406,1208,4
1001,2425,1
509,1627,4
509,95,2
509,2881,1
1001,3147,4
1001,1633,1
509,434,3
509,2273,3
509,3404,2
509,3755,4
509,1792,2
4934,3623,3
396,3035,3
396,1278,1
396,1223,1
509,165,1
509,2490,2
1001,1680,4
1001,1611,4
509,2376,1
509,2334,2
509,3452,2
509,3638,3
509,1552,3
509,780,3
509,2403,4
509,3444,2
509,2409,2
1001,1183,1
1001,2321,3
406,1515,4
394,2762,3
1001,1682,4
1001,1729,2
3792,1772,2
4934,3755,4
509,329,3
509,3082,2
509,1205,3
509,552,1
509,10,4
392,1086,1
392,2137,2
392,1972,4
392,1196,2
392,1,2
1001,1885,1
1001,2883,1
509,3274,4
4934,3578,2
1001,2959,2
1001,1653,3
1001,595,1
509,1608,4
509,288,4
509,648,3
509,292,1
395,39,2
395,1784,1
406,2881,4
1001,3163,1
1001,1784,3
509,3623,1
396,2300,3
509,2991,4
509,2990,4
509,3107,4
509,368,4
396,1294,3
395,2396,4
395,2321,3
396,2396,1
396,898,3
396,2804,1
396,1188,1
396,1269,3
402,2369,1
402,1911,3
402,2881,4
402,2772,2
1001,2725,3
1001,1639,4
509,353,2
509,3624,2
509,112,1
509,1587,1
509,3753,4
509,1049,1
509,1372,4
395,2997,2
395,3052,1
1001,3052,3
1001,2355,1
1001,3148,4
406,3210,4
396,1136,1
395,2858,4
402,3203,2
402,2433,4
396,910,1
396,1148,2
396,745,4
509,1480,3
509,349,4
509,2023,1
509,733,4
394,1573,4
395,1042,1
395,1923,4
395,231,4
1001,3128,1
1001,3181,4
1001,3178,1
406,2264,1
396,3536,1
402,3005,4
402,2976,1
396,1276,2
1001,2700,1
1001,446,1
4934,17,4
509,2001,3
509,3639,3
509,2993,4
509,3740,4
509,1101,1
395,223,2
395,1641,4
402,3298,1
402,2710,4
509,3555,1
509,2115,2
509,474,2
509,2985,1
1001,1519,1
509,1429,4
402,2683,2
402,2827,1
402,2699,2
402,2555,3
4934,28,2
1001,2580,3
1001,3079,3
394,3623,3
412,3204,2
396,1259,3
406,36,3
509,1370,2
509,2353,4
509,3256,2
1001,1594,3
1001,2333,1
1001,1719,3
402,2826,2
402,1127,4
393,1292,2
394,2571,2
509,1610,3
509,2427,1
509,861,3
509,480,4
509,3635,2
396,908,1
406,3006,2
393,2987,1
509,1954,2
509,1275,3
509,2949,3
509,1376,4
1001,3260,1
1001,2391,1
1001,1673,2
1001,232,1
394,589,4
509,2944,4
509,2948,1
509,3793,4
509,3208,3
1516,3186,2
402,486,3
1001,457,1
1001,1358,1
1001,2610,4
1001,875,3
509,1220,3
402,1888,1
402,2723,2
402,516,4
402,2054,1
396,1242,3
394,1240,3
394,1036,4
396,265,3
1516,2890,3
509,1291,3
1001,2908,1
1001,2396,1
509,1036,2
509,3267,1
4934,2804,2
402,830,3
509,2947,1
509,110,3
395,3753,2
395,3273,4
395,2391,2
395,1644,1
394,3300,3
509,1197,4
509,1198,4
509,3703,1
1001,2912,1
1001,2585,3
1001,3006,4
1001,720,1
402,2793,3
396,1250,2
395,1783,4
395,527,2
402,228,2
402,3156,3
1516,3173,4
509,2388,1
509,1556,3
402,144,4
402,1513,3
402,70,4
402,2694,4
402,3254,3
402,1020,2
395,1552,3
395,2355,1
1516,3481,1
396,902,1
1001,3078,2
1001,2324,2
394,260,1
394,344,4
509,697,4
509,427,3
1001,3008,1
1001,1537,1
1001,1,4
1001,2442,2
1001,1265,4
402,7,3
4934,3114,3
402,2372,3
396,1961,1
509,3705,1
509,237,2
402,1614,3
402,2241,1
402,224,2
394,3614,4
394,1589,1
394,1620,4
1001,1635,4
396,1095,3
396,2291,1
396,3347,2
509,2558,3
402,1379,1
402,539,1
402,3301,4
396,3160,2
1001,1393,3
1001,1704,3
1001,2761,1
1001,896,4
509,2154,1
509,1100,1
1516,1721,3
509,2316,1
402,5,4
396,3098,3
396,1196,4
396,2686,1
509,550,1
509,168,1
1001,2762,2
509,48,2
1001,2427,4
509,2805,4
396,73,2
1001,2357,3
1001,2997,4
509,3257,4
509,1409,1
509,3528,4
509,2485,3
402,708,3
402,410,1
402,562,2
396,2336,4
402,2416,4
509,2339,3
509,736,4
509,1894,3
509,3,1
509,1457,1
509,444,2
396,2890,1
402,2012,3
1516,1199,2
396,17,2
396,1295,3
402,2770,3
402,3264,1
402,372,1
509,362,1
1001,2686,3
1001,1912,4
1001,1694,4
402,3070,3
402,2581,4
402,2375,1
402,1441,3
402,351,3
509,2297,4
509,2062,1
509,804,2
509,613,1
402,1378,4
402,344,4
396,2858,2
509,1479,3
509,266,2
509,236,2
402,2060,3
1001,2682,3
1001,2573,2
1001,1446,2
1001,2966,1
396,235,1
396,1860,4
1516,2541,1
402,2133,2
509,2506,4
509,2029,1
509,708,3
509,1888,3
509,1735,2
509,222,1
396,1694,3
1001,2599,2
396,1650,4
1001,2028,4
509,1541,1
509,3436,3
396,3730,4
396,314,4
1001,1734,1
509,1835,1
509,802,4
509,2581,4
509,1597,4
509,3081,2
402,339,4
402,2558,4
1001,527,3
396,953,3
396,1247,1
509,224,4
509,1498,1
509,1680,3
509,1569,1
1001,59,1
402,2384,2
402,2150,3
412,3256,3
396,1185,3
1001,1312,3
509,1475,2
509,3269,4
402,1476,1
1001,2775,4
396,318,4
396,2357,2
396,448,1
396,1208,4
396,1172,4
402,2539,2
402,2003,3
396,1957,2
396,3037,4
402,2469,4
402,1414,1
402,2301,2
402,2470,4
402,500,3
412,2184,4
396,1945,4
396,994,2
396,593,1
402,1184,1
402,2736,4
533,3037,2
533,1784,1
402,2567,4
402,2001,1
402,3087,2
396,1225,4
396,2324,2
1516,18,1
1516,3686,3
1516,3249,1
533,2915,3
396,2501,2
396,923,4
402,2507,4
402,2407,1
402,2331,4
1516,1620,3
402,1569,2
533,3210,3
396,3475,3
402,2926,1
402,2262,3
402,2011,2
1516,1092,3
402,597,3
396,2067,1
412,924,2
402,3740,2
402,1580,3
402,2759,1
402,367,1
396,2289,2
402,2245,4
402,1042,4
402,3175,4
402,2000,1
402,45,2
402,2746,1
402,2502,1
402,2671,2
1516,2617,4
509,852,1
509,1722,2
509,2671,2
509,11,1
1001,3911,4
1516,1921,3
509,2006,4
509,1721,3
509,1183,1
509,3259,4
402,3040,4
402,3448,4
402,2907,2
402,52,4
402,543,2
412,3359,2
509,3004,3
509,1059,1
509,440,1
1516,1518,3
1516,2058,1
509,497,2
509,417,3
509,377,1
509,3044,1
402,357,2
402,2424,2
402,2706,4
1516,1732,3
509,2108,2
402,838,3
402,2100,1
402,3809,4
402,471,4
402,2302,2
402,2915,2
1516,3256,4
509,163,4
509,1393,4
509,2025,2
509,2157,4
509,1188,2
402,1777,2
402,11,4
504,1968,1
1516,47,1
402,440,1
402,3552,1
402,3060,2
509,534,1
509,555,2
509,1357,4
406,3175,3
402,1297,4
402,2144,4
402,2108,2
509,1912,1
509,2692,2
509,1408,1
1516,1089,2
1516,608,3
1516,593,1
509,1669,4
402,2797,1
402,1747,2
402,356,3
402,1883,2
402,2406,4
402,1517,2
402,21,1
402,1885,4
402,3255,1
402,3685,1
402,3317,3
396,1425,3
396,1198,2
396,719,4
406,2628,3
406,3513,3
3017,3578,2
402,3039,2
396,2997,3
396,527,4
402,1806,1
402,1285,3
402,1171,3
402,3358,2
402,3363,4
396,1721,3
406,802,1
396,1904,4
402,1663,1
402,39,3
402,441,4
402,2321,4
402,3526,1
406,1580,1
402,2395,3
402,3481,3
402,2352,3
406,2268,2
402,1923,3
1516,2987,2
402,223,4
402,352,1
402,3052,2
402,235,4
402,3536,2
402,1784,1
1516,3176,3
1516,2762,3
1516,3081,2
1516,2485,1
533,1,4
402,1220,4
402,3608,4
402,1060,2
402,348,3
533,1270,1
1516,1513,4
402,3543,3
402,3253,3
402,1079,3
402,1073,4
1516,24,1
1516,3300,4
402,2174,3
1516,2502,4
402,3104,4
402,1307,3
402,1824,2
402,2248,3
402,2599,3
402,1288,4
402,2918,1
402,2396,2
1516,2900,3
1516,2581,3
1516,3623,4
406,317,1
402,3424,1
402,2716,2
1516,3174,3
402,3421,4
402,2791,4
402,2700,2
412,595,3
402,1172,2
402,1394,1
402,3671,1
402,1270,3
402,1197,3
402,1234,2
406,1393,2
402,1265,4
402,1294,1
402,1235,3
402,3361,2
402,1304,2
402,1175,2
406,1674,4
412,762,4
402,1136,1
402,1,4
840,148,1
411,527,1
840,2748,1
397,1288,1
397,2248,4
397,3037,2
397,3114,2
397,2918,4
397,1270,2
401,1246,4
1516,265,3
401,1100,1
401,441,1
397,1307,2
397,1234,3
411,3328,3
840,1032,2
401,1758,4
1516,2599,4
411,3456,2
397,1136,3
1516,1093,1
401,15,2
402,1222,2
397,1238,3
402,3468,4
402,1259,3
402,2959,4
412,1541,4
411,2987,3
411,2701,2
397,2858,2
411,3176,3
411,3157,1
1516,2355,1
411,3185,1
411,2762,2
411,2724,1
411,2396,1
401,3429,2
397,969,3
411,43,1
397,3418,3
397,1197,1
401,647,4
401,1589,3
401,22,3
397,2571,3
397,1291,4
397,2194,3
401,1597,4
401,1552,1
411,2622,1
397,1200,4
397,457,1
401,349,2
401,434,3
397,2028,3
397,1036,2
397,1214,1
397,589,2
397,1240,1
411,2720,4
1516,2694,2
1516,2710,2
402,1293,4
402,1242,2
1516,2683,4
397,1196,2
397,260,2
397,1198,1
401,2804,2
411,2716,2
402,1358,2
401,1639,3
402,34,2
402,2329,1
411,2336,1
402,1084,4
398,3360,2
402,2324,1
402,1694,4
398,1198,2
402,3359,4
411,2369,1
411,2433,1
398,3505,2
398,1968,3
398,2412,4
401,16,1
1516,1261,2
411,2770,1
402,448,4
402,1247,1
402,2028,3
411,2710,4
397,2134,2
397,527,1
397,380,4
401,1345,1
402,1245,4
411,2683,2
1516,318,1
401,431,2
408,1233,2
397,193,2
397,1704,2
397,1663,1
397,73,1
402,36,2
401,3552,3
401,784,3
1516,2413,2
402,1193,1
408,900,2
402,593,4
408,199,3
408,1282,4
401,2355,4
1516,223,2
1516,296,4
401,95,2
402,1054,3
402,909,2
402,1263,2
408,3675,3
408,1288,3
402,1299,1
402,923,2
402,111,3
402,3362,3
411,3481,4
411,3160,4
408,2300,2
408,899,4
408,2863,3
401,110,3
411,3510,3
411,3538,2
401,3257,1
401,122,1
408,3114,4
408,2018,4
1516,919,1
402,2804,4
402,2858,4
402,1225,2
401,1233,3
408,34,4
400,110,1
400,1704,2
402,1221,1
401,541,1
401,3671,2
402,1196,3
402,247,4
400,2599,2
400,608,1
401,88,2
402,3823,3
402,527,2
401,141,3
401,216,1
1516,3316,4
401,2694,3
400,589,4
400,2858,3
400,2762,3
400,2571,2
1516,3511,2
400,50,1
401,2997,1
400,1213,1
399,2701,2
399,3114,1
399,3565,2
400,593,2
400,3114,2
400,527,4
400,1148,3
3821,541,2
3821,2804,1
401,94,1
401,595,1
399,3157,3
402,2568,2
402,1562,3
402,762,1
1516,3177,3
401,592,4
401,153,1
401,1562,4
401,1377,1
408,1251,2
402,153,1
1516,3863,2
412,2629,4
402,1918,2
402,1804,3
402,2387,3
1516,3617,4
1516,3298,3
408,904,4
408,951,3
1516,3535,1
401,1092,3
402,1627,2
402,1686,2
402,1620,2
402,2616,3
399,2762,3
1516,3646,2
1516,3536,3
399,1513,2
399,2395,2
402,2605,1
402,434,3
402,81,2
402,2561,1
402,532,1
402,2002,3
401,2018,3
401,3107,1
401,1270,1
401,2012,3
401,2011,1
399,2013,3
399,2394,4
408,923,3
399,3219,4
399,2574,1
399,2490,3
408,668,4
408,3089,4
408,919,3
408,2019,2
408,111,3
401,3105,2
1516,3948,3
402,1061,1
402,1377,4
402,2231,3
402,2112,4
408,670,4
408,3739,1
401,2683,3
399,2568,3
399,3623,4
1516,3275,3
408,1947,3
408,902,1
408,1247,2
401,1917,3
399,2392,1
399,2761,1
412,3072,1
412,3061,3
412,3543,2
401,150,2
399,2676,4
402,1034,4
402,1799,4
412,2716,3
408,2912,2
1516,1591,3
1516,2701,3
401,2294,3
401,3173,3
412,1083,4
412,3421,3
412,2352,3
399,3175,4
399,2716,1
1516,172,3
1516,1431,3
408,1729,3
401,1021,4
401,3421,2
408,3328,4
399,3564,2
402,1396,4
402,555,4
402,866,2
1516,204,3
412,1292,1
408,2542,4
408,3735,4
401,1499,2
401,2539,2
408,296,2
408,1089,3
408,2692,1
412,2973,4
399,223,2
412,1079,1
399,3751,3
402,2580,2
402,6,1
402,1729,4
402,1500,1
401,1693,2
1516,288,3
408,50,3
408,1248,1
408,608,1
408,1617,4
408,3435,3
408,1213,1
408,942,3
401,2706,3
399,2355,3
401,3535,3
401,11,3
399,2770,3
1516,2616,1
1516,379,4
412,1294,2
399,2694,3
402,1912,1
408,290,2
402,293,2
408,1221,3
402,1179,3
401,2858,1
412,909,4
399,2555,4
1516,1379,3
412,1288,4
412,1270,2
412,3429,1
412,3504,3
402,1213,3
402,1617,3
402,296,3
402,608,1
402,50,1
402,1089,2
1516,736,2
399,2858,1
1516,3274,2
1516,552,2
412,1234,2
412,1394,3
412,1,3
412,910,1
412,2324,1
400,3104,3
401,1200,2
401,1214,1
412,1136,4
412,1276,3
400,1257,2
1516,1385,2
1516,1488,4
402,3948,3
400,2918,4
400,2144,4
401,2791,1
1516,353,1
1516,1552,4
408,1192,2
408,2677,2
408,1111,4
408,1649,4
408,1865,1
400,1220,3
400,3527,4
412,495,4
1516,1918,2
399,2059,3
400,2352,3
406,3113,4
1516,1608,3
400,1307,3
412,2524,4
399,1240,1
1516,648,3
1516,2628,4
400,2000,2
408,581,4
408,363,4
406,608,3
412,1831,2
412,1917,4
400,1090,2
400,1259,4
400,1291,4
1516,1527,1
408,1361,2
408,2064,2
408,1189,4
408,3679,4
400,1258,1
400,1079,4
400,1197,2
406,1394,1
412,2405,3
408,2330,3
408,1147,1
408,246,4
408,162,4
400,1036,4
400,1270,3
400,1196,4
406,471,1
408,3424,3
408,1090,4
412,165,4
1516,165,2
400,1242,4
400,1961,4
400,1198,2
408,3683,3
408,2076,4
408,1218,2
408,1228,2
1516,1408,4
399,3072,3
399,1394,4
412,1876,2
1516,110,1
1516,457,4
1516,589,2
401,2792,4
401,1608,2
406,2289,2
408,3871,4
408,1283,2
408,2951,3
412,3704,3
401,19,2
406,3066,3
412,2991,4
1516,2799,3
1516,619,4
401,344,4
401,1127,4
412,2628,3
412,1049,3
412,2528,4
412,2989,1
399,1449,1
1516,1490,3
1516,255,1
1516,1772,4
412,442,3
412,780,3
412,1608,2
1516,65,3
1516,2265,4
401,924,3
406,3527,4
401,2492,1
401,999,3
1516,2798,4
1516,3146,1
408,1209,2
408,3671,1
408,714,4
408,1201,4
412,1573,4
1516,1453,2
412,2985,2
1516,2053,4
1516,2296,1
401,1220,4
402,3863,1
402,3889,4
406,1257,4
1516,2253,4
1516,829,2
400,1721,3
412,3107,1
412,3384,4
402,3893,2
400,2329,1
400,3484,2
1516,473,4
1516,518,4
1516,234,2
401,3897,4
400,2976,2
1516,833,3
1516,2500,3
412,3527,2
402,3916,4
402,3897,3
1516,88,4
401,587,1
408,924,1
408,750,3
408,2010,1
408,541,3
408,1214,3
400,2145,2
412,1370,4
401,69,3
401,370,4
401,1517,1
406,592,3
412,3793,2
401,1210,4
1516,1689,3
1516,1753,3
1516,3248,1
412,2347,4
1516,429,4
1516,166,2
1516,256,1
1516,174,4
402,2405,1
402,218,2
402,1210,4
402,2997,2
406,1953,4
412,3702,2
412,2529,4
412,474,1
412,1580,3
1516,4,2
402,1968,4
1516,5,1
424,1283,1
424,3871,1
424,3671,3
1516,3258,2
1516,1746,1
1516,520,1
1516,2387,1
412,1222,2
412,1127,1
412,2949,3
402,1231,2
402,380,2
406,1584,2
412,2916,2
412,21,2
412,2194,1
403,2571,3
403,1265,4
424,2024,3
424,2076,4
424,1950,2
424,903,2
403,1213,4
403,1610,1
403,150,4
412,1287,1
412,1200,1
412,1610,2
412,2000,4
412,1220,3
1516,1870,1
406,1552,1
1516,3243,1
424,3730,3
424,1252,3
424,1617,2
424,913,2
424,1212,2
424,904,4
412,457,1
412,589,4
403,1704,2
1516,333,4
1516,1593,4
403,3265,3
403,2169,4
403,2028,1
412,2571,4
412,3104,3
412,110,1
412,1036,2
412,1214,2
412,1242,2
1516,485,3
403,1617,4
403,593,2
1516,1391,3
1516,3841,2
1516,2572,3
1516,327,2
412,2028,3
412,1387,1
412,1198,3
1516,586,1
1516,435,1
1516,2860,2
1516,413,2
403,50,3
1516,218,4
412,2701,2
1516,1911,1
1516,663,3
412,2527,1
1516,3247,1
1516,2012,1
1516,1895,3
1516,788,4
1516,3477,4
412,590,2
412,3671,4
412,2921,2
1516,2335,4
1516,368,4
412,1266,3
1516,466,4
406,2000,3
424,2067,2
424,110,2
424,2890,2
1516,2002,3
1516,532,3
1516,236,4
1516,500,2
1516,339,1
424,3545,3
424,1960,1
424,1272,1
424,2028,1
424,1242,1
424,1090,2
412,1179,4
1516,1441,1
1516,785,2
424,3035,3
424,1263,4
424,1224,2
424,1299,1
424,1222,3
1516,2723,4
412,541,2
1516,2699,4
1516,1884,4
424,527,1
424,1233,1
424,3196,1
424,1250,3
424,1208,1
412,1267,2
412,913,1
1516,2706,3
406,1266,1
424,1178,1
424,1927,2
412,2105,2
412,2021,4
1516,141,4
1516,11,4
406,16,2
424,2987,1
424,1287,4
424,2871,4
1516,1020,1
1516,372,1
1516,1580,1
1516,1569,3
1516,2155,4
1516,2770,4
424,3168,4
424,1931,1
1516,543,2
1516,3263,4
403,3301,2
1516,1485,3
412,2174,3
412,1097,2
412,2968,4
412,2797,3
424,1262,2
424,919,1
424,1198,3
424,1261,3
424,1204,1
403,3617,1
1516,1641,4
1516,3052,3
1516,3450,4
1516,3108,2
1516,708,4
1516,2302,3
1516,1923,1
403,3717,4
406,919,4
1516,1777,2
424,3685,4
1516,1476,4
1516,597,2
424,2291,2
424,931,3
1516,3255,1
1516,587,3
1516,2395,1
1516,357,3
406,1035,3
412,2390,2
412,2746,2
1516,671,2
1516,2542,4
1516,514,2
1516,1784,3
406,1376,3
406,1356,4
1516,39,1
424,1944,3
424,1197,3
424,2248,3
1516,1060,1
412,1923,1
424,1094,1
1516,69,3
1516,180,1
424,2396,3
403,3948,2
412,2763,2
412,3125,2
1516,356,3
1516,1265,4
403,3916,1
1516,2321,3
424,1247,1
424,912,3
424,928,4
1516,3114,2
403,3,1
403,524,3
403,3450,3
403,1673,2
403,1580,2
403,2948,4
403,2791,1
403,480,4
403,2858,2
403,3484,3
403,2837,3
409,1735,1
409,2231,4
409,3274,2
409,2583,2
409,2166,4
409,391,1
409,2539,3
409,2435,3
403,3510,2
403,3173,4
409,3062,3
409,2628,3
409,1395,4
4310,1291,4
406,2436,3
4310,3916,2
409,2106,2
409,1101,1
403,3535,3
409,3785,2
409,225,3
409,1680,4
4310,1207,1
406,159,1
409,2160,4
4310,1225,3
403,3624,1
403,3755,2
403,3793,1
403,3753,3
403,648,2
403,3578,3
403,3555,1
409,3706,4
409,198,1
409,1120,3
409,2414,3
406,2605,1
409,2420,1
409,231,4
406,2723,1
2106,536,2
2106,1268,3
409,2011,2
403,2154,4
403,2,1
403,2628,3
403,1674,2
409,1476,3
409,3252,3
409,1484,4
406,1923,3
403,1242,3
409,1054,1
409,832,3
409,2763,4
4310,1479,2
403,1907,4
403,765,2
403,3386,1
4310,2772,2
406,246,1
4310,3578,2
409,2841,3
409,230,3
409,3273,1
409,2712,3
406,1183,2
409,3702,2
409,1747,1
409,2734,4
406,1225,2
409,1183,1
409,3510,4
409,2424,4
406,648,2
406,2745,2
409,2165,2
404,1307,1
409,627,2
404,3072,3
404,2599,1
404,2700,4
409,1676,2
404,3088,3
404,2997,1
409,3219,2
409,1003,2
406,2976,3
404,1446,4
409,2353,3
404,3897,3
409,194,1
409,3007,3
2106,2883,2
406,551,1
406,2804,4
406,2423,3
404,593,2
409,454,4
409,2640,2
404,1263,4
404,1213,4
404,1228,4
404,111,4
404,318,1
404,2858,3
409,2706,1
409,3386,1
404,1208,4
409,587,3
409,151,2
409,1653,1
409,2109,2
409,1639,1
409,1673,3
409,16,4
404,1132,3
409,3809,4
406,2734,2
409,475,2
409,3040,2
2106,32,3
404,858,2
409,94,1
409,3081,2
409,1729,1
409,3148,3
404,2289,1
404,923,1
409,1580,2
404,1060,1
404,1090,2
404,527,2
409,1672,2
406,786,4
404,3107,2
409,805,3
409,3168,3
406,235,3
406,1263,4
409,1401,1
404,1911,1
404,110,4
409,1693,4
409,1061,2
409,1732,4
404,1210,1
409,428,1
404,1617,1
409,1909,4
404,1721,3
406,436,4
409,2058,2
409,1345,2
409,590,2
409,1370,4
409,3552,4
409,902,2
409,1464,4
409,2321,1
409,1350,3
406,348,4
409,2278,3
409,1921,1
409,3100,2
409,2459,4
409,2348,3
409,3408,3
409,1298,4
409,1834,1
409,62,3
409,2423,1
409,3210,1
409,1321,2
409,431,2
409,358,2
2076,2863,3
406,20,1
409,2501,2
409,300,1
409,3101,1
409,3203,3
406,2918,3
409,1344,1
416,1617,3
416,1252,4
409,3461,2
409,2871,4
406,1198,3
409,2883,1
409,3527,1
409,1660,3
409,1210,3
406,1213,2
409,2291,4
405,910,3
405,1234,3
409,1748,1
409,1594,4
406,2762,2
406,1240,4
406,1210,3
406,589,4
406,1090,3
409,2916,2
405,2716,1
405,1136,1
409,2700,3
409,1285,4
406,3101,2
406,2023,4
406,3868,3
406,2112,2
406,1036,1
406,141,2
406,1242,4
409,953,4
409,1449,4
409,474,1
409,2391,2
405,3076,4
409,1923,4
409,1682,4
409,529,4
406,161,3
409,1246,2
409,1258,1
419,1544,1
419,3,3
409,2268,3
409,2329,1
409,1393,3
419,648,3
409,1968,2
409,1127,2
419,2033,4
419,2454,3
419,1286,1
409,2791,3
419,3155,2
419,3675,4
419,480,4
419,1035,1
409,3471,4
409,2959,3
409,3147,2
409,1674,3
419,1580,2
409,1635,2
419,3578,3
409,1962,4
415,708,2
2172,3897,1
419,2948,4
419,3159,4
415,2581,2
405,1230,4
409,3499,1
419,1269,3
419,1282,4
419,589,3
454,784,1
409,1784,2
409,2890,2
415,425,3
419,110,4
419,3751,3
409,1079,4
409,1263,2
419,908,1
419,951,3
419,1250,1
409,3361,4
405,539,3
2188,3897,1
409,2396,4
409,3578,3
409,3006,3
409,150,1
409,1961,1
405,1265,1
419,1538,4
419,1197,1
419,2353,2
419,1931,3
409,1231,3
454,1484,1
409,1090,3
409,1208,3
419,2081,1
419,1810,3
419,858,4
409,3360,3
409,2908,4
409,1704,3
409,1203,4
409,2542,1
409,111,4
409,1247,4
409,1089,4
454,1394,3
405,1954,2
409,1219,1
409,1206,1
409,1207,4
409,1299,3
409,1394,3
409,1242,1
405,1035,1
454,82,3
409,2580,3
405,3654,4
409,2318,1
409,1193,3
409,1213,2
409,1358,4
454,1136,2
409,1230,2
454,919,2
409,2966,1
405,1961,4
405,1727,4
409,1252,3
409,2762,2
409,593,3
409,527,4
409,1617,3
409,608,3
409,50,4
409,2324,4
409,2439,3
409,318,1
409,162,2
409,1694,3
409,1361,3
454,235,3
454,2791,2
454,2068,1
408,3104,4
408,112,4
408,1197,2
408,1274,4
408,1198,4
454,260,1
406,2003,4
406,2470,2
454,2997,4
454,1196,2
454,1041,2
410,2699,2
410,3614,1
410,3087,3
410,1485,3
410,372,1
454,1213,3
454,1413,1
410,1476,3
410,2423,2
410,410,2
454,3470,3
410,2706,2
410,2407,2
410,180,1
410,3809,2
410,2145,3
410,3524,1
410,231,1
409,2134,4
409,785,2
409,1378,2
409,3087,2
409,3591,3
409,441,2
454,511,4
454,2459,3
410,2111,3
410,1916,4
410,3450,1
410,1380,3
409,1485,4
409,3740,4
410,2245,4
410,597,1
409,11,4
410,2384,3
409,2470,1
409,2574,1
409,597,3
409,2567,3
410,357,2
410,104,2
409,562,3
409,1569,1
410,1010,1
410,2657,1
410,1297,3
410,1747,3
410,2746,1
410,1569,3
409,1777,1
409,500,1
796,2110,2
796,2407,3
796,2134,1
796,1395,1
409,1125,4
409,3253,2
409,69,2
796,597,1
796,1125,1
796,2779,3
796,2706,1
410,2795,1
410,3255,3
410,3893,1
410,2915,4
410,2014,4
409,3174,4
409,1077,1
454,3326,1
409,2395,2
409,1073,2
409,1711,2
409,367,2
409,2371,1
409,3448,4
796,1884,1
796,3255,4
796,3591,4
409,2867,3
409,471,1
410,2321,2
410,1777,1
410,1441,1
410,3591,4
410,441,2
454,3752,1
409,671,3
796,3552,3
796,587,4
796,356,3
409,2746,3
410,348,4
410,218,1
410,345,1
410,351,1
409,2174,1
796,3244,1
796,3760,1
796,2746,3
410,224,2
410,3253,3
796,104,3
796,2150,2
409,3608,4
409,2003,2
410,2109,3
410,2371,1
409,1663,1
409,1517,4
454,3753,1
409,2144,3
409,3868,3
410,1125,4
410,52,1
796,2109,2
796,2111,4
409,1257,4
454,3317,1
410,3948,3
409,1641,1
796,2946,2
796,2423,2
796,3398,3
796,2302,1
454,3185,1
409,3760,3
409,3617,2
410,2108,1
410,1257,3
409,223,2
409,2352,3
796,3175,1
409,3481,2
409,2716,1
409,39,3
409,3052,3
796,471,2
796,3448,1
409,125,2
409,2918,4
409,2797,1
500,2243,2
500,1073,2
409,1060,2
796,3052,2
796,2502,1
796,1081,2
500,2108,4
500,2463,4
500,1223,4
409,1265,1
409,1288,2
409,1500,3
796,3253,1
409,3911,2
409,2997,3
409,1278,4
454,2976,3
500,1197,2
409,2064,1
409,1259,1
409,2915,3
409,3362,4
796,3039,4
796,2144,3
500,1172,4
500,2700,4
409,3421,4
796,1747,2
796,3873,1
796,2870,4
500,2324,2
500,3751,4
409,1307,3
454,3173,2
500,3396,1
409,1197,2
409,2804,4
409,3897,4
409,3363,3
409,2858,4
500,3504,4
500,2396,1
796,3210,3
796,2918,2
500,3897,4
500,2863,3
500,2858,2
796,3507,2
796,3072,4
796,1641,2
454,3649,4
408,1259,2
408,2987,3
408,3000,3
796,3608,3
796,3526,2
796,3424,4
412,3127,2
410,3052,3
410,2406,2
410,2144,1
408,2905,3
408,2871,1
407,1500,3
410,1641,1
796,1923,1
796,1077,1
412,1233,1
796,1226,4
796,2000,1
407,2268,3
407,1084,4
407,2912,2
407,1945,1
407,293,3
412,2144,4
410,3868,1
409,1518,1
409,3827,3
408,2599,4
408,907,2
408,1394,3
408,1281,1
408,3462,4
500,2804,4
407,1953,3
410,2078,4
409,3256,2
407,1089,4
500,3429,3
796,2750,3
796,3088,1
796,915,3
796,2124,1
408,3819,1
408,1230,2
412,2006,3
412,1380,1
412,1290,3
408,1640,3
2106,835,2
409,2406,4
409,163,3
407,296,2
407,858,3
407,1617,3
410,1923,1
500,2014,3
500,3712,1
500,1449,1
408,955,1
408,745,2
408,898,4
410,1028,2
410,2302,1
407,2804,4
407,1259,3
407,2396,4
796,2243,4
796,1517,4
407,2791,4
407,2997,3
796,3061,1
409,480,3
409,377,2
408,2935,4
408,1256,1
409,3753,4
409,2427,2
409,592,3
407,1197,2
796,34,4
796,1958,2
796,3868,3
796,1827,3
412,1777,1
410,1968,4
410,2081,3
408,3429,4
408,3307,1
408,3030,4
408,3067,1
408,3629,3
407,626,1
407,1136,2
407,255,4
407,1640,1
409,1220,2
409,6,4
409,3635,4
412,1721,4
410,2599,3
410,3396,1
410,1073,4
410,1784,3
407,3525,4
409,1954,1
409,3107,4
409,2000,3
796,2915,4
796,1259,1
796,1965,4
412,2340,1
409,2194,1
409,1291,1
409,1912,1
410,1060,4
412,440,4
412,1569,3
412,1542,1
454,3176,2
796,3516,1
796,2359,3
796,3421,2
410,2248,3
410,1307,2
407,3916,2
407,3863,2
410,2396,4
410,2716,1
412,3684,3
409,1200,3
409,110,2
415,838,3
415,377,1
409,1036,1
412,1643,4
409,1222,3
409,1610,2
412,2100,3
409,1240,3
796,39,3
796,921,2
796,3363,1
796,1307,4
796,3481,1
796,1281,3
410,235,2
415,2125,1
412,2081,4
408,3865,2
408,3893,1
409,457,1
409,2571,1
409,1387,2
409,1233,4
409,589,3
412,377,4
412,802,3
454,2702,2
409,1198,2
408,3897,4
409,1214,4
408,3911,2
408,3949,3
409,1196,3
409,260,2
409,2028,3
409,858,3
796,3076,1
796,1269,3
415,2502,2
407,2565,1
407,141,2
407,2033,2
407,1779,3
407,1210,1
407,707,1
407,3105,1
407,3551,1
412,357,4
412,39,1
415,1307,4
796,1278,4
796,3629,1
796,3671,2
415,509,4
415,1357,1
412,2243,3
408,2165,4
408,2571,1
408,1641,3
408,3168,3
408,858,1
412,2872,1
412,2919,4
796,3341,2
796,2352,3
796,3451,3
454,3148,2
796,235,3
796,1265,2
796,3037,1
796,2791,4
412,1197,3
410,3421,3
410,3037,2
412,2278,3
796,3543,1
796,2064,3
410,1197,4
410,1079,3
412,2692,2
454,2495,3
410,1278,4
410,1394,4
454,2294,1
415,2919,3
415,1947,3
415,2065,2
415,2067,3
412,497,4
409,2023,4
409,1982,2
409,195,1
410,2791,4
410,3671,3
410,1265,1
454,2138,1
415,899,1
409,2076,4
409,1097,1
409,36,1
454,1022,4
454,1907,4
454,2139,4
410,3088,3
410,3477,1
412,1393,4
412,3536,2
415,2692,3
415,1247,1
415,1244,4
454,594,1
415,912,3
410,2858,1
415,928,4
454,2700,1
412,1265,4
412,1230,1
412,1296,4
412,2943,2
412,1307,4
412,17,1
410,3911,4
410,2804,2
410,1136,2
415,327,3
410,3083,4
412,1247,4
412,2020,3
796,909,2
454,1094,4
411,2997,1
412,2396,3
412,265,2
412,969,4
415,1220,2
796,2396,3
796,3362,4
796,1270,3
415,2300,3
412,912,3
411,2858,1
415,935,1
415,919,4
796,2863,4
796,2208,2
796,1292,4
796,1080,2
454,223,1
412,3260,2
410,2028,2
410,3552,2
415,2469,1
415,500,4
410,3039,2
412,1682,3
412,950,1
412,720,4
411,3911,4
796,1235,2
796,2599,2
796,1294,1
410,280,2
410,2803,1
410,2011,3
412,3698,4
412,3252,3
412,2640,2
415,52,2
796,3929,1
796,1234,1
796,330,3
415,356,2
415,3070,1
412,1961,4
412,2406,3
415,901,4
412,58,3
412,597,3
412,3032,3
415,2407,3
796,2858,3
796,1244,4
796,3504,3
796,916,4
796,905,2
796,1256,1
796,1197,4
796,3307,4
454,3680,1
415,2245,1
415,3712,1
415,357,3
415,1057,2
412,1132,1
412,3079,3
415,3255,1
415,2696,2
413,2384,4
796,3035,2
796,1136,2
796,3022,2
796,910,3
415,11,2
415,2797,2
415,2011,4
412,1801,2
412,2183,3
412,1303,1
413,2046,2
413,661,3
413,2,1
413,586,2
1837,2942,2
1837,2752,2
415,2247,3
412,2212,2
415,223,2
415,2371,3
413,317,1
413,2083,3
413,2687,3
796,1276,4
796,1230,3
796,1394,1
796,945,3
415,587,4
415,2891,3
415,2406,1
415,492,1
413,2294,4
413,364,4
1837,3441,2
454,1036,3
412,468,2
412,3221,4
413,1,3
1837,2146,4
413,2355,2
413,595,3
413,588,1
413,3114,2
1837,2240,1
454,1080,4
1837,2787,1
1837,2376,1
1837,2022,3
412,36,2
413,3751,3
1837,2989,4
412,1517,2
412,592,3
1837,1101,3
1837,1130,1
1837,3791,2
2106,2337,2
454,1280,1
1837,1395,3
1837,2420,3
1837,2114,2
411,1947,3
411,986,1
411,2028,3
411,1285,4
454,2804,3
413,3623,2
412,1874,3
1837,2928,3
1837,2021,2
412,2971,1
413,3578,4
412,1060,3
1837,2990,3
1837,2734,1
412,125,2
411,1949,1
1837,3102,2
411,1210,1
415,3552,2
413,2411,1
411,1270,2
411,2398,3
412,1795,1
413,3577,3
413,2421,2
415,380,3
415,2144,3
1837,2118,3
415,1663,2
412,1282,3
1837,3480,3
413,2942,1
415,2463,2
413,3707,3
415,3175,4
412,150,2
415,2926,1
413,2474,4
413,2410,4
415,3039,4
415,1569,3
1837,3071,3
1837,1124,3
413,1959,4
415,1188,2
415,934,2
413,3478,2
1837,3868,3
1837,1186,2
1837,3169,3
413,1298,2
413,3591,3
413,2420,3
415,471,4
415,345,4
415,1517,3
1837,1956,1
1837,1994,4
1837,3203,4
1837,2872,3
413,1173,4
415,1923,4
415,2700,4
412,2469,1
1837,2194,4
1837,3526,2
413,3448,2
454,3826,1
415,2109,1
413,592,2
1837,2076,1
1837,2348,2
1837,3019,3
1837,2745,3
1837,1298,1
415,348,3
412,1666,3
413,3098,2
413,2352,3
415,39,2
415,3067,4
454,2393,3
412,2062,1
413,1302,2
413,3347,1
415,1078,4
415,3608,1
415,2750,4
1837,2020,4
1837,3527,4
1837,1305,4
412,1704,1
415,1883,2
415,1060,1
412,1201,1
412,3448,1
413,1246,4
454,2093,1
1837,1288,3
1837,1258,2
1837,1674,3
1837,1961,2
1837,1189,1
413,2248,4
413,1259,4
415,3060,3
415,3421,1
454,1573,4
413,1968,3
413,1097,4
413,1961,3
413,1288,1
1837,3098,2
1837,1185,3
412,2150,3
454,2628,2
415,2918,1
415,342,2
415,1077,1
413,2313,2
454,2116,1
454,671,1
1837,2804,1
1837,1222,3
412,2580,3
412,2268,1
412,608,3
413,1242,3
413,2804,2
413,1225,3
413,1196,3
415,933,4
415,2243,1
415,3361,2
415,2174,1
415,2973,1
1837,3683,1
1837,1242,4
1837,1225,3
1837,1224,3
1837,1231,1
1837,1217,4
454,1653,1
413,832,2
415,2390,1
415,3424,3
412,2067,2
412,2718,3
415,955,3
415,3052,2
415,3061,2
415,898,2
412,3649,2
412,1784,3
415,1449,2
415,671,4
412,594,2
454,32,4
415,1278,4
415,34,1
415,1265,4
415,3671,3
415,235,4
415,2359,4
415,3072,3
454,1199,2
412,1208,3
414,527,3
413,3125,4
413,805,2
454,1206,4
413,1747,3
415,3521,3
415,1079,2
412,1283,1
415,1285,4
412,3148,2
415,1080,3
415,2064,3
412,904,4
413,1805,4
413,281,2
412,2289,4
415,1235,4
412,296,4
415,1288,4
415,2289,4
413,1672,4
415,2396,3
415,1197,1
415,1066,3
415,1270,3
414,2987,1
413,1721,3
415,1269,1
414,1267,4
415,2599,2
415,2997,3
415,945,2
415,1136,4
413,1682,1
414,2126,1
412,1476,3
424,1603,1
424,2526,4
424,3033,2
424,780,4
424,2034,2
414,2752,2
413,1060,2
413,300,1
413,1183,1
413,3108,3
415,1172,2
415,910,3
415,2804,1
415,1292,1
412,1498,3
413,1680,3
413,161,2
414,1711,1
413,3252,2
424,3660,3
424,748,4
424,1391,4
424,3697,1
424,2012,2
424,2091,2
414,1909,2
414,1645,2
414,3176,1
414,3476,1
413,1466,2
413,2268,3
415,3133,4
413,2336,1
415,2324,4
412,3,4
413,110,1
413,2291,2
412,1600,2
413,32,4
413,3147,2
413,3100,1
412,648,2
413,36,3
413,34,4
413,150,3
413,1358,1
413,1277,2
413,2028,2
413,3418,3
415,3124,3
415,3354,1
413,17,1
413,318,4
413,529,1
413,2858,3
413,2966,2
412,1965,2
412,2455,1
414,1086,4
414,911,2
414,1269,1
415,3755,4
415,3289,3
414,800,2
414,904,3
414,1617,4
414,913,3
412,3578,3
412,2948,2
415,3481,4
414,356,2
414,3062,3
414,1927,4
412,3566,1
413,2324,4
414,920,2
414,1094,4
414,2028,2
414,1200,1
414,3406,2
414,1256,4
413,1247,3
412,2160,1
412,3481,2
412,2940,4
413,25,4
413,1207,3
413,912,3
413,527,4
412,3538,4
412,1035,3
414,1960,1
414,1272,4
414,1262,1
414,3836,1
414,1208,3
413,2398,2
415,1544,3
414,1250,3
414,1204,1
414,750,4
414,912,1
414,1263,3
412,2858,2
412,1250,2
412,908,3
415,648,3
415,2657,3
413,961,4
415,1580,3
414,2951,2
414,3365,4
414,3671,1
414,590,3
412,3287,4
412,527,4
414,1266,3
414,1304,2
414,1201,3
415,3930,1
415,3927,1
415,3793,4
415,1673,3
412,1674,1
412,1615,3
415,3675,1
415,3578,1
414,3484,3
413,1210,2
413,2302,3
416,1997,4
416,1258,3
416,3499,1
415,1965,4
414,3566,3
413,45,4
416,1214,1
416,1219,3
413,480,2
415,1171,3
414,648,2
415,589,4
415,3751,4
415,1259,3
415,2791,2
414,3578,2
413,1101,4
413,260,1
416,2804,1
414,3624,4
414,3555,2
415,1284,4
415,2858,1
415,908,2
416,86,1
416,2987,3
416,3176,4
416,2841,2
416,2396,1
416,3081,3
416,3185,2
416,2762,2
416,3273,1
416,2395,2
416,2724,2
416,1513,2
415,480,1
416,2598,1
416,2906,4
416,24,2
416,3753,4
416,1959,3
414,2297,2
414,2036,3
414,1721,2
414,2080,3
415,907,2
416,2581,1
416,3623,3
415,750,4
416,3053,2
416,3354,3
416,3174,4
414,2083,4
414,1196,2
414,222,2
415,1256,4
416,2713,2
414,1210,3
418,2571,3
416,2676,1
415,2628,2
415,2617,4
415,1590,1
416,3578,4
416,3175,2
416,2333,4
416,2580,1
418,47,4
415,920,4
415,2028,4
415,3527,4
416,2959,2
416,2712,3
418,2762,3
416,3408,1
416,2605,3
416,1093,2
416,3203,4
416,2541,1
418,1950,3
418,1961,1
418,590,1
418,1,2
416,2771,3
416,2908,3
418,1247,3
416,3285,2
416,2997,3
416,3298,2
416,2710,3
418,593,3
420,745,4
420,3429,1
420,1148,2
420,2080,3
420,1223,4
418,318,3
416,2707,4
416,3155,2
420,2951,2
420,1261,4
420,2662,3
420,1480,1
416,1127,4
416,2572,1
416,2858,4
416,3534,1
418,2881,4
418,2468,2
420,2948,2
420,1198,4
420,1240,1
420,1196,4
420,260,3
420,1304,2
418,466,3
420,1221,1
420,858,3
420,1215,1
420,1348,2
420,1219,2
420,2159,3
420,1997,4
417,594,4
417,596,1
417,2987,4
417,1033,2
417,1274,4
417,2857,2
417,595,4
417,1,2
417,2139,3
417,3751,3
417,588,1
417,2700,3
418,420,4
416,337,1
416,1542,3
416,1198,4
418,3704,3
416,3362,3
418,376,3
418,3763,4
417,3114,4
417,741,4
417,1148,2
417,2078,3
417,3745,2
418,2617,4
418,2115,4
418,1876,4
416,47,3
416,1968,1
418,3257,3
418,736,4
416,500,3
418,1370,2
418,1222,4
418,2406,4
418,1101,1
418,1387,2
418,2353,1
418,2002,2
418,2194,4
418,480,3
418,3104,2
418,1918,3
418,457,3
417,2918,3
417,968,3
418,1291,1
418,3702,4
418,3703,3
418,969,4
417,260,4
417,1036,2
417,3044,3
418,3418,3
418,1240,2
418,589,1
418,2000,2
418,1198,4
418,1036,4
418,3916,3
418,3033,2
418,587,2
418,953,2
418,608,2
418,1270,2
418,3107,2
425,852,4
425,2161,2
425,2112,2
425,471,3
425,2470,4
425,145,1
420,1278,1
420,1321,1
425,1101,2
425,3270,2
425,1396,2
425,813,2
420,2007,2
420,2395,1
425,832,3
425,539,4
425,1347,4
420,3608,4
420,3649,3
420,1721,2
420,2115,1
2106,3668,1
2106,256,4
2106,362,2
425,2245,3
425,2011,3
425,141,2
425,3614,4
425,410,2
425,2474,4
425,6,4
425,2110,3
425,454,2
425,1380,2
425,2763,2
425,2166,3
425,151,2
425,104,3
425,281,4
425,3244,1
425,2746,4
425,3684,2
425,2124,2
425,1580,2
425,2764,2
425,785,4
425,2640,3
425,2371,3
425,1425,2
425,1476,3
425,1569,4
425,2734,2
425,3448,3
425,11,1
425,2115,3
425,3256,4
425,3317,2
425,1500,4
425,508,2
425,3175,4
425,1297,2
425,3087,3
425,2294,1
425,440,1
425,3527,1
425,1393,1
425,1268,1
2106,275,2
425,2108,4
425,934,4
425,21,4
425,592,1
425,3100,4
425,1721,1
425,2140,3
425,1370,2
425,1395,4
425,2455,3
425,2797,3
425,3505,2
425,2139,1
425,1834,3
425,3408,4
425,1680,3
425,1449,2
425,1610,2
425,2987,1
425,475,4
2106,1366,1
425,1589,1
425,480,4
425,2268,2
425,377,2
425,474,3
425,1729,1
425,2890,2
425,357,2
425,585,3
425,1097,3
425,3763,2
425,1641,4
425,3526,3
425,1094,2
425,2291,3
425,1257,3
425,1663,4
425,47,4
425,2248,1
425,1291,3
425,3552,3
425,1298,4
425,2745,4
425,2361,4
425,1090,3
425,3481,2
425,1994,3
425,1282,3
425,1639,2
425,1,2
425,898,3
425,293,1
425,3361,3
425,2395,1
425,3471,1
425,1704,4
425,2871,4
425,1948,2
425,1060,4
421,3555,4
421,3755,1
421,1459,1
421,1422,2
421,2713,3
421,879,3
421,3005,3
421,2423,3
421,165,3
421,1370,3
421,1036,4
421,2762,4
421,11,3
421,380,2
421,558,3
421,1210,3
421,2046,3
421,296,2
421,1721,2
423,3793,1
423,2987,3
421,1479,2
423,3114,1
423,2693,4
423,2763,4
423,3176,2
423,2961,1
423,3157,4
423,2702,4
423,2700,3
423,3081,3
423,2395,1
423,2396,2
423,2762,3
423,2093,3
423,2692,2
424,3269,4
424,2054,2
424,3638,2
423,2394,2
423,24,3
424,3770,3
424,1924,1
424,2311,2
424,3698,3
423,2502,4
423,3753,4
423,2490,2
424,2525,3
424,2663,1
424,2528,4
424,2641,1
424,1372,1
424,2105,4
424,2116,3
424,1396,1
424,2640,4
424,1653,3
424,3704,4
424,3701,1
424,1573,3
424,2117,1
424,2901,3
424,480,1
424,1376,3
424,1019,4
424,1584,2
424,3927,3
424,2527,3
424,1356,1
424,1127,3
424,1129,2
423,2568,2
423,2709,2
423,3623,2
424,1215,4
424,2455,3
424,2287,3
424,1301,4
423,3160,2
423,3752,2
423,913,4
423,3174,3
423,2676,1
424,2968,3
424,2662,1
424,3702,1
424,1097,4
424,968,1
424,1374,2
424,1965,1
423,2318,3
423,3717,2
423,3175,3
423,2716,2
423,2580,3
423,3578,3
423,2688,1
424,2288,2
424,589,4
425,1266,2
425,1923,1
423,3159,2
423,3238,3
423,2959,4
423,2712,3
425,1220,2
422,1422,3
422,1210,2
422,3355,1
425,3203,2
425,337,2
423,2599,4
424,2529,2
424,2660,2
423,2336,4
423,3408,2
424,3696,2
424,1253,1
423,3113,4
424,3703,1
425,1270,2
422,260,2
422,3190,3
423,3543,2
424,924,1
424,260,3
424,2554,4
424,750,1
424,1196,3
424,541,2
425,2321,3
425,223,3
425,1272,2
425,2028,1
425,356,1
423,223,2
423,2433,1
423,3751,4
425,3703,3
423,2770,3
423,2355,4
425,2064,2
425,589,4
423,2997,1
423,2710,4
423,2694,2
425,1259,4
425,1263,4
423,2683,3
423,2707,3
425,1234,3
425,1231,1
423,1127,4
423,2706,1
423,2858,3
423,2492,2
425,3608,3
425,1185,3
425,3421,3
425,1200,4
425,441,2
425,1089,1
424,2042,1
423,912,1
425,2791,4
425,1304,4
425,1256,1
423,1073,3
423,480,2
425,1387,1
423,1197,4
425,2571,3
425,1247,1
424,3048,3
424,2565,4
424,3101,1
423,1673,1
425,835,2
425,3671,2
425,1278,4
425,150,3
425,2300,2
516,3864,4
516,258,2
516,519,1
516,3661,2
516,327,3
425,1265,1
425,382,1
516,2053,4
516,160,1
516,405,2
516,1882,4
425,1136,1
425,1036,4
425,2403,4
516,504,1
516,2701,3
425,1306,2
425,101,4
516,379,1
516,1037,2
516,512,2
516,173,3
516,2365,3
426,3897,3
425,1307,2
425,32,3
425,2804,1
425,2968,3
516,3662,2
425,3095,3
516,2532,1
425,861,4
516,2986,2
425,267,1
516,196,1
516,1831,4
516,338,4
516,435,4
426,3481,1
425,2788,3
425,318,2
425,260,1
425,246,3
425,1221,1
425,1198,1
425,50,2
425,994,2
425,296,3
516,1690,4
516,1373,4
516,185,4
425,923,4
425,1299,1
425,527,4
516,3697,4
516,1371,1
516,1917,1
516,3033,4
516,76,2
516,788,1
516,1544,1
425,3135,2
425,858,3
426,2987,3
426,3793,4
516,748,1
425,593,1
516,3698,1
426,3114,1
426,2721,1
426,3157,4
426,2702,2
426,2841,2
426,2700,3
426,2961,1
426,3176,4
516,442,1
516,329,3
516,2054,1
516,1320,4
516,3156,3
516,1676,2
516,3638,2
516,24,2
516,2613,1
516,2533,1
426,3081,3
426,3273,4
426,2762,2
426,2396,2
426,2395,1
516,3696,4
516,316,2
516,1375,3
516,2657,2
516,1205,4
425,110,1
425,1953,4
426,2692,1
426,2093,2
516,2454,4
516,3701,2
516,2628,2
426,24,3
425,2423,1
425,1193,2
425,2000,4
426,2394,2
426,2502,4
426,3753,4
516,2985,2
516,3032,3
426,3623,1
426,2709,2
426,2568,2
516,2011,1
516,3704,2
516,426,1
426,913,1
426,3752,2
426,3174,1
426,3160,2
516,1129,4
516,2528,2
516,2407,2
516,1396,1
516,2455,1
516,2527,2
516,1334,1
516,2091,3
426,2761,3
426,2676,1
426,2719,2
426,2318,3
516,671,3
516,3702,3
516,2393,4
516,2529,3
516,2117,3
516,2116,1
516,1653,4
516,1376,3
426,3578,1
426,2333,4
426,2716,3
426,2688,3
426,3175,4
426,2580,1
426,2959,3
426,2712,4
426,3238,4
426,3159,4
516,1301,3
516,1019,4
516,1372,4
516,2553,1
516,1356,4
516,3700,4
516,2916,4
516,480,4
516,3827,4
426,2336,4
426,3113,2
426,2599,1
426,3408,2
426,2605,3
426,2881,1
426,3543,2
516,2662,4
516,3527,3
516,3932,1
516,1210,1
426,223,4
426,2541,2
426,2433,2
426,3751,1
516,1374,1
516,1199,3
516,1584,2
516,3699,3
516,1253,1
516,1097,3
426,2908,3
426,2976,4
426,2770,1
426,2355,4
516,1240,2
516,3703,3
426,2694,3
426,2997,3
516,924,2
516,1232,2
516,1206,4
516,32,1
426,2710,2
516,750,4
426,2707,2
426,2683,2
426,1127,3
426,2858,2
426,2492,3
426,2706,1
516,541,1
516,260,4
516,1196,3
516,589,3
516,1200,4
516,1214,1
516,2012,4
516,3614,3
516,3591,3
516,3846,3
516,2539,4
516,2150,4
516,2406,4
426,858,1
426,2687,2
426,2271,3
426,1405,1
516,2080,2
516,2247,3
426,1474,3
426,2628,3
426,750,1
516,2262,2
516,356,3
516,2124,3
426,593,1
516,2779,2
516,317,2
516,1566,4
516,2145,4
516,1641,4
516,1580,1
516,3712,2
516,1963,2
516,1958,1
516,2746,3
516,1517,3
516,2423,2
516,1663,2
516,141,3
516,357,1
516,663,4
516,368,2
516,3868,1
516,2795,1
516,3751,4
516,1875,3
516,588,3
516,2797,3
516,2174,1
516,2359,2
516,915,2
516,1965,4
516,21,1
516,587,3
516,3617,4
516,2791,3
516,1968,3
516,2108,3
516,1747,2
516,2321,1
516,3398,4
516,2870,4
516,1934,1
516,1883,2
516,187,3
516,471,3
516,933,1
516,1220,2
516,2355,1
516,3396,1
516,2487,1
516,1080,1
516,3097,4
516,34,1
516,3035,4
516,1269,4
516,1265,1
516,3363,1
516,3421,3
516,1784,4
516,1307,3
516,1241,4
516,2035,3
516,1234,3
516,2289,4
516,1,1
516,1294,4
516,3504,3
516,1304,3
516,1136,1
516,1270,4
516,2248,1
516,1172,1
516,3897,1
516,2774,3
516,1162,3
516,1276,1
427,3,1
427,2792,3
427,1544,4
427,3755,2
427,2657,2
427,648,3
427,2160,2
427,1129,1
427,2455,1
427,1035,2
427,480,4
427,2948,4
427,3160,3
427,1580,1
427,3917,1
427,1673,2
427,1259,3
427,3578,2
437,3836,1
437,3062,3
427,2791,3
427,2858,4
427,908,1
427,110,2
427,589,1
437,1210,3
437,1200,2
427,1278,4
427,3361,1
427,2628,3
427,2953,4
437,1272,3
437,1263,4
437,1208,4
437,1090,2
437,1196,1
437,1299,2
437,1250,4
437,1233,2
437,969,4
437,1294,1
437,2028,1
437,527,3
437,1262,3
437,3754,1
437,2116,2
437,2085,4
437,2857,1
437,364,1
437,2018,4
437,3751,4
437,1032,1
437,1,3
437,594,4
437,2080,2
437,720,1
437,3114,4
437,1282,2
2125,1282,2
428,2006,1
428,2671,3
428,377,3
428,471,3
428,1059,4
428,1947,1
428,39,2
428,265,3
428,1197,3
428,1265,3
428,920,3
428,1387,4
428,318,2
428,260,3
428,527,2
428,1617,4
428,3095,2
428,3742,4
428,593,1
428,1648,2
428,1884,1
428,2424,1
428,1649,3
428,2686,2
428,1923,3
428,1517,4
428,2359,4
428,104,3
428,1641,3
428,2324,3
428,2395,2
428,2321,3
428,223,4
428,2396,1
428,1,1
428,2858,2
428,2997,1
428,924,1
428,1208,4
428,3625,2
428,2863,1
428,778,4
428,1921,1
428,3477,3
428,3949,4
428,1196,2
428,1210,1
428,2806,3
428,1060,2
428,2628,4
438,3593,2
438,3324,4
438,3316,4
429,162,2
429,648,3
429,1544,4
438,3354,3
438,3355,2
429,3177,3
429,3857,2
429,3743,2
429,3324,4
429,3825,3
429,1225,4
429,1207,4
429,593,3
429,923,4
429,2324,1
438,3798,4
429,318,4
438,3452,3
429,700,2
429,1562,4
438,3189,2
429,3895,1
429,42,1
429,1918,1
429,1598,3
429,153,2
429,2561,2
429,2126,3
429,2027,2
429,2002,4
429,707,1
429,70,1
429,434,3
429,2616,2
429,1805,4
429,1377,1
429,1620,2
429,998,2
429,2001,1
429,3247,1
429,1711,3
429,1645,4
429,1729,4
429,1589,3
429,999,1
429,2278,1
429,1061,1
429,1732,4
429,1396,4
429,198,2
429,869,1
429,22,4
438,3617,1
429,2231,4
429,164,4
429,2268,1
429,1034,4
429,1466,2
429,592,3
429,259,4
438,3753,3
429,1500,3
429,866,1
429,47,2
429,2917,1
429,1234,2
429,1213,3
429,1313,2
438,3578,3
438,3624,4
429,3683,2
429,2186,2
429,2303,2
429,2159,2
429,2746,4
429,1345,4
429,1407,4
438,3408,1
429,1997,2
429,1333,3
429,1258,2
429,3499,1
429,1219,4
429,1848,4
429,1920,1
429,3489,4
429,3438,4
429,1702,4
429,2,4
429,788,4
429,2399,4
429,673,3
429,653,3
438,3948,4
429,60,4
429,2628,4
429,2453,2
429,2054,1
429,2005,3
429,367,3
429,317,1
429,2797,3
429,2174,4
429,1073,2
429,1094,1
429,3448,4
429,151,1
429,1183,3
429,647,2
429,161,1
429,1256,1
429,2890,1
429,1208,2
429,1263,1
429,1204,3
429,527,3
438,2392,4
429,2000,1
429,1429,3
429,1580,4
429,2985,1
429,2058,2
429,2193,1
429,555,1
429,163,4
429,2115,1
429,3256,4
429,1275,1
429,3527,1
429,2006,1
429,861,2
429,1408,2
429,1129,3
429,377,1
429,2353,2
429,1480,1
429,493,2
429,3635,1
429,1220,1
429,2991,1
429,3178,1
429,474,2
429,457,1
429,2949,3
438,3268,4
429,3104,2
429,2912,4
438,2798,4
438,1707,1
429,1210,2
429,2944,1
429,6,3
429,3267,2
429,1291,4
429,1036,4
429,2427,3
429,1242,4
429,1222,1
429,2028,1
429,1912,2
429,1387,3
429,1221,2
429,858,4
429,3744,2
429,3827,4
429,3861,3
429,3671,4
429,1,3
429,2064,4
429,1394,3
429,1304,4
429,2804,2
438,1581,3
429,2291,3
429,2948,2
429,110,4
429,1673,3
429,1282,1
429,2624,3
429,2791,2
429,1259,1
429,2966,1
438,19,4
438,12,2
438,833,1
438,1837,3
438,3248,3
438,3043,2
429,1584,2
429,1653,4
429,1215,1
429,480,3
429,1748,2
429,32,2
429,1097,2
429,1270,1
429,2553,2
429,1240,1
429,2571,4
429,541,3
429,1200,2
429,750,4
429,1199,3
429,3471,1
429,1196,1
429,260,1
429,1206,3
438,1005,2
438,2339,3
429,1214,3
429,1212,2
429,111,1
429,608,3
429,1248,2
429,1089,3
429,50,2
429,1617,4
429,1252,4
429,903,4
438,276,1
438,743,1
438,65,2
438,174,1
438,2953,2
429,908,3
429,924,1
429,1276,3
429,3454,3
438,432,3
429,3326,4
429,3646,1
429,3355,3
429,3616,2
429,3299,2
429,3826,3
429,3301,2
429,3821,3
429,3225,3
429,3785,3
429,3452,1
429,3901,1
429,3535,4
429,3863,4
429,3509,3
429,3594,4
429,3865,4
429,3948,2
429,3882,2
429,3513,2
429,3617,3
429,3755,3
429,3618,1
438,93,1
438,355,4
429,3555,4
438,1863,1
438,2042,4
429,3893,4
429,3189,4
429,3952,4
429,3624,2
429,3858,3
429,3896,1
429,3328,3
438,829,3
438,88,3
438,765,4
429,3317,3
429,3567,2
429,3852,2
429,3556,2
429,3554,2
429,3536,1
429,3747,3
429,3720,4
429,3916,1
429,3481,2
429,3897,1
429,86,1
429,3565,4
429,2714,4
429,2600,3
429,3793,2
429,3798,2
429,2672,3
429,3114,3
429,3745,1
429,2841,1
429,2700,2
429,2806,3
429,2702,2
429,3176,3
429,2395,1
429,3273,4
429,3081,1
429,3185,2
429,2485,2
429,2396,3
429,2762,2
438,1460,3
438,1359,1
438,473,1
438,419,4
429,2692,4
429,2686,2
429,2560,4
429,1513,1
429,3512,1
438,3146,1
438,1665,4
438,1021,1
438,1855,3
438,234,1
438,520,4
438,312,2
438,153,4
438,1588,1
438,2169,3
438,1133,4
438,54,3
438,370,4
438,1894,2
438,3,2
438,1461,1
438,830,3
438,1367,1
438,818,2
438,2082,3
438,637,3
438,186,1
438,881,4
438,1503,3
438,2060,1
438,3208,1
438,216,4
438,2004,3
438,3120,4
438,445,3
438,569,4
438,2431,3
438,784,4
438,3243,4
438,1703,2
429,2598,3
429,2394,1
429,2443,2
429,3300,2
429,2906,3
429,24,4
429,3753,2
429,2574,4
429,2490,2
429,2502,3
429,2581,3
429,3623,4
429,3354,1
429,2723,4
429,3752,4
429,3160,2
429,2629,4
429,3174,2
429,2713,1
429,785,4
429,2761,2
429,3453,1
429,2719,4
429,2690,4
429,2318,2
429,2716,1
429,3717,4
429,2333,2
429,3510,2
429,2580,3
429,3578,3
429,2712,1
429,3238,1
429,2428,2
429,2959,2
429,2861,3
429,3409,2
429,3113,1
429,2718,4
429,3408,4
429,2336,3
429,2599,2
429,2759,2
429,2772,4
429,3615,3
429,2433,2
429,3751,1
429,2541,4
429,2722,1
429,223,3
429,2771,2
429,2355,1
429,2908,1
429,2770,2
429,2976,1
429,2630,1
429,2997,4
429,3298,1
429,3285,2
429,2975,4
429,2710,4
429,2694,3
429,3155,2
429,3593,2
429,2683,1
429,2827,2
429,3051,4
429,2572,4
429,1127,4
429,3534,1
429,2188,1
429,2706,2
429,2858,1
429,3754,3
438,1821,4
438,552,1
438,1457,4
438,466,3
438,550,2
438,1918,4
438,248,3
438,2694,3
438,1113,4
438,2805,3
438,586,1
438,413,2
438,252,3
438,3263,3
438,231,3
438,2002,2
438,719,3
438,500,1
438,157,1
438,2567,1
438,3264,3
438,1911,3
438,1614,2
438,2496,4
429,356,1
429,589,2
429,2888,4
429,2774,3
429,2161,4
438,2683,1
438,344,3
438,2723,3
438,3450,1
438,1485,2
438,339,3
438,1441,4
438,3174,1
438,1020,3
438,333,3
438,1895,1
438,1701,2
438,708,1
438,2325,3
438,3477,2
438,70,3
438,1713,4
438,1377,3
438,3253,4
438,585,3
438,3809,1
438,587,4
438,1042,1
1778,1225,3
1778,1242,4
438,2883,1
438,2395,2
431,1721,1
431,969,1
431,457,1
431,1240,4
431,1036,4
431,1387,4
431,589,1
431,1197,1
431,1291,3
431,1198,1
438,1454,1
438,1732,3
438,3255,1
438,1777,3
430,361,4
430,3269,4
430,252,3
430,2502,2
430,2006,2
430,163,2
430,1569,4
430,1895,1
430,1498,4
430,7,3
430,3436,3
430,2572,1
430,2671,2
430,3358,2
438,1747,4
438,2709,4
438,2302,3
438,440,2
430,708,2
430,1721,2
430,597,3
430,339,2
430,440,3
430,539,4
430,2108,1
430,1680,3
430,1357,2
430,1059,2
438,2282,3
438,2318,3
438,104,3
438,380,4
438,2770,2
438,2124,4
430,838,3
430,2125,4
430,2171,3
430,222,4
430,356,1
430,39,1
430,2291,2
430,3155,1
430,497,4
431,173,4
431,1544,4
430,1183,4
430,377,1
438,543,1
438,2539,1
431,788,2
430,1188,1
430,1265,4
438,2572,2
438,141,2
438,663,2
438,356,4
438,1753,4
438,3052,1
430,2396,1
430,17,1
431,1391,4
431,1676,1
431,24,4
431,1909,1
431,2985,3
431,1356,4
438,1476,2
438,3157,3
431,1748,3
430,1226,3
431,1580,3
431,480,1
430,1079,3
430,1537,4
431,1653,3
431,3527,2
431,1584,3
431,2657,2
438,471,1
438,180,3
438,1641,2
430,1136,4
431,1270,2
430,933,2
430,1294,4
431,32,1
431,1214,3
431,1200,2
430,905,4
430,1270,4
430,1269,1
430,955,3
431,1196,2
430,3363,1
430,2883,4
430,239,2
430,419,2
430,414,4
430,1230,4
430,1812,4
431,1702,3
431,3489,2
431,2,2
431,673,2
431,1848,4
431,2054,1
438,1517,2
438,2384,1
438,1827,2
431,2105,1
431,2021,2
431,653,1
431,2628,4
431,367,2
431,2138,1
431,2161,2
431,2005,1
430,858,1
430,848,4
430,3179,3
431,1097,2
431,260,1
431,2174,2
431,1073,3
430,1210,1
430,587,1
430,187,4
430,920,3
438,39,2
438,1923,2
438,1858,2
431,2571,1
431,1617,4
438,223,1
431,1704,3
431,2501,4
431,2028,4
431,608,1
431,527,3
438,2396,3
431,2987,1
431,3793,2
438,2997,2
431,3114,1
432,3004,2
432,3,1
432,2906,1
432,1550,4
431,2762,4
432,1353,1
432,1894,1
431,2394,2
432,804,4
432,118,4
432,1801,1
432,1593,1
432,2497,1
432,1453,3
432,3106,2
438,3439,3
438,810,2
438,2162,4
431,2761,3
432,3257,1
432,691,2
432,351,3
432,289,4
431,3578,3
435,3175,1
431,3175,1
438,3440,1
438,2253,3
432,2581,4
438,3489,3
438,1702,3
438,653,3
438,3438,1
438,1654,1
432,1888,1
432,207,2
432,736,4
432,3259,4
432,2424,4
432,2558,4
431,2772,2
431,3751,2
432,2805,4
432,2724,4
438,1848,4
432,378,1
432,237,4
438,2161,2
438,2005,4
438,1967,2
438,367,1
438,2193,2
432,46,2
431,2997,3
431,2710,3
432,1777,2
432,236,4
432,224,2
431,2683,1
431,3593,3
431,2858,2
431,2706,1
431,1127,1
432,2875,4
432,1569,3
432,2496,1
438,2174,1
438,2797,1
438,1019,1
438,2100,2
432,252,4
432,597,4
432,468,3
435,3841,1
435,3431,4
435,1100,2
431,165,2
431,2193,4
431,1009,1
432,1398,4
432,2171,4
432,587,2
738,1758,3
435,1379,3
435,2735,1
431,1210,3
431,609,1
432,1680,4
432,440,4
432,2006,3
432,838,2
432,3358,3
431,3054,4
431,110,4
435,2410,3
435,1918,1
438,239,4
438,2142,3
432,2166,3
432,1057,3
432,377,3
435,1385,2
438,1030,1
438,673,2
438,1489,1
432,892,1
432,357,3
435,3372,2
432,2125,4
432,1643,1
432,1721,3
438,1205,2
438,2123,3
432,11,3
432,342,3
432,39,4
438,1033,1
438,2141,2
438,2033,4
438,1566,1
438,709,1
438,2090,2
435,3430,4
435,42,4
432,1094,4
435,2002,3
435,1371,2
435,3020,4
432,2108,3
432,2620,1
432,1183,4
432,151,1
432,497,4
438,1405,1
438,783,2
438,1907,3
438,616,4
435,2403,1
435,3638,4
432,3108,1
432,1265,2
432,356,1
438,364,2
438,2394,1
438,2081,1
438,588,3
438,2294,3
438,3034,1
438,2089,1
438,2085,3
438,3213,1
435,1378,4
432,1912,2
432,2396,1
438,2096,2
438,1029,3
438,2137,1
438,1032,3
438,2099,2
438,1022,4
438,2087,4
438,595,3
438,2987,2
438,2080,1
438,1023,1
438,2018,4
438,1025,1
438,596,3
438,594,3
435,2376,3
435,2990,3
435,2001,1
435,2115,3
435,3633,2
438,2078,4
438,2857,4
438,1148,1
438,3429,2
438,2138,1
438,1274,3
438,1282,2
438,720,4
435,648,1
435,736,1
435,2406,4
435,2989,3
432,524,4
435,2628,4
432,1674,3
432,2023,3
432,2054,1
433,3705,3
435,1580,2
481,2947,2
433,3,1
433,1353,4
435,3107,4
438,3033,4
438,2034,4
433,3004,2
432,904,3
435,377,3
435,380,3
435,3702,1
435,3062,1
433,804,1
435,3639,4
435,3635,4
435,2993,1
435,2948,2
481,3168,1
435,3827,1
438,1371,4
438,3698,4
438,3745,3
433,2875,1
5737,3538,2
435,1222,3
433,2724,1
433,2506,1
435,2947,3
433,2424,1
435,2000,1
435,1374,4
433,3528,3
438,2054,1
433,2671,1
433,1569,1
435,1291,3
435,1198,1
435,260,1
435,858,3
433,339,1
433,539,4
433,1777,3
433,788,3
433,11,2
435,1101,3
438,2093,2
438,3701,3
438,2641,2
433,356,4
433,361,1
433,708,1
433,25,4
435,2122,3
438,2116,3
438,2105,4
438,2140,4
433,1393,3
433,3614,3
433,471,4
433,377,2
435,415,1
435,540,2
435,3257,2
435,1422,3
435,494,3
438,2407,2
438,2011,2
438,1375,1
481,1125,3
435,1544,2
435,2126,1
481,955,2
438,2455,4
438,3704,3
438,2009,4
435,1479,3
435,2802,1
435,2263,2
481,3200,2
481,2915,1
435,3249,1
438,2640,3
438,2117,2
438,2657,3
433,1223,3
435,3063,2
435,1917,2
481,1955,3
433,3751,3
433,1965,1
481,1278,1
481,2730,4
481,3527,1
481,3500,4
435,185,3
433,1288,3
438,3793,2
438,1376,4
438,3827,2
481,2866,4
433,3210,3
433,1276,2
433,1304,1
434,1310,2
434,2064,2
433,1394,1
433,1136,1
433,1230,1
434,759,2
435,1129,1
435,1792,3
435,1597,3
481,902,1
433,1294,3
433,2289,1
433,3543,4
433,2858,3
433,1148,2
433,3421,4
481,1721,2
435,1552,3
434,2355,1
434,596,4
434,2085,2
434,1,4
434,1282,4
434,3751,1
435,10,3
435,454,3
435,1608,4
434,1148,3
433,21,4
433,3072,2
433,2736,4
435,2916,1
435,1343,4
481,908,4
434,2015,3
434,1018,3
434,390,1
434,2098,2
434,1948,4
435,3686,2
435,349,2
481,1292,4
433,1096,1
433,527,1
434,1028,3
434,2078,3
434,909,3
434,1014,3
434,3076,3
434,1304,3
434,2747,2
434,3028,3
438,1374,3
438,1127,3
438,1097,1
435,1459,4
435,1994,4
481,1231,4
435,3044,2
434,2863,1
434,2946,3
434,3507,3
434,2870,3
438,1210,2
438,924,2
438,1270,4
438,1240,4
438,3703,1
438,3471,3
435,3082,3
435,3256,3
438,1214,1
438,1206,4
438,1200,1
438,541,3
438,260,3
438,1196,2
435,1573,3
435,3101,3
435,165,1
435,1127,2
434,2920,2
434,953,2
438,2498,2
434,923,3
434,912,1
435,2391,2
435,1674,3
435,1722,4
438,3156,4
435,2353,4
435,1370,4
435,733,3
434,3217,4
438,2053,1
438,258,2
438,256,2
438,160,4
434,919,3
434,1099,1
435,3527,3
435,589,4
435,457,4
481,2335,4
481,2002,3
1137,3457,1
438,172,2
438,2986,2
438,173,3
438,1831,4
435,593,3
435,1240,4
435,1610,2
435,1036,4
435,1249,3
438,1037,4
438,1590,4
438,1544,4
435,2762,3
438,435,1
438,1917,4
438,2275,4
435,50,3
435,904,1
435,608,2
438,316,2
438,1690,3
438,2012,1
438,2094,4
435,2404,1
435,2402,2
435,466,4
435,688,1
438,1876,1
438,2393,4
438,1320,3
438,780,2
438,329,3
434,2010,2
481,2136,3
438,442,4
438,2628,3
438,1676,1
438,1391,1
438,2046,2
438,2699,3
438,2428,1
435,3766,3
435,2815,2
434,3897,4
434,3911,2
435,780,3
435,3441,2
438,1356,1
481,2012,1
438,1580,4
438,1909,1
438,1372,2
438,1921,3
438,1584,1
438,1653,4
438,1573,2
438,1527,4
435,2476,1
435,3519,3
434,1321,4
434,2795,4
438,3175,3
438,2916,2
438,1396,2
438,480,2
435,3448,4
435,3836,3
481,743,3
435,356,3
435,3654,4
435,1272,2
435,1263,1
435,1090,4
481,3791,1
435,2944,3
435,1210,3
435,2670,2
435,1208,1
481,344,2
435,1200,3
435,1242,4
435,912,4
481,2877,3
435,1196,2
481,1120,2
481,231,2
438,3160,2
481,3135,3
481,1088,4
481,3769,1
481,5,4
481,2003,4
434,2858,3
481,317,2
481,3873,3
481,934,2
434,3099,4
434,260,3
438,2687,1
434,1473,1
481,3169,2
481,2929,4
481,2115,2
481,2948,3
481,1008,4
481,105,3
481,3809,3
481,2085,1
481,2424,4
481,1997,3
481,3682,3
481,10,2
435,480,3
435,2253,3
435,1125,3
481,2993,2
481,3210,4
481,3253,4
481,1954,3
435,1221,2
481,3471,4
481,2870,4
1812,3937,1
481,2346,1
481,1258,2
481,367,2
481,1235,4
481,1387,2
481,1663,2
436,2053,3
436,405,4
436,1591,2
481,3671,2
436,1590,2
436,24,3
436,1037,4
436,172,3
481,2355,1
436,1544,3
436,1831,1
436,3354,4
436,329,2
436,2038,1
435,2023,1
435,3274,3
481,1961,1
481,3421,3
436,379,1
436,2393,1
436,2657,1
436,316,4
481,2819,3
436,2094,4
436,3033,4
436,1205,2
436,3745,4
436,3269,3
436,2046,4
453,810,1
438,2268,4
438,2693,3
436,2012,3
436,1909,1
453,2382,4
453,2381,1
436,2985,3
436,780,4
436,2011,2
453,473,2
436,1653,3
453,19,2
453,2379,2
436,2116,2
436,1527,4
453,2380,3
436,2916,1
436,1580,2
436,3793,1
436,3175,4
453,429,4
436,1356,2
436,1584,2
436,480,4
436,1240,1
436,1215,2
453,3754,4
436,2571,1
453,2798,3
453,2953,2
436,2253,3
1959,1296,2
436,3440,1
436,810,1
436,2162,3
436,673,3
453,216,3
1959,2479,4
1959,994,1
1959,17,4
1959,1293,3
436,2453,2
436,1126,4
436,1702,1
436,3439,1
436,1009,2
453,3882,4
1959,1084,3
1959,1946,1
1959,3468,1
1959,1957,2
438,300,3
438,741,3
453,520,1
436,3438,3
436,2093,2
436,60,2
436,2,2
436,126,1
436,653,1
436,3489,4
1959,3683,4
1959,1185,2
1959,3471,4
1959,1099,3
1959,34,3
453,370,1
453,1440,3
528,2005,3
453,1894,2
528,1840,1
436,2054,2
436,2143,3
436,2015,3
436,2005,1
436,2140,3
436,2174,3
436,1073,3
436,2043,1
436,2017,3
1959,1276,1
1959,1263,1
453,586,3
453,485,3
528,3448,1
1959,1213,4
1959,3362,3
1959,1225,3
1959,1193,1
436,367,1
436,2087,1
436,3479,1
436,317,4
436,2161,4
528,2321,2
436,2021,2
528,3255,4
436,2628,4
453,2335,1
528,2987,4
1959,593,1
453,157,1
453,1379,1
453,2717,3
1959,3201,3
1959,1952,4
1959,2804,2
436,788,3
436,1097,3
436,2193,4
436,260,1
436,1967,2
528,3269,1
453,3,3
453,2792,4
528,349,4
528,1947,2
528,364,2
1959,527,4
453,2478,1
1959,1221,2
1959,1299,1
1959,3811,4
528,2915,2
436,1282,4
436,3114,3
528,3526,4
453,2694,2
453,2060,4
436,3028,3
453,2796,3
453,2082,2
453,542,1
1959,318,2
528,2011,4
436,17,4
528,1268,3
528,361,1
528,2174,4
436,3271,1
436,1333,1
436,2394,4
438,1673,4
438,2700,3
1959,858,3
436,605,2
438,441,3
528,357,3
1959,1442,4
436,150,3
528,1028,4
436,62,2
453,1391,1
453,2378,2
453,3247,3
528,3100,2
528,915,2
528,1356,1
438,551,1
436,1099,1
453,2699,2
453,2794,3
528,1968,1
528,2622,3
528,47,2
438,1500,3
438,1215,1
453,3254,1
453,2683,3
436,2858,2
436,3147,1
528,3256,3
528,1639,2
528,1500,3
438,3386,1
438,2908,3
436,529,4
436,2132,3
436,2918,4
453,788,4
528,1220,2
528,94,1
528,2071,3
453,725,4
1959,3079,1
436,899,4
436,110,2
528,1584,3
528,1621,1
453,344,4
528,62,4
436,589,1
436,1259,2
528,1663,1
528,1682,3
453,2004,1
453,3869,3
453,1378,4
528,440,3
436,262,3
453,3087,2
528,2353,1
528,3178,1
528,3147,3
528,223,2
528,1246,3
1959,3623,4
453,1701,2
436,2565,2
528,2355,2
436,3159,2
436,1274,2
528,1673,1
528,3525,1
453,1895,3
438,272,1
438,2355,2
438,457,3
528,590,4
436,2728,2
436,1185,4
436,1210,1
436,457,2
453,2195,1
453,1380,1
453,70,4
528,457,4
436,356,1
528,3861,1
528,1611,2
453,414,3
453,3450,2
1959,3911,1
438,2321,2
453,3243,3
453,2148,2
453,1866,3
436,1291,3
453,1194,2
453,2572,2
437,2401,1
437,3681,1
437,2527,4
437,3494,4
438,2542,2
436,1270,3
436,3088,1
453,597,1
436,1197,1
436,919,4
453,3812,4
528,1394,2
453,785,2
438,3181,4
438,3000,2
438,32,4
437,3671,2
437,590,3
437,1201,1
437,553,3
437,2921,3
453,2447,4
453,500,3
453,3033,2
453,317,2
5675,2835,1
436,2924,4
528,1721,2
453,441,1
453,2012,2
1959,2966,4
528,104,3
436,223,4
437,1266,3
437,1304,2
437,1209,2
437,3508,3
437,3873,4
437,3871,2
437,599,2
453,1405,2
453,2416,4
528,1693,1
438,3147,4
438,2336,3
438,1625,3
453,3253,1
453,104,2
528,933,1
436,720,1
436,2028,3
453,2423,3
453,1884,3
453,2407,3
453,2301,3
438,1610,2
438,1407,2
436,2804,3
528,1912,1
436,3600,4
453,380,3
436,593,4
453,2539,2
453,1211,3
436,527,1
528,1960,2
528,3361,4
438,36,3
438,986,4
438,235,3
436,1136,4
436,296,4
436,1198,2
453,367,4
528,3271,2
528,2797,1
453,2003,4
453,356,1
528,1197,3
528,508,1
528,17,3
453,3552,2
453,1858,2
436,277,1
528,1302,3
528,1,1
438,1392,3
438,2571,3
453,2302,4
438,34,2
438,110,3
528,3703,1
453,2150,1
438,589,2
438,1,1
438,2959,2
453,3608,1
453,1663,2
453,562,3
528,914,4
528,1036,4
528,1242,4
438,1265,2
438,2599,3
436,3945,3
436,3889,3
528,2890,3
438,3114,4
438,1089,1
438,1223,4
453,2395,2
453,2081,3
528,1265,3
453,39,3
453,1963,4
528,916,1
528,1270,4
528,3114,2
453,588,2
438,318,4
438,2858,4
436,3948,2
528,3360,1
528,1136,2
453,1226,4
453,3868,3
453,21,2
528,1196,2
453,551,2
453,1747,2
528,3461,3
528,1411,2
438,1617,4
438,527,4
453,3481,2
438,745,3
437,920,3
528,277,2
436,1237,1
436,902,2
453,1885,1
528,1873,1
528,2918,2
453,1288,3
453,1223,4
437,2004,4
437,1591,3
437,2094,4
528,541,1
436,1391,2
453,3424,1
453,2973,2
453,1172,1
528,36,4
436,2105,2
436,486,2
436,1196,1
528,318,1
437,1193,1
528,593,4
453,2643,1
528,3565,4
438,2941,1
438,3549,3
438,1882,2
438,2028,4
453,2450,4
453,2822,3
453,3864,3
528,3300,1
453,2642,1
453,2471,1
453,44,3
453,153,4
453,2421,3
453,455,3
453,3926,4
438,1721,4
438,1694,2
453,1917,1
453,1359,3
453,1544,2
453,736,1
453,316,4
482,1227,2
453,577,1
453,2723,1
453,3698,1
453,2054,2
453,434,2
453,1377,4
453,2094,1
453,648,4
482,473,2
482,2404,4
482,1445,1
482,157,3
482,466,1
482,2402,3
453,1552,1
453,2193,3
482,3441,2
453,2628,1
453,2133,1
453,10,1
453,3269,2
438,3877,3
453,1676,2
453,2470,4
453,1015,1
482,2944,1
482,3366,3
453,3755,3
453,2641,2
482,2427,3
482,41,3
453,112,2
453,2161,3
453,1372,4
453,2005,1
453,2046,4
482,2890,3
439,1097,3
439,2100,1
453,349,2
453,1376,4
453,2880,4
453,733,4
453,1580,3
453,1275,2
453,2871,3
453,1127,2
453,1073,4
453,919,1
453,1303,1
453,50,2
453,3208,2
453,3802,2
439,3705,1
439,347,2
439,2797,1
439,2352,3
439,2539,1
439,1327,4
439,11,1
439,3363,3
482,1597,2
482,1722,1
520,475,3
520,934,2
482,7,3
482,2146,2
482,708,4
482,252,4
3688,2700,2
520,1199,4
482,2671,2
439,1214,1
439,3250,1
482,378,1
482,3834,1
482,2262,3
520,1500,4
482,1680,2
482,3099,1
482,1339,3
520,164,1
520,3683,3
520,1179,1
439,3841,3
439,1608,3
482,357,1
482,3244,2
520,1173,4
482,1183,3
482,2633,3
482,1408,3
520,2504,3
439,1127,4
482,1357,2
482,1393,1
482,17,4
520,521,4
482,1944,3
482,916,1
482,3475,4
439,3420,1
482,3706,4
482,1625,3
482,1088,4
3688,2692,2
482,1380,1
439,356,3
439,2501,2
482,2877,3
482,783,4
439,1210,2
439,3916,1
482,2078,4
482,2746,3
482,1035,4
439,1396,2
482,914,2
482,551,2
482,364,4
482,1947,4
482,2971,2
482,899,2
482,2122,4
482,1556,2
482,2902,4
482,2338,3
482,3113,2
482,1995,4
482,2719,2
482,132,3
482,3835,4
482,3705,2
482,540,3
482,1644,4
482,2121,4
482,2468,1
482,2713,3
482,3273,2
482,436,3
482,415,4
482,742,1
482,2505,2
3688,3623,2
482,229,1
482,782,2
440,500,1
482,482,3
482,165,1
482,3082,1
482,353,4
482,1792,1
440,3450,2
482,1320,2
482,376,4
482,3686,3
482,2803,2
482,3219,3
440,539,2
482,2273,4
482,288,2
482,1717,2
482,1479,2
482,1092,4
482,1783,1
482,225,2
440,11,2
482,494,3
440,1500,2
482,3101,4
440,356,1
440,1641,1
482,230,4
482,377,3
482,1892,4
482,2353,4
482,2763,2
440,2396,2
482,2058,4
482,1645,3
482,2490,4
482,662,2
482,3102,1
482,3256,4
482,163,4
482,1370,1
482,373,4
482,1994,3
482,16,1
482,3147,1
482,1343,3
482,3203,2
482,3505,3
482,474,2
482,1036,4
482,1610,2
482,2550,3
482,457,2
482,1219,4
482,904,4
440,1552,1
441,457,2
440,376,1
440,288,4
441,1036,2
441,1198,1
441,1266,3
482,1009,3
440,2763,3
441,377,1
440,648,2
482,737,2
482,519,4
440,1573,2
440,1580,1
482,2408,4
482,379,2
3688,2716,4
441,296,1
482,196,2
482,1037,1
482,2531,3
482,2365,1
444,2160,1
440,110,3
440,3256,1
444,1035,1
444,2948,2
440,1608,1
444,2966,4
441,34,3
441,923,4
3688,2712,1
482,2530,4
482,2532,4
2120,161,2
444,908,4
444,1249,4
482,2034,2
482,185,4
482,435,2
2120,3426,3
440,1610,1
441,593,4
482,1391,2
482,316,1
482,3638,4
482,788,4
482,2428,3
482,1924,2
482,1690,1
482,2901,1
440,3418,4
440,21,3
441,3638,4
440,2028,1
440,349,4
441,2054,2
441,1603,3
2120,337,3
2120,3255,2
445,1073,2
445,2779,3
482,426,2
482,442,4
482,2364,1
445,3198,3
445,1082,2
445,1350,2
445,2138,1
445,3204,4
445,3508,2
445,3135,2
3688,2541,1
482,780,2
482,3704,2
482,2091,4
482,1375,4
441,3704,1
441,2528,4
445,3037,2
445,1997,1
482,2454,4
482,1334,2
482,3269,2
482,1573,3
441,2105,3
445,1278,4
445,1272,1
445,3671,2
445,3244,3
482,968,2
445,2866,3
445,3421,1
441,2628,3
441,2009,2
441,1573,1
482,1019,4
445,1193,2
445,1235,4
445,3363,2
482,2529,2
482,3527,1
482,2117,3
482,2288,1
440,2891,4
441,3927,3
445,3551,2
482,3702,2
482,671,2
441,1527,4
445,111,1
445,1230,4
441,1077,3
441,3932,4
441,3702,1
482,1127,1
2120,300,1
2120,3100,4
2120,150,1
482,2571,1
482,1199,4
482,3703,2
482,1240,1
482,1200,3
445,858,1
445,3545,4
441,1097,2
441,2985,4
482,1214,4
482,750,4
482,2664,4
482,1206,2
441,1376,4
441,924,2
2120,2890,3
482,2450,3
2120,2291,4
441,2571,1
441,541,4
482,1499,2
482,2422,2
445,1623,4
441,260,1
441,1196,4
441,1253,2
441,1270,3
441,1240,4
1969,2587,4
2120,1465,4
445,3798,4
445,2987,2
445,3114,1
482,173,4
482,2642,3
482,1562,2
482,3864,2
440,1193,3
445,2840,2
445,2841,4
482,455,1
445,3081,3
445,2762,4
1969,175,2
2120,2336,2
440,1210,1
440,1270,4
482,3489,4
482,2367,1
482,1359,1
2120,1393,4
1969,3751,3
445,2724,4
445,1513,2
445,3273,2
482,1917,4
482,736,2
482,1544,2
1969,3578,4
445,2598,3
445,2013,3
445,2906,3
482,208,2
482,3672,3
445,2490,1
482,1371,2
482,2054,3
482,3698,4
482,2405,2
1969,3513,4
445,2723,1
445,3623,4
440,2023,3
441,1544,1
440,3755,4
482,674,2
482,2641,2
445,3752,4
445,3174,1
445,3053,4
441,2792,4
482,1377,1
482,1552,1
482,10,4
445,2761,2
445,2392,2
445,2713,1
441,551,2
482,2094,3
445,2676,2
445,2719,4
445,2690,4
482,2470,1
482,2006,1
445,2995,1
441,1035,2
2120,296,2
482,1049,2
482,3036,2
482,610,1
482,1676,2
445,2688,4
445,3717,2
445,2716,1
444,2969,1
441,1580,2
445,3238,2
445,2861,2
445,2959,4
482,2115,4
482,2640,3
482,733,3
482,1275,1
482,349,1
482,3168,2
482,1376,2
482,2528,3
441,2858,3
441,589,2
441,2791,1
445,2605,1
445,3408,3
445,3113,2
482,1374,2
482,2916,2
482,1210,4
482,2968,2
444,356,3
444,3448,3
445,2369,4
445,2881,3
442,2858,2
445,2147,4
445,2433,2
445,3016,2
482,2871,2
3688,2694,1
442,608,2
444,1078,1
444,3066,4
482,1287,4
482,969,2
482,1291,4
441,2111,3
442,111,1
442,1196,4
442,3543,1
445,3005,1
444,2287,2
442,3095,4
444,2670,2
482,260,2
482,1204,2
482,1198,4
445,2710,4
445,2997,4
442,912,4
442,1193,2
441,480,2
441,1135,3
441,920,3
442,296,3
442,593,1
444,3062,4
444,1272,1
444,2941,4
444,2944,1
445,2683,3
445,2555,1
445,3179,2
442,1213,2
442,1221,1
445,2706,1
445,3754,2
441,367,4
442,858,4
444,1183,3
444,110,1
482,2986,4
482,2126,4
444,2067,1
482,2616,1
482,434,1
442,2599,4
482,521,3
482,2956,2
444,1262,4
442,2716,3
442,2248,3
442,3114,4
442,1923,1
442,3253,2
442,1060,3
482,3770,4
482,999,2
482,198,3
482,367,1
442,1197,3
442,2064,3
444,969,3
444,750,3
482,2985,4
482,1732,4
445,3898,4
442,1270,2
442,3210,3
474,2857,2
482,2280,2
474,1288,3
482,2278,1
474,2300,3
442,916,1
442,1537,2
442,2395,4
482,6,4
482,3763,4
482,555,1
482,2542,3
442,1449,1
442,1265,3
442,1243,2
482,2580,1
442,1394,4
482,2391,2
482,2268,2
442,1079,2
442,34,2
444,3788,3
442,1276,2
442,2791,2
444,903,4
482,47,2
482,3104,3
442,2924,1
442,1304,1
442,671,2
444,1913,2
444,1617,2
444,904,2
444,1212,2
444,1252,2
482,1912,3
482,2692,3
482,3735,4
482,296,3
442,3421,1
482,1089,1
442,1256,3
482,1945,4
482,50,4
482,608,2
442,2788,4
442,2804,2
442,1136,2
474,1421,1
444,2797,2
3688,2706,1
444,2000,4
444,3037,2
474,1756,2
474,193,1
474,255,4
445,3,2
444,3873,3
444,2716,2
445,3450,2
445,3917,2
444,1278,4
445,1286,3
444,2324,4
474,3146,4
445,524,3
445,2454,4
445,3624,2
445,2160,1
444,1948,3
442,3911,1
474,102,2
444,357,2
444,3396,2
444,1270,4
445,2455,1
445,1965,1
482,1265,1
474,1882,2
444,838,4
442,2023,2
442,3397,4
442,3809,1
474,519,1
445,2948,3
445,3510,1
445,3930,1
445,3753,3
444,1641,3
444,1269,4
474,3835,2
442,2492,3
442,908,2
442,3476,3
445,1673,1
445,1249,4
445,3481,1
445,1035,2
474,737,4
444,2352,3
444,1188,2
442,1198,4
445,2791,4
445,1282,2
444,2064,1
444,2997,3
474,1999,1
445,908,4
445,2858,3
445,1259,2
445,1250,1
444,232,4
444,3253,2
444,1234,4
474,1562,1
474,1769,3
474,2053,1
444,3566,3
444,905,4
444,1537,2
444,3507,4
445,3354,3
444,1136,2
474,4,4
445,3173,2
445,3409,4
444,3504,3
444,3035,3
444,3361,1
444,3751,4
474,315,4
474,1590,2
445,3513,2
445,648,2
445,3534,2
445,3755,3
445,3555,2
445,3515,4
474,3063,3
444,2359,2
444,2300,4
444,1079,2
444,3421,4
445,3578,3
445,3751,1
445,3512,2
445,3793,3
474,331,3
474,762,3
444,1304,4
444,1256,4
474,1312,4
444,1230,4
444,3363,3
444,1294,1
444,1,3
474,1460,2
474,724,2
444,1394,4
444,936,4
444,2396,3
444,1223,3
474,2253,2
474,482,3
474,153,3
474,79,1
474,185,2
474,782,2
444,745,3
474,1591,2
444,1148,3
474,829,3
444,3418,3
474,1601,1
474,413,1
444,1419,2
444,1914,3
444,3152,1
445,1720,2
474,1857,3
444,1747,4
444,1084,4
445,1862,2
445,2643,2
445,160,3
445,2701,2
445,737,3
474,3130,3
474,818,1
474,1779,2
444,1288,4
474,1432,3
474,2335,2
444,296,2
444,1358,4
474,2232,3
444,1203,2
444,926,3
444,3424,4
444,1957,3
444,1094,1
474,1629,2
445,1882,2
445,172,4
445,519,4
474,707,4
474,786,1
445,2549,2
445,2851,2
445,2450,3
445,2448,3
445,405,4
445,546,4
445,2408,1
445,3190,3
474,2082,2
474,208,3
444,1132,4
444,3163,3
444,920,3
443,3095,1
445,256,3
445,2665,3
445,2322,2
445,2642,4
445,338,3
445,185,3
445,1831,3
445,2456,2
443,318,2
444,1231,1
474,879,1
474,1544,1
445,2038,2
445,2808,3
445,2053,3
445,3024,2
445,3802,2
445,1590,2
445,2526,4
445,1373,1
445,504,4
445,1762,4
444,1247,3
444,1097,3
443,912,3
474,784,4
443,923,4
474,1461,2
444,318,2
474,1438,3
474,485,3
474,333,3
445,2530,3
445,849,1
445,1591,2
445,1924,2
445,2667,3
445,1917,1
445,2091,4
443,259,3
474,2986,4
474,1603,3
444,1193,4
444,3735,1
444,34,2
443,999,1
443,2985,3
443,1377,1
445,173,1
445,2377,1
445,3660,3
445,748,4
445,2986,2
445,2672,4
445,327,3
474,1379,1
474,170,3
474,830,3
443,555,1
444,1131,3
445,2531,4
445,2615,2
445,76,2
445,2613,4
445,1690,1
445,3923,2
445,196,3
474,1479,4
443,6,3
443,1645,4
444,1952,4
474,1000,2
474,580,2
445,1037,4
445,1779,3
445,435,1
445,2034,3
445,3926,2
445,1544,2
474,1320,4
474,736,2
443,3362,4
443,592,2
443,2391,4
444,1150,2
444,1280,2
445,2428,4
445,2668,4
445,1320,1
445,3826,2
474,2126,3
474,2,1
474,175,4
443,1213,4
443,2194,2
445,512,4
445,2287,3
445,3697,3
445,788,4
445,332,4
445,2054,1
445,3863,4
445,24,3
443,1953,2
444,2858,4
443,1617,3
443,608,3
443,47,2
445,1391,2
445,2722,1
445,2393,4
445,3300,1
445,3698,4
445,2232,3
474,1409,3
444,1233,3
444,1185,2
443,293,1
443,1089,4
443,296,1
443,1234,4
445,329,1
445,1876,3
445,3375,2
474,1687,2
474,2605,3
445,2311,4
445,2641,3
445,2699,2
444,912,4
474,224,4
445,2046,4
443,50,1
443,1221,1
443,858,3
445,1909,1
445,316,2
445,3156,3
445,3638,4
445,780,2
445,3033,2
474,552,2
474,2023,4
474,1416,1
445,2105,4
445,2012,2
445,1334,2
445,1573,2
444,608,4
474,282,1
444,3470,1
445,2528,3
445,198,2
445,2985,3
445,1375,3
445,2009,2
445,3070,2
445,3704,2
474,1690,4
474,2500,1
474,442,1
444,527,1
445,1527,3
445,3269,2
445,3927,1
445,1603,2
445,2094,1
444,3811,3
474,1836,3
474,288,3
474,3869,3
474,1015,2
443,527,3
445,3175,1
445,1580,3
445,1129,4
445,2011,2
445,1396,4
445,1356,2
445,2407,2
445,3576,4
444,994,3
443,1961,3
443,2633,4
474,466,1
474,2249,3
445,1376,3
444,949,2
443,1097,4
443,2082,1
445,2527,3
445,610,4
445,2662,3
445,1372,4
445,2140,4
445,426,3
445,3032,4
445,1301,1
445,2968,3
474,165,1
445,1584,1
445,1127,3
445,3527,2
445,1077,3
445,2916,4
474,70,1
474,2628,2
445,1653,4
445,1097,1
445,3937,3
445,1210,3
445,1374,3
445,1748,4
474,95,3
445,2553,4
445,589,4
445,32,3
445,2571,2
474,2012,2
445,1274,2
445,1240,2
445,2664,4
445,1270,1
445,3471,3
445,1200,4
445,3932,1
474,2793,2
474,237,1
474,539,1
444,2469,4
444,1196,3
444,3450,3
444,2059,1
474,1405,4
474,648,4
445,1196,1
445,541,3
445,1214,2
445,1206,2
445,750,2
445,2288,3
445,260,1
445,1199,4
474,3243,2
474,3272,1
474,1616,3
444,3397,3
445,3912,3
444,1282,4
474,597,3
474,1527,3
474,521,2
446,144,1
446,3155,1
474,344,1
474,1049,4
474,1457,1
446,1250,3
446,908,1
446,2160,3
474,1667,1
474,1701,2
474,1485,2
474,1615,3
474,105,2
474,141,3
474,1907,1
445,3895,4
445,3889,1
445,3946,4
446,745,1
446,2761,3
474,227,2
445,3952,2
474,1777,3
446,1136,3
474,2297,4
474,3254,3
474,3386,3
474,180,3
474,708,2
474,2294,3
446,1300,2
474,1391,2
474,3107,3
445,3896,4
445,3893,3
445,3916,4
445,3879,2
474,1884,4
474,3809,3
445,3897,2
445,3948,4
446,953,3
446,2355,4
446,2324,3
474,1693,1
474,2272,2
445,3633,3
445,480,1
474,352,4
474,2089,3
474,2165,3
445,3317,1
445,1371,1
445,1617,2
446,3108,1
474,380,3
474,1356,3
474,278,3
474,356,2
474,1676,1
446,1199,1
446,3204,2
445,1221,4
569,345,3
474,1279,1
474,27,2
474,2155,3
474,231,2
569,3593,3
474,2617,3
569,3799,2
474,653,1
474,3614,2
474,218,3
474,1268,3
474,1472,2
569,3354,2
474,449,1
474,317,1
474,440,1
474,1909,2
474,3256,2
474,1027,2
474,104,4
474,1399,4
446,1233,3
474,3052,2
569,3745,2
474,1648,1
446,534,2
474,1680,3
474,799,4
569,3793,3
569,3408,3
569,3624,3
474,1236,1
474,1805,4
474,587,3
446,43,4
474,1645,1
474,1425,1
474,999,2
446,3168,4
446,3201,2
474,543,3
474,194,2
474,661,2
474,2499,1
569,419,4
569,1707,4
446,1094,1
474,156,4
474,851,1
474,2302,1
569,12,2
569,1592,3
569,1760,1
474,1271,3
474,2975,4
569,2798,2
569,1005,3
569,1431,3
569,102,3
474,507,3
474,3544,1
569,239,4
569,2027,1
569,2799,4
569,1445,1
569,673,2
446,1643,2
474,1639,4
474,3712,2
569,2036,4
569,2953,4
569,2392,4
446,2390,1
569,1126,2
474,123,4
474,3255,2
569,2720,3
569,1474,4
569,374,3
569,2042,2
474,1580,4
474,480,4
474,2106,1
569,2253,4
569,327,1
569,473,2
474,1059,3
446,2080,4
446,914,3
474,294,2
474,590,3
569,1858,2
569,575,2
569,2907,3
569,1806,2
569,637,2
569,2888,2
569,3248,4
446,1212,4
446,3471,3
474,147,1
474,1051,2
569,2266,3
569,830,3
569,2052,4
569,466,2
474,551,2
569,3243,1
569,3264,4
569,1911,1
569,429,2
446,1099,4
474,368,2
474,1785,1
569,3258,4
569,333,1
569,688,2
474,492,3
474,2124,3
446,345,3
569,532,3
569,2793,3
474,94,1
474,1407,3
569,2699,4
569,520,1
569,107,3
569,1409,1
569,135,1
569,2082,1
569,2723,4
569,267,3
446,36,3
474,1396,3
446,2359,4
569,2335,3
474,190,4
569,2694,1
446,1641,4
569,1425,4
446,1222,3
474,364,4
474,3267,4
474,1721,2
474,3476,2
474,588,3
474,1042,3
569,837,2
569,54,3
569,1064,4
569,1588,3
569,2805,2
569,1020,2
474,493,3
474,2391,1
474,1351,3
474,2169,3
569,276,2
569,236,1
569,1377,4
569,3477,4
569,70,1
569,1391,1
474,1584,4
474,1673,3
474,39,2
569,203,1
569,351,2
569,542,4
569,2424,2
569,1410,1
474,1517,1
474,2278,1
474,151,1
474,1732,1
569,513,2
569,2880,3
569,586,2
474,6,4
474,262,1
474,595,2
569,799,4
569,552,1
569,516,1
569,2581,2
569,414,4
569,2879,4
569,3247,3
569,500,4
474,3108,4
569,587,3
569,7,4
569,539,2
569,2124,4
569,838,3
569,2582,1
474,1682,4
474,2329,1
474,16,2
474,1748,1
569,468,2
569,252,1
474,1784,3
474,3261,4
569,2567,3
569,2706,3
569,1485,3
474,778,2
569,3175,4
569,367,3
569,380,4
569,104,2
474,509,3
569,2671,4
569,1777,2
474,1343,2
569,728,2
569,2384,2
474,1799,3
474,1610,4
474,293,4
474,21,2
474,1500,4
569,342,3
446,319,3
474,1060,2
569,2321,3
474,3499,4
446,778,1
474,1215,1
569,1580,3
569,3052,4
474,150,1
474,1265,4
569,356,2
569,1500,1
474,741,4
446,1196,2
446,1960,3
474,589,2
474,2028,3
474,800,3
446,922,2
474,1,4
569,1148,3
474,1266,1
446,213,2
474,1912,3
474,1704,4
474,47,3
474,678,1
474,714,1
474,29,3
446,1172,3
446,265,3
474,2305,1
474,456,2
474,296,1
474,3266,1
474,3429,1
453,2394,2
453,2384,1
446,1223,3
474,2479,1
474,608,2
446,1148,2
453,3328,3
453,1517,2
474,593,1
474,745,2
453,592,4
474,50,3
474,3265,1
474,1148,2
453,1923,2
453,1429,3
453,2739,2
453,861,1
453,2085,3
453,480,4
453,492,1
453,3527,1
453,3618,3
446,110,2
453,587,2
453,2712,2
453,2118,1
446,515,2
453,1449,1
446,17,2
453,2124,3
474,3864,2
453,1721,2
453,145,2
453,2916,1
453,1411,4
446,1210,4
446,35,2
453,489,4
453,2115,4
446,3751,3
446,480,3
446,3461,4
453,778,1
453,223,1
453,1485,1
453,1408,1
453,58,3
453,2948,4
453,45,4
453,3624,1
453,2109,3
453,2918,1
453,1968,4
453,2108,2
453,1834,4
453,3160,3
453,1730,3
453,358,3
453,2391,4
453,3671,2
453,2700,3
453,1078,2
453,3814,2
453,3168,3
453,3421,2
453,3256,2
453,1272,2
453,1246,4
453,2355,4
453,507,3
453,475,3
453,1466,4
453,1220,2
453,2103,3
453,1798,3
453,2987,4
453,337,4
453,1641,3
453,1278,2
453,1019,1
453,62,4
453,2947,3
453,1259,3
453,2174,1
453,2949,3
453,3052,3
453,1661,2
452,169,3
453,2300,2
453,1965,1
447,3751,3
447,2085,4
447,596,4
447,1097,2
447,1012,1
447,1029,2
447,2018,1
447,594,1
447,2102,3
447,1022,4
452,2412,2
453,1077,4
447,1028,2
447,919,4
453,474,1
453,1036,3
453,3702,1
452,1366,1
453,2915,4
453,1256,2
447,3554,1
453,3398,2
453,1080,4
453,2467,4
452,233,3
453,1682,1
453,3210,4
453,2064,4
447,2020,2
447,2919,1
447,3424,4
453,32,1
447,2972,2
447,1090,2
447,1231,2
447,1150,4
452,1726,2
453,1953,4
453,2571,4
452,1918,4
447,1185,3
447,2068,3
447,1096,1
447,1968,3
447,1299,4
447,1293,2
452,2712,4
452,2002,2
453,1704,1
447,1225,4
447,3112,3
447,1962,4
447,1957,1
447,1228,1
447,3811,1
453,150,1
453,2716,3
453,2879,3
453,3703,1
453,671,2
453,2398,1
453,2997,4
453,1358,1
453,2291,3
452,1884,3
453,1961,2
453,1270,2
453,3471,4
452,574,2
452,1027,3
453,1304,3
453,1210,4
453,1206,3
453,1215,4
587,47,2
587,1300,4
587,3735,3
453,296,1
453,2183,3
587,3201,1
587,1219,3
452,1179,1
452,1190,2
452,1693,3
587,1277,4
447,3072,1
587,1206,3
447,3365,2
587,3007,3
587,246,1
453,3646,4
452,1721,4
452,1271,2
453,1242,3
453,2363,3
453,2791,1
447,527,3
447,2819,4
447,1254,3
452,3252,1
587,265,1
452,1120,1
452,16,2
587,1358,2
453,2795,2
453,1136,4
453,3682,1
452,509,4
587,1242,3
587,1196,4
587,296,4
452,62,2
452,3246,3
587,1089,3
587,1228,3
452,3386,4
452,300,3
452,2268,1
587,1252,3
453,2819,3
453,1214,3
452,1245,4
587,527,1
448,3481,4
453,1237,3
587,1617,1
452,1704,3
452,1784,3
587,608,2
587,1213,1
452,150,1
587,1198,4
453,1089,2
587,593,3
452,608,2
452,1358,4
452,2858,2
452,296,4
452,1213,1
587,297,3
452,593,3
452,318,4
453,589,2
480,1895,1
453,1247,2
453,1193,1
448,2701,3
480,491,1
454,2395,4
453,2599,3
448,2763,4
448,2485,1
448,2395,4
448,1513,2
448,2396,4
448,2841,4
448,2840,4
453,1387,4
453,608,4
453,1250,2
454,3147,4
452,1562,3
448,2598,3
448,2581,3
452,786,3
453,1617,1
453,1945,3
454,3521,3
448,2723,1
452,1762,2
453,2324,2
453,1252,4
448,2713,2
480,1805,2
454,1279,3
448,2688,1
448,2959,4
452,3257,3
452,303,1
453,923,3
480,1660,3
452,2023,2
480,524,3
448,2908,3
452,208,4
452,736,4
480,1721,3
480,3100,3
452,2763,2
452,165,1
452,552,4
452,3274,2
454,1587,2
452,3418,1
480,1059,1
452,1370,4
480,1682,4
480,62,1
453,700,1
454,162,4
452,2427,3
452,3107,2
452,380,4
452,377,3
452,3256,4
452,457,4
452,1610,4
452,2571,1
480,2596,2
454,2712,1
448,2617,3
448,2028,4
448,95,4
450,3210,1
452,2995,1
452,2516,2
452,1328,2
480,590,2
480,300,1
450,2791,2
450,1945,3
480,1639,3
480,150,3
448,440,1
450,364,4
450,1214,3
480,1393,3
450,3072,2
452,2004,2
448,1097,1
450,1997,3
480,1730,4
480,1060,1
480,1784,3
450,1136,1
450,2987,1
448,1748,3
448,1721,2
480,337,3
452,2719,1
450,2501,4
450,1253,2
452,879,1
480,3178,4
454,405,3
452,273,4
454,1275,2
450,3152,4
452,1339,4
452,842,2
457,3552,3
457,3033,1
480,2329,1
480,3147,2
450,3543,3
452,2167,3
452,735,4
480,2959,1
480,1704,3
457,2371,1
450,903,1
449,2657,2
480,2858,4
480,608,1
450,3114,1
450,2236,2
450,2917,1
450,457,2
457,2011,3
449,3535,1
449,1130,4
452,1445,4
480,527,3
480,593,2
480,296,3
457,3608,1
449,1321,2
449,3018,1
449,2553,3
449,3917,2
449,2867,1
449,2664,3
450,2384,2
450,2761,3
480,318,2
454,2692,4
452,1408,2
452,161,2
450,1206,1
450,2890,3
449,2455,2
449,1333,3
449,1261,1
449,1345,4
449,1215,4
449,1350,1
449,1982,4
457,2797,2
452,2028,2
452,356,1
452,1233,1
452,527,2
457,3039,3
457,2174,1
457,3868,4
449,1997,3
449,2288,2
449,3727,4
449,3499,3
449,1994,4
457,1259,1
457,2791,2
457,1968,2
457,2918,4
457,3361,1
449,1348,2
449,2716,2
449,1258,2
449,1387,3
449,1219,1
449,1214,3
452,458,2
452,383,4
450,1952,2
452,368,1
452,590,3
452,553,2
452,432,4
457,3424,4
457,1079,3
450,1270,3
450,910,3
450,111,4
452,2053,1
452,1391,1
452,1590,4
450,1198,1
450,1304,4
480,1917,4
452,519,4
452,2701,1
450,2863,1
450,1244,1
450,1193,4
449,2005,4
449,2,2
449,1967,2
449,2105,1
449,2015,4
449,1848,4
449,2161,2
450,527,4
450,1247,1
480,1320,2
480,1544,1
452,1690,3
450,608,1
450,1299,2
450,1260,3
452,1320,4
480,3033,1
449,2021,2
449,1073,2
449,367,2
449,1019,3
449,2193,4
449,2140,2
449,3479,1
449,2628,4
452,2012,2
450,246,3
480,2046,3
454,261,3
452,426,4
457,1394,1
457,1285,4
454,3243,3
452,1573,3
450,904,2
449,2138,4
449,2797,3
449,1097,4
449,2968,3
449,2174,2
449,260,4
452,2916,3
452,780,4
452,1527,2
454,1450,3
450,2804,3
450,1219,3
450,318,1
452,589,3
480,3175,4
450,260,1
480,1584,3
480,1921,2
480,3527,2
450,3363,2
450,3198,3
454,608,2
480,3827,1
480,924,4
449,2354,1
449,444,3
452,277,3
480,1200,2
452,3926,4
480,1097,3
480,1240,3
449,3799,3
449,481,4
449,2995,2
449,110,3
452,2456,2
452,3450,2
452,1544,3
452,2792,4
480,1206,3
454,1732,2
451,3072,3
451,3252,3
451,711,1
480,750,1
480,1196,4
480,260,3
452,3923,2
452,1327,1
452,3675,3
450,1097,2
450,1358,2
450,317,3
451,902,3
452,2454,4
450,1263,4
450,1961,4
451,111,3
451,1079,2
450,1580,3
452,3928,2
450,2028,3
480,3484,3
451,1210,2
451,1193,4
480,3409,2
480,3753,1
454,1079,2
480,3624,3
480,3510,3
452,1673,3
452,3159,1
451,1961,2
452,480,4
452,1580,3
452,2455,1
480,3481,2
480,3578,3
480,3793,2
480,3555,3
452,2160,2
452,551,1
452,3936,1
454,2931,1
452,2291,3
452,1269,1
452,1965,3
454,714,4
454,1204,1
454,570,1
452,1282,4
452,3929,3
452,2791,3
452,2948,3
452,1035,1
452,1250,2
452,908,3
543,707,4
452,1927,1
452,3545,4
452,111,2
452,3681,1
452,3254,4
452,2111,1
452,534,3
457,1732,4
543,1088,4
457,1270,1
543,2413,2
543,517,3
543,1732,4
543,731,4
457,47,2
738,3889,1
457,1089,2
457,1221,1
457,50,4
457,858,2
454,2972,3
454,30,3
738,3452,1
738,3744,4
738,3755,2
457,296,4
457,1358,2
457,1784,1
457,36,4
543,1468,4
543,2950,2
543,1475,4
457,1704,3
533,1899,1
738,3298,2
738,3717,1
543,1398,2
533,3401,3
533,2422,2
738,3914,4
457,608,3
457,1213,4
457,2324,1
533,2450,1
738,3408,3
457,318,4
533,2471,2
457,358,4
457,593,1
543,2875,1
543,1959,4
543,2146,4
738,3916,3
533,3489,4
453,1090,1
453,1244,2
533,673,2
543,1854,2
543,3259,3
533,836,2
453,1931,1
457,3386,1
533,849,4
533,464,3
453,34,4
453,2858,3
454,3409,3
454,648,2
738,3484,3
738,3354,4
543,1777,2
738,3553,4
454,2792,1
738,3513,2
738,3555,4
738,3753,1
738,3535,2
453,2692,1
457,2064,3
454,3535,2
454,3155,1
453,1949,4
453,1276,4
453,541,2
453,47,3
453,3751,1
738,3578,3
457,246,3
543,1059,3
543,222,4
543,357,3
453,1230,4
738,3181,3
453,1207,1
457,1298,1
454,661,2
457,2890,1
453,2804,3
454,3793,1
453,1225,3
453,246,3
738,3793,1
738,3510,1
738,3409,1
738,3624,3
738,3300,3
738,648,1
738,3173,2
453,527,2
453,858,1
453,1,4
457,1184,4
457,1208,1
457,1960,2
457,760,4
453,678,4
453,1213,1
453,318,1
453,1873,3
454,3160,3
454,2291,3
461,2819,2
453,1196,2
457,1242,3
453,1267,3
454,3481,2
457,1294,3
457,1090,2
457,1263,3
457,1299,3
453,2966,4
454,2858,2
453,1198,2
453,1148,4
453,260,3
453,745,4
461,1466,3
457,1783,1
453,1204,4
461,2511,4
461,1089,4
461,1084,4
461,3735,2
461,3362,4
457,3683,4
454,3889,3
461,910,1
461,1221,2
461,942,1
461,1953,2
461,1248,1
461,3364,4
461,1945,4
461,858,1
461,608,2
457,1617,4
543,2092,1
543,1030,1
543,616,2
456,1250,1
456,150,3
456,2949,4
456,1291,1
456,1206,2
456,2791,2
461,2643,1
453,3098,1
453,2028,1
453,1562,2
461,3705,3
454,3863,2
453,2490,2
453,750,3
453,3387,2
461,2421,1
461,1591,1
543,3034,1
543,2137,2
543,2089,2
456,950,1
456,1270,2
456,1259,1
456,969,4
456,923,2
456,1350,2
457,2459,2
461,849,1
461,1917,3
461,673,4
454,3893,1
461,1371,3
461,1552,1
454,3911,3
461,434,4
461,674,3
454,3897,1
454,3948,2
461,316,3
461,2105,2
456,3421,1
456,318,2
456,296,4
456,1200,4
461,329,4
461,1049,2
461,2013,4
461,2094,3
457,3476,2
543,519,1
461,3417,1
461,2470,4
461,2161,3
456,1198,2
456,589,2
456,608,1
456,1207,1
456,1272,2
454,1210,2
461,3168,4
461,1019,1
461,3927,4
461,2528,1
461,1376,4
461,380,2
457,2003,3
457,968,2
461,349,1
454,1985,1
454,173,4
461,941,4
454,2084,1
454,1198,2
456,1225,1
456,541,2
461,1275,3
461,2871,2
461,3479,3
457,1347,1
461,1287,3
461,952,3
461,1085,2
461,3104,1
461,3699,2
456,919,3
456,1213,4
456,1204,1
461,1254,1
461,1303,1
461,919,4
461,940,3
461,1931,1
461,1197,2
461,260,2
457,1982,1
461,2818,4
461,2817,1
456,1193,2
461,2816,3
456,50,1
456,1254,2
461,2322,4
456,858,4
461,2815,1
461,1445,3
461,466,4
456,1223,1
456,1136,4
461,3339,1
461,1391,4
456,1617,4
457,1333,4
457,1258,1
461,3367,1
461,1616,1
461,1676,3
461,2476,1
461,3643,2
461,3724,2
461,3519,3
461,780,3
457,1214,3
457,1387,3
456,1148,3
461,2669,4
461,3628,4
461,2941,3
461,3143,1
461,1408,4
461,3062,4
461,3366,4
461,897,2
461,2670,1
461,2944,4
461,1272,2
457,1199,3
457,2640,1
459,2763,2
461,3654,3
461,3196,4
461,3836,3
461,1208,1
461,920,1
543,2116,2
457,2985,4
461,3035,4
461,969,2
461,2202,4
461,2890,1
461,2067,4
461,750,3
459,3176,2
457,1584,3
457,3527,4
457,924,3
461,1263,3
461,1927,1
461,1262,2
461,1178,2
461,912,4
461,1944,1
461,1294,3
459,2396,1
459,314,2
459,2762,2
459,2724,1
459,2485,1
457,480,3
457,32,4
457,1210,3
461,1204,4
461,1250,1
461,1939,1
455,933,1
457,1240,1
457,1206,4
457,3471,2
455,3072,4
455,955,3
455,3363,3
455,1304,3
455,345,4
461,303,4
461,210,4
461,1379,1
461,416,1
461,266,3
461,2896,4
461,3792,1
461,3122,2
461,3093,4
461,2012,1
461,3074,2
461,996,4
461,2527,1
461,3806,4
543,1920,4
543,1073,3
455,1230,3
455,910,4
461,3311,4
461,2922,4
461,3487,2
461,1008,3
461,3873,1
461,3494,2
461,553,2
461,368,2
461,2921,4
456,2070,1
455,951,2
455,905,2
455,2858,1
456,3176,1
461,2951,3
461,590,3
461,964,1
461,3508,4
461,1201,3
461,3368,3
461,3037,3
461,3671,1
455,2396,1
459,2394,1
455,3873,1
456,2762,2
456,2396,4
456,3081,3
461,3871,2
461,3681,2
461,1304,2
461,599,1
461,3467,3
461,1283,4
461,3365,4
461,1209,3
459,2581,3
457,1097,1
457,1200,3
457,750,4
457,1196,2
457,260,3
455,969,4
455,919,3
456,2013,2
456,24,1
455,2406,3
455,1254,4
455,1198,1
455,260,2
455,1196,2
461,3433,1
461,1984,4
456,2901,3
461,1986,4
461,2382,1
461,2862,1
461,2903,4
461,3877,2
461,3767,4
461,3689,4
461,2383,3
461,3432,3
461,2422,1
455,1028,1
461,3768,4
461,3766,2
455,1721,2
455,858,4
455,105,4
461,1977,2
461,1983,1
461,1979,3
459,3578,3
456,2716,2
456,2688,2
456,3578,1
457,2628,2
461,2477,2
461,3692,1
461,1995,2
461,2748,2
461,3918,3
455,1270,3
459,2336,2
459,3408,2
461,2408,3
456,2336,1
456,3408,4
461,2380,4
461,2088,1
461,2404,3
457,2427,4
461,3388,2
461,2642,1
461,2950,1
461,2478,1
461,2402,1
456,2147,1
456,3751,1
461,2411,4
461,2471,4
461,2468,4
456,2355,3
461,2259,2
461,2374,4
461,2802,2
461,2264,3
456,2710,3
461,3387,2
461,2717,1
461,2403,1
461,3033,4
461,3385,3
461,1373,1
459,1093,4
461,3698,4
461,2942,1
461,3688,2
461,2405,4
461,2378,3
461,2790,4
461,2641,2
459,2541,4
461,2054,1
457,1580,1
457,292,2
457,288,4
457,2278,3
461,3497,2
459,3285,4
459,2694,1
461,2141,2
461,2956,3
461,1378,4
461,3791,2
461,2752,4
459,2683,3
459,3004,2
459,3179,1
457,1370,3
457,380,2
461,1088,4
461,1587,1
461,3441,4
457,1610,1
457,733,1
461,2376,3
461,2001,2
461,2193,1
461,3197,1
459,2826,2
459,2572,1
459,2858,2
459,2706,1
461,2990,3
461,3087,3
461,1375,1
461,2146,2
461,3740,2
461,2474,1
461,3251,1
461,3524,3
457,1408,4
457,377,1
457,6,1
457,3178,3
461,2011,3
456,1097,1
456,3499,2
461,2247,1
457,457,4
457,589,3
457,1233,3
457,2571,3
457,2028,2
457,110,1
461,2100,2
461,1135,2
461,2420,1
461,2005,3
461,3071,1
461,2734,4
461,3101,2
456,3806,3
456,3072,1
456,1580,4
461,3706,4
461,3501,1
461,2406,4
461,2407,4
461,3701,3
461,1129,1
461,2115,3
461,3412,3
533,1019,2
461,2518,2
533,1031,4
461,3527,4
461,3763,3
461,2929,2
461,1374,3
533,1259,4
461,3685,4
461,3169,3
461,1286,1
461,1081,2
461,2852,4
461,1962,3
461,2371,3
533,1556,4
461,2065,1
461,3448,2
461,2077,3
461,2352,4
461,2401,3
461,2139,2
533,1389,3
533,438,4
461,1957,4
461,592,2
461,1127,1
461,3072,1
533,1882,1
533,1562,3
533,15,4
461,3608,2
461,3203,3
461,1960,4
461,2968,1
461,3552,4
457,2987,3
461,3039,2
461,3505,1
461,1220,2
533,2701,4
533,2153,3
533,2748,1
533,2404,4
533,172,3
533,1772,3
461,1302,1
461,3868,2
461,3703,1
461,2000,2
461,2130,4
461,2797,3
461,3098,2
461,1293,2
461,2987,2
461,2467,1
461,1663,1
461,2917,2
533,2253,4
533,2411,2
533,2402,4
462,318,4
457,2396,3
457,2762,1
457,2841,3
457,2700,1
533,1100,3
533,2468,3
461,2174,4
461,2348,4
461,1674,1
461,1200,1
461,2716,1
461,1090,1
457,2692,3
457,2395,4
533,1388,1
462,471,2
461,3361,4
461,2194,1
461,1227,2
461,2064,2
462,3809,2
461,1036,4
461,1240,4
461,1291,3
461,1079,4
461,1307,1
462,1042,1
461,1222,3
461,3068,4
461,1299,4
461,1259,1
462,2081,1
462,2124,3
457,2669,3
461,1228,2
461,1270,4
461,541,3
461,3360,2
462,2100,3
462,2109,2
457,3219,3
461,2918,3
461,1242,3
461,2791,4
462,3039,1
462,367,3
461,1225,2
461,1196,3
461,1198,1
461,3811,1
457,2723,4
457,2502,1
462,2780,1
462,2134,4
461,2028,4
462,514,3
462,1580,1
461,3147,4
462,3175,3
462,500,2
457,3752,4
457,3174,3
457,3160,4
462,671,1
474,1230,3
462,235,3
457,2713,2
457,785,3
462,1220,4
462,1188,4
461,3946,1
533,1831,1
533,3439,3
533,2403,1
462,1784,4
462,2716,1
474,3793,4
474,3114,4
457,2716,3
457,3578,3
533,1917,2
533,1037,2
462,2174,4
462,3088,4
474,3745,2
457,2959,1
457,2712,4
533,2405,3
533,1371,3
474,3081,2
474,2700,2
474,2762,3
462,1,3
533,2986,3
533,533,1
533,2616,3
461,3623,4
462,1197,4
533,1586,3
533,996,2
533,3257,4
533,736,2
474,2574,3
461,3578,4
457,2599,4
457,233,4
462,2804,2
462,1136,4
533,2723,4
533,2376,4
474,968,1
474,2502,2
474,3623,1
533,1597,3
533,10,4
457,1093,2
533,2628,4
457,223,1
457,3016,2
461,2906,1
461,1707,1
533,3704,3
533,1391,3
461,2153,2
461,191,3
474,2995,1
533,303,4
533,2273,3
461,502,4
457,2770,4
461,19,3
533,507,3
474,3578,2
533,2041,4
533,2193,1
461,2296,2
533,2990,1
533,2993,4
533,3639,4
533,2527,2
457,2710,2
457,2694,3
457,2997,2
533,1785,2
533,3635,1
461,374,3
533,2414,1
461,2882,2
533,380,3
533,1047,4
533,733,3
457,2683,1
457,3155,1
461,737,3
474,3159,3
474,2712,2
474,2428,1
461,1556,4
461,694,2
533,3256,1
533,2058,3
533,2640,4
461,1562,3
533,3633,3
533,2916,4
461,193,4
461,3248,4
533,1372,2
533,474,4
533,2948,1
533,2947,2
533,3578,1
533,1376,4
533,1129,4
457,2706,1
457,2858,4
461,1999,3
461,2986,3
533,2529,4
533,2194,3
461,1862,4
533,3104,4
461,2701,2
461,2053,4
461,419,4
461,1837,2
533,2944,1
533,3265,3
461,432,4
461,3043,4
474,3113,3
461,1005,3
474,1093,3
474,2541,1
461,3434,4
461,204,1
458,3933,4
474,2997,2
474,2710,4
458,3921,2
461,782,3
461,2461,2
461,173,1
474,2699,1
474,2683,2
461,1779,3
461,234,3
458,1970,3
458,2399,3
458,2792,3
461,276,3
474,2858,3
474,1127,3
461,1442,2
461,2479,4
458,3173,3
461,135,4
461,2269,1
458,1544,4
458,3755,1
953,2692,1
461,2505,1
461,1359,4
461,420,1
461,3841,2
461,540,2
458,3930,2
458,3928,2
458,3555,3
461,1382,1
461,2808,2
458,268,2
458,648,3
458,3753,3
461,1100,2
457,356,4
461,436,2
461,691,3
457,1721,4
461,172,1
461,544,4
461,3489,3
458,1580,3
458,522,3
458,3927,3
458,2160,3
457,527,2
461,762,2
461,2828,1
460,2463,2
460,2134,2
457,1407,3
457,1198,1
461,3869,4
461,1726,2
458,2455,2
458,1129,3
461,333,4
458,1466,4
458,3917,1
458,70,2
461,2546,4
461,3141,2
461,3810,1
461,1409,2
458,3932,2
458,1259,4
458,1673,3
458,2948,3
461,3258,4
458,1284,4
458,3624,1
458,2791,3
458,1269,3
458,3925,4
458,1248,1
461,1479,3
460,2302,3
461,383,2
461,504,3
458,2858,4
458,1261,1
458,1250,1
461,95,3
460,2301,3
460,2100,4
461,2497,2
461,442,2
461,2881,1
460,1517,4
460,3326,1
460,1641,4
461,3219,4
460,3175,1
461,736,3
458,908,1
458,1092,3
458,1222,3
458,1125,2
458,952,2
461,2496,2
461,1894,3
461,2803,1
461,3269,2
460,2124,4
460,3552,1
460,2150,3
458,480,3
458,2347,4
461,2120,3
461,288,3
461,208,4
460,1580,1
461,1191,4
461,1608,4
461,435,4
461,2002,3
460,1395,3
460,2109,3
461,1422,2
461,3254,1
460,3039,4
461,2046,1
461,552,4
461,2023,1
460,635,4
461,3,2
461,163,2
460,1663,1
460,2780,3
460,3363,2
461,2082,2
461,370,1
461,3107,3
461,2861,3
461,354,1
461,2875,3
461,516,1
460,3608,3
461,1367,4
461,1687,1
461,517,2
460,1188,4
461,2427,4
460,1394,4
461,1377,4
461,5,4
461,1835,2
460,551,1
461,165,4
461,1783,4
461,227,2
460,2863,4
460,1270,2
460,1125,3
461,3274,2
460,1923,2
460,357,1
461,292,2
461,1027,1
461,458,4
461,282,3
461,1465,2
461,7,3
461,1711,3
460,1234,1
461,500,3
461,1722,4
461,2393,1
520,3608,1
460,1265,4
460,21,2
460,235,2
461,3450,4
461,1586,1
520,1080,3
520,1235,4
461,587,2
461,3263,3
520,1304,2
460,2791,1
460,1784,3
461,648,4
461,2006,1
461,344,4
461,852,4
520,1276,2
520,2874,4
520,1256,2
520,2804,1
461,11,4
461,1480,3
463,2042,1
460,514,4
460,3868,1
459,3892,2
520,1136,1
520,1294,1
463,2458,2
461,3418,2
461,377,1
463,2379,2
460,2359,1
1086,3513,1
460,3174,4
520,1517,4
460,1136,2
463,2253,2
461,1343,3
461,628,1
460,1256,4
459,3948,2
520,1200,2
461,1396,4
520,111,2
461,490,2
461,1721,3
463,520,1
520,1394,2
461,818,2
461,3686,3
461,2628,4
520,3706,2
520,3445,4
461,2025,3
520,1732,2
459,2640,1
459,2241,1
459,1552,4
459,920,2
461,10,2
461,1619,3
461,1093,3
520,1086,1
520,2076,1
520,3044,1
463,2468,3
461,161,1
461,1370,3
520,950,3
460,3948,2
461,3255,1
520,903,3
461,459,3
461,471,2
461,1393,2
461,164,1
461,2278,3
463,2413,2
461,2268,2
463,2082,3
463,586,4
520,1982,4
465,3075,2
465,260,2
459,1210,3
459,1939,1
459,1952,4
463,2378,4
461,1034,1
460,2163,2
461,3250,1
520,3917,3
463,2683,3
461,1094,2
520,253,2
460,3791,3
461,1092,2
520,2793,2
463,2375,3
463,3688,1
465,2858,4
460,1220,1
460,480,4
461,1372,1
463,2249,3
520,1327,1
520,2746,3
460,1193,1
465,1175,3
465,101,1
465,2997,1
463,1007,2
461,733,4
520,1994,1
520,2517,1
520,3676,1
463,550,1
467,2959,3
463,2054,2
463,7,4
463,1020,4
461,3175,4
465,1361,4
465,247,4
465,2291,3
520,2160,4
520,2455,3
520,3476,2
520,1321,2
520,2716,1
463,2002,2
463,2040,4
461,1883,3
461,1120,2
465,1340,2
465,2762,2
520,1345,2
520,2288,1
461,474,4
461,1645,3
463,2469,3
463,344,2
461,1580,3
520,3499,4
520,2747,2
520,1333,2
520,1258,3
463,410,1
463,539,1
465,1136,4
461,440,2
461,3499,1
461,1589,4
520,1278,2
520,1219,4
463,3243,3
461,1356,2
467,318,4
467,1250,4
463,3040,3
461,356,4
463,1701,4
463,2012,1
461,2943,3
461,508,3
520,1347,2
466,3097,2
461,1179,2
463,934,4
463,2015,4
465,924,2
465,246,4
461,1682,3
461,1713,4
466,260,2
463,1135,3
463,317,1
520,2757,2
461,515,1
461,1784,2
461,1271,2
463,2416,2
463,3809,3
463,2470,4
463,3033,1
461,3271,3
465,3168,3
467,527,1
466,1408,3
461,1265,1
461,3213,3
466,41,3
466,1090,4
466,2028,3
520,2968,2
463,2134,4
463,2301,1
463,1777,2
461,293,2
466,2890,4
462,3948,2
466,2427,3
461,1249,4
461,3159,3
467,2145,1
467,3524,1
466,1262,2
466,3342,4
466,1204,1
466,750,2
461,531,2
463,2133,1
467,1197,4
467,1674,1
467,1210,4
461,373,1
461,296,1
463,2736,1
461,2571,1
520,3341,3
466,164,1
467,592,1
461,1233,4
461,1266,2
466,1344,1
463,2746,3
463,3174,4
520,2657,1
520,2565,2
520,3549,2
520,938,1
466,2186,1
466,541,2
466,3683,3
466,1284,2
466,2726,2
463,2080,3
463,2100,1
467,2000,3
520,1220,1
520,1951,2
461,593,2
466,1267,4
466,1252,3
466,3435,2
466,922,2
466,1248,4
463,2518,4
461,1277,1
461,1213,4
461,110,4
462,3624,2
520,1282,3
461,1617,2
463,2502,3
463,1517,4
466,953,3
466,1222,3
520,1288,2
463,3253,1
463,2001,2
467,22,4
466,2076,1
465,162,3
466,1263,3
466,1095,1
461,2858,1
463,587,1
463,3608,1
463,3591,4
466,3334,1
466,1084,4
466,2201,3
465,1199,3
465,581,1
461,318,4
461,527,1
467,1343,1
467,1358,3
463,1747,3
466,3469,1
463,3088,4
520,3301,2
465,1202,1
466,235,3
466,3152,1
466,154,1
463,1077,4
463,1663,4
462,3354,4
463,1732,1
463,380,2
466,406,2
466,1132,2
520,3275,1
520,3317,2
465,1148,3
465,318,3
465,2648,4
466,3654,1
466,1952,1
466,1953,4
463,348,4
467,593,2
467,2762,2
467,3147,1
466,909,4
461,1210,4
461,3723,1
461,1693,3
461,1918,1
461,1282,2
464,125,1
463,1060,2
464,2571,1
466,30,4
466,308,2
466,994,4
466,1288,4
464,661,1
462,2792,2
463,356,2
463,21,3
464,3100,4
466,1635,2
466,1208,3
466,1242,4
466,1419,2
466,1945,1
465,608,1
465,2788,2
465,2599,2
462,277,1
463,2359,4
464,17,4
464,45,2
466,247,4
463,3462,2
466,1186,2
466,1277,4
463,2144,2
463,223,4
467,2506,4
464,41,4
466,3475,4
464,1073,3
462,3450,3
462,3936,4
467,2724,3
463,2371,3
463,1297,2
465,919,3
466,2488,1
466,1296,2
463,3552,4
463,3536,1
467,736,2
467,195,3
466,1354,4
466,1251,3
466,326,1
466,1247,3
463,1968,1
463,2150,3
462,3928,1
520,1952,3
520,1711,3
465,1089,1
467,252,3
467,339,3
466,2972,1
466,1207,1
466,3735,1
463,2081,2
463,3671,1
463,2918,2
463,1028,3
464,1032,3
464,728,1
462,480,1
462,3675,4
466,1196,2
466,593,2
464,1537,2
464,778,1
520,1084,3
463,1278,4
462,2455,1
462,551,1
462,2291,1
462,3578,4
466,2847,1
466,1228,1
464,1150,2
467,1888,1
463,2324,3
463,2797,2
520,1221,3
520,858,3
466,306,4
466,1250,2
467,1183,1
467,605,2
467,2671,3
466,3741,4
463,1641,1
463,909,3
462,2791,3
464,36,1
466,1178,2
466,926,4
466,912,4
466,111,1
467,239,4
520,3032,1
464,2109,2
462,110,1
463,1307,4
463,2700,3
463,3210,1
463,3035,3
466,3089,2
466,2731,2
466,3134,3
464,1265,2
465,111,3
467,802,1
467,3259,1
463,2599,3
463,1188,3
466,2019,2
466,858,1
466,1221,1
464,2575,1
463,2248,4
463,2997,1
466,923,2
464,3408,3
464,766,2
467,276,3
467,2424,2
520,1997,4
464,1585,3
464,2482,4
463,3361,2
463,1234,1
463,1265,1
464,916,4
520,1387,2
520,1388,2
520,1389,1
464,541,4
464,34,2
463,1,3
463,1197,3
463,1079,1
463,1294,1
463,2716,4
462,2859,4
464,3363,3
467,1393,2
467,587,2
467,356,4
462,1210,4
520,2917,4
464,3703,2
463,1394,2
463,3543,1
466,3556,3
467,105,4
467,708,2
467,377,3
464,1172,1
520,3529,2
464,1206,1
464,1288,3
466,2109,1
466,52,3
466,440,4
462,1722,1
462,1198,1
465,3002,1
464,1238,4
464,3418,1
462,1270,1
463,910,2
463,1136,4
466,2081,1
466,3773,2
464,1242,2
466,1220,4
466,574,4
466,3760,1
466,3039,4
467,1721,4
464,265,2
464,1960,3
466,1297,2
466,2759,4
465,2443,4
464,2908,3
464,260,3
464,2481,3
466,1257,1
466,3526,2
466,2144,2
466,3175,2
466,1784,4
466,2718,2
464,47,1
520,3584,4
464,1249,4
466,2502,2
463,2135,2
463,2792,1
464,2324,3
466,3831,3
466,2716,3
464,446,3
464,28,1
464,2762,1
465,3920,2
466,1500,4
466,785,4
466,104,3
463,648,1
463,266,3
520,2385,2
520,691,3
466,1060,2
466,588,4
520,48,3
520,2942,1
520,788,4
520,2266,3
466,1747,4
466,3868,3
466,2572,3
464,2997,1
464,1952,4
463,1673,4
463,3578,3
466,497,1
466,1885,2
464,1299,3
464,800,3
464,1095,1
465,3925,4
520,1409,1
520,736,3
466,176,3
466,72,3
464,2700,3
466,345,4
464,2858,3
463,2791,3
520,697,3
464,296,2
520,1801,4
520,468,3
520,1542,4
463,1580,1
463,2291,4
466,3712,4
466,2155,1
466,39,2
466,1923,2
464,745,1
464,50,3
464,2692,4
466,3358,1
466,1073,2
466,2874,3
463,1259,1
463,3675,1
467,1644,3
467,2338,3
467,1092,2
520,2405,2
466,357,3
466,1968,4
520,2297,4
520,587,4
463,3751,3
467,350,3
464,1208,1
464,1734,3
464,2697,4
466,1449,2
464,306,1
463,951,4
463,1269,3
463,2858,1
466,514,2
466,3422,2
520,252,1
464,1225,1
464,2682,2
464,1193,1
466,1171,2
466,232,4
466,1078,2
520,2143,3
464,919,2
466,3253,2
466,348,2
466,3210,1
464,1104,3
464,608,4
464,1224,3
520,1457,1
520,195,2
520,2146,3
520,3614,2
466,441,2
466,1285,3
466,125,4
466,2248,3
464,246,3
463,1210,2
520,802,1
520,1290,4
466,1175,2
466,3521,4
466,1270,2
520,105,1
520,3524,3
520,3684,4
520,1286,1
464,2768,3
463,1270,3
466,3266,2
466,1273,1
463,1416,2
466,2174,1
520,2671,4
463,2028,4
520,266,1
520,380,1
520,2496,3
466,933,4
466,2243,3
466,1197,2
463,1230,2
520,1101,4
520,597,3
520,339,4
466,3751,1
466,3481,2
466,3925,2
466,1963,3
466,551,3
467,3104,2
467,2917,2
464,1237,1
520,2469,1
520,2406,4
520,539,3
466,1307,4
466,3671,1
466,916,3
466,476,4
466,101,1
466,2700,2
466,2342,2
520,151,3
520,2145,3
520,708,4
464,3325,4
466,1077,4
466,1079,3
466,1172,1
466,2918,2
466,2791,3
466,3429,4
520,224,1
520,1339,1
520,1380,4
465,2141,2
465,1005,1
466,3897,3
466,1265,3
466,3362,2
464,3515,4
520,3479,2
520,3244,1
520,222,1
520,1569,2
520,2620,2
467,2355,3
464,3538,2
466,2863,1
466,1223,3
467,3398,3
464,3512,1
464,3481,1
464,3566,1
464,3751,1
464,3535,2
464,3327,2
465,1210,1
465,1729,2
465,588,3
467,1441,3
467,1,1
520,1408,2
466,1278,2
466,1394,1
466,3421,4
520,356,2
520,543,3
467,11,4
466,2599,1
466,2289,4
466,1276,3
466,1244,3
466,2858,2
520,2100,1
464,1196,4
464,1610,4
464,1399,3
520,509,2
520,3108,3
520,3422,2
466,3067,1
466,947,1
466,2804,4
466,2208,3
464,2767,4
464,2501,2
520,1721,4
466,927,2
466,955,2
466,910,1
466,2936,3
466,1136,1
466,905,1
520,2872,3
466,2937,3
466,951,3
466,2300,1
520,1393,3
466,3083,3
466,898,1
520,357,1
520,2125,3
520,2108,1
520,3685,1
520,17,3
520,39,2
520,342,4
520,2080,3
520,85,1
520,1674,4
520,914,3
520,1183,4
504,152,1
520,1307,1
520,2248,1
466,2020,1
466,610,1
466,1091,4
520,265,4
466,1230,2
466,3543,1
520,1296,2
520,920,1
466,353,1
520,1197,3
520,898,2
504,3931,1
504,1972,4
520,899,2
520,912,2
520,2067,2
520,1230,3
520,1247,4
504,1971,4
504,2456,2
504,1970,4
504,891,3
467,2657,4
467,1327,2
467,3751,1
504,1976,3
520,1073,4
520,2,1
467,524,3
520,1013,1
520,2059,1
467,2291,3
467,1282,2
504,1544,1
504,1973,1
504,1969,1
467,3,1
467,2791,3
467,3512,4
520,586,1
504,3354,4
504,3318,3
504,804,2
520,661,3
520,1688,1
467,3159,2
467,110,3
504,366,1
520,2014,4
467,1035,1
467,2858,1
467,1259,1
520,1566,1
520,1713,1
520,2081,3
520,1907,1
520,2085,4
520,1029,2
520,2078,4
520,588,1
520,364,3
520,2096,1
520,1023,2
520,1022,2
504,3450,4
504,1286,4
504,3930,2
504,3535,2
467,1307,4
467,2420,2
520,262,2
520,595,1
520,3159,4
520,1028,3
504,144,2
504,522,3
504,3917,4
504,661,2
467,1193,1
520,551,2
520,919,1
467,597,4
467,260,1
504,1965,2
504,2455,4
504,480,4
504,3753,1
504,3793,4
504,551,1
504,1171,1
504,3925,2
504,1129,4
504,3932,1
504,3481,3
504,2966,4
504,1673,1
504,1284,4
504,1269,1
504,3786,1
504,589,1
504,1248,4
468,991,2
468,1408,2
468,110,2
468,2106,3
468,527,2
468,3699,3
468,1393,4
468,2067,4
468,39,4
468,911,2
468,933,3
1590,1291,4
1590,1674,3
1590,1302,1
468,17,3
468,3668,3
1590,3613,1
1590,2081,2
1590,1961,1
1590,1079,2
468,3244,3
468,2396,1
468,928,3
468,912,4
468,1059,3
1590,1185,3
1590,1231,2
1590,1957,1
1590,1240,3
468,1197,3
1590,2970,2
1590,3496,3
1590,2745,4
1590,3068,3
1590,1225,2
468,1265,2
1590,1238,4
1590,1962,1
1590,1199,4
1590,3811,3
469,1950,2
469,1189,4
1590,2919,1
1590,1228,3
1590,2791,3
1590,2973,1
1590,3036,2
1590,1299,4
469,926,4
469,2398,3
468,377,4
468,2628,1
468,1656,3
1590,1096,3
1590,3586,2
1590,1956,1
1590,1196,2
1590,1293,4
1590,1198,3
469,1247,2
469,2858,3
468,2124,3
468,1210,3
468,27,2
469,1294,3
469,1234,3
469,933,1
469,903,3
471,172,3
469,1240,3
471,256,1
471,2034,2
469,3702,4
469,593,4
471,1831,2
471,1676,3
471,1320,1
471,327,1
1590,3916,4
471,674,4
471,748,2
471,2021,1
469,279,3
471,2628,3
471,316,4
471,1371,4
469,3196,4
469,2997,4
469,919,4
469,969,3
469,3751,1
469,1278,1
469,921,1
471,1544,2
471,2105,3
471,329,2
471,3638,2
469,3359,3
469,950,2
471,1372,4
471,2011,1
471,1375,3
749,695,3
469,1235,1
471,1527,4
471,3704,3
471,1215,4
471,2528,2
469,1411,4
469,924,3
469,1256,4
471,741,1
471,1653,4
471,1396,3
469,1250,3
469,1219,4
469,1284,4
469,908,3
469,1225,4
469,750,1
469,3095,2
469,1276,4
469,1136,3
469,913,1
469,1617,2
1680,3921,4
469,1198,2
469,858,4
469,1196,2
469,1919,3
469,260,4
469,3214,2
471,1356,4
471,480,1
471,3175,1
471,1306,4
471,1210,4
471,2046,2
471,1199,2
471,2968,4
471,1376,3
471,1240,4
471,2916,4
471,589,3
471,3699,1
471,32,2
469,2352,3
469,1210,3
471,3471,2
471,1200,4
471,1270,2
752,3063,4
469,3688,4
469,1727,3
469,480,3
471,3703,4
471,1214,3
476,2364,1
476,858,3
476,1221,2
752,1792,1
752,163,2
752,3267,4
470,2092,2
470,938,2
470,661,1
470,2135,3
470,2941,1
470,2083,4
470,2096,2
470,48,4
470,783,1
470,1031,2
470,1566,1
470,1030,3
470,2081,2
476,3439,1
476,3440,1
476,1881,4
470,1022,1
470,1688,1
476,2015,1
476,3438,4
476,2453,1
470,2087,4
470,1029,1
470,1032,3
470,900,2
476,2100,4
476,3153,2
476,2138,4
476,2005,3
476,2087,3
476,2174,2
470,1282,3
470,594,1
470,2565,4
470,551,3
470,2102,2
476,3774,4
752,2425,4
470,364,2
470,914,4
470,595,2
470,1947,2
752,1785,3
476,810,2
476,1490,3
752,2268,3
752,1034,4
752,2280,1
470,3061,3
470,899,2
470,919,1
470,3675,4
476,1707,2
476,3690,3
476,3689,1
476,63,4
470,1919,2
470,1042,2
470,3157,2
476,93,3
476,19,1
476,2296,2
752,374,2
470,258,3
752,2296,2
476,470,4
476,3248,3
476,2381,2
470,107,4
470,2406,3
470,2797,2
513,3243,3
476,1863,3
476,432,4
476,2953,1
513,1196,1
752,1353,1
476,276,3
476,355,3
470,2355,4
476,881,2
752,2335,3
476,3144,1
476,3646,1
513,2021,1
513,231,1
482,1213,2
482,293,2
752,586,4
476,1440,2
476,656,1
470,39,3
470,2396,3
752,2387,2
476,3385,3
476,415,3
476,3773,4
476,520,2
752,1409,4
470,1278,3
470,2078,3
470,3548,3
513,750,3
752,788,4
2478,2728,4
476,2468,2
470,3175,2
470,588,2
476,2717,1
2478,1287,1
513,1093,2
752,1866,4
476,2306,2
476,174,3
476,3388,3
476,4,1
476,575,4
513,3362,1
513,230,4
513,3424,3
752,1516,3
752,2356,3
752,468,2
513,1088,4
513,2944,2
482,3689,2
752,203,4
752,333,1
482,3804,1
482,255,2
470,1125,3
476,784,3
476,3,2
476,473,3
752,3544,4
752,1614,1
482,2629,2
482,2379,3
482,19,4
471,3022,2
471,910,4
476,2413,4
471,626,3
471,3030,1
476,3394,2
476,2142,3
476,485,4
752,784,2
482,2458,4
482,2380,3
476,626,3
482,327,4
752,144,1
752,2385,1
482,3841,4
482,520,1
476,1918,1
476,2683,2
476,1911,4
471,1250,4
471,1185,4
471,1704,1
471,924,2
752,539,4
752,231,2
482,419,1
482,2325,3
752,3254,2
752,252,2
752,500,1
752,1441,3
752,532,2
471,593,4
471,1147,2
482,65,1
752,3243,2
482,1772,3
482,2473,4
482,813,1
471,955,2
471,920,1
471,1299,1
476,445,2
476,1646,3
470,3361,1
470,1197,1
482,762,4
482,88,2
482,2387,3
471,3811,1
471,1281,2
2478,105,1
752,2539,1
470,34,1
473,932,4
476,3710,4
482,3395,2
471,1223,4
752,2891,4
752,1485,2
752,2500,1
752,597,3
482,2953,2
476,5,3
470,1028,4
473,901,2
473,2941,4
471,1300,3
471,541,3
482,3394,3
473,2096,2
476,122,2
476,2098,4
752,2889,3
471,527,1
471,1203,1
473,2080,2
482,2072,1
470,2716,3
470,916,2
473,1022,3
476,2372,3
752,2496,2
476,203,1
752,3264,2
752,585,4
482,2587,1
482,2471,4
482,2088,1
482,2050,2
752,410,4
752,141,3
473,916,1
473,3549,4
482,1588,3
482,2335,3
482,637,1
471,3035,4
471,2028,1
470,1276,1
470,2858,2
470,1235,1
470,3421,2
476,2792,1
476,351,2
476,3120,3
476,719,4
476,2082,3
473,3341,3
752,2567,3
752,1569,3
752,3809,1
473,969,4
752,339,4
482,2735,4
482,3385,1
482,312,4
473,899,3
471,1208,4
471,1148,4
470,3114,1
470,955,1
752,441,2
752,104,3
482,2694,1
482,153,2
471,720,3
471,111,2
752,342,1
752,187,1
476,1091,1
482,1011,3
482,370,1
473,907,2
513,1036,4
513,1370,1
513,2759,2
513,2616,4
471,154,4
471,3196,3
752,2447,4
752,2321,3
482,485,3
482,2683,2
476,2378,1
476,2374,2
471,912,2
471,1252,4
471,1221,1
482,2372,2
482,3590,2
513,1645,3
476,585,4
476,333,4
476,2457,1
2478,1251,1
752,3531,3
752,497,1
752,728,4
752,348,4
482,1503,4
482,3506,3
473,1066,1
473,920,2
471,3083,4
482,673,1
752,68,4
752,125,4
752,3253,2
473,594,4
471,745,3
471,3365,3
513,442,3
513,163,4
473,955,3
473,945,2
482,550,1
482,1894,2
482,2796,2
482,2717,2
752,2124,4
752,471,3
471,1204,1
476,3688,3
476,237,2
476,1064,4
476,3014,2
476,1513,4
473,905,1
473,919,3
513,1701,3
513,1876,2
513,1263,1
482,2051,2
471,2019,1
476,2262,4
476,2375,4
476,725,2
513,3433,2
513,3431,2
513,3430,1
513,3432,2
482,333,2
471,3310,2
476,934,3
476,1409,2
476,1614,1
476,586,3
473,596,2
482,413,4
482,5,3
471,2905,2
470,3287,4
1657,917,3
1657,3157,4
1657,1013,1
513,3258,3
513,1246,1
482,586,1
482,784,4
482,3525,2
513,2118,1
471,3730,2
473,2018,2
1657,3397,2
1657,3398,1
471,2936,2
471,3515,4
482,518,3
476,3254,1
1657,3396,2
533,1982,4
533,1345,4
533,799,2
533,1407,4
482,344,4
476,387,3
1657,2096,4
1657,2085,4
476,2136,2
476,3264,1
482,2598,4
470,3751,4
470,3159,3
473,1282,2
473,918,3
473,1029,4
1657,2083,2
1657,1029,1
1657,2081,1
1657,1028,2
1657,531,1
482,1614,4
476,543,4
476,2469,1
482,2492,1
482,1753,3
482,2249,1
476,231,4
476,2002,1
473,3061,1
1657,2294,2
1657,596,4
1657,364,2
482,3869,1
482,719,2
1657,3672,1
1657,1073,3
1657,2102,4
1657,1032,2
1657,262,2
1657,2018,1
476,344,2
482,3301,1
473,898,3
473,3097,2
473,928,3
476,3263,3
476,1016,3
476,3928,2
482,1513,2
2478,1721,2
470,1196,3
476,3525,4
470,1682,1
1657,1097,3
1657,3114,3
1657,2687,4
1657,919,4
482,2375,4
482,2472,4
473,943,3
473,953,4
470,2628,1
476,539,3
476,2141,2
476,2134,2
476,2770,3
473,1936,3
482,585,1
482,1689,2
482,2416,3
476,569,2
470,343,3
470,1210,3
1657,3147,1
513,3203,3
513,2110,2
513,441,2
471,648,1
471,3354,2
476,1007,2
476,2747,1
482,2136,3
482,410,1
482,236,3
1657,318,2
513,440,3
471,3755,3
2478,1198,3
476,3614,1
476,3740,3
471,3481,3
472,3000,4
482,231,4
513,590,1
476,378,1
476,1018,4
476,1194,4
476,2286,3
1657,2424,2
482,2889,4
471,3624,4
471,3793,3
482,3254,1
471,3751,2
471,3578,3
471,3160,4
471,3753,1
482,539,2
513,1094,3
476,3450,1
476,317,2
513,839,1
513,3835,2
513,353,3
482,2133,1
482,3040,3
472,3435,4
513,2471,4
513,2470,3
482,2012,2
482,2770,3
476,2245,4
513,161,1
513,3017,3
513,3016,1
471,2253,1
471,1961,3
471,260,1
471,1680,2
476,2736,4
476,70,1
476,3524,4
476,3712,3
476,2040,1
472,2682,4
482,2539,2
482,2001,2
482,1777,1
471,2289,3
471,1198,4
476,1441,1
476,1711,3
472,314,3
476,1485,2
471,2386,2
471,737,4
476,1380,4
476,141,1
482,852,1
472,296,2
472,318,2
472,593,4
472,1095,3
476,2416,2
482,2469,2
482,785,1
482,3308,3
476,3591,3
482,514,3
482,1441,2
482,597,4
482,1135,4
482,2371,1
482,2111,4
472,1233,4
472,1358,2
472,1245,4
476,2539,3
476,248,3
482,2134,3
482,3087,4
482,2003,1
476,597,4
476,2145,2
482,3614,3
482,3263,4
482,3052,4
482,3524,2
482,543,3
482,2110,1
482,339,1
482,3760,4
472,3175,1
472,2140,1
472,2664,4
482,3809,3
482,2407,3
482,2424,3
482,322,1
476,104,4
476,1010,3
476,2371,2
472,2916,4
472,1921,2
472,1584,2
472,1580,2
472,3527,1
482,2011,4
482,3608,2
482,3552,1
482,380,2
476,368,3
475,1194,4
476,2001,3
476,11,4
475,3812,1
475,1125,1
475,1380,1
475,1007,2
475,3040,1
472,2901,2
472,610,4
482,2100,1
482,180,3
482,934,1
482,587,2
482,2145,4
482,2124,2
475,2109,3
475,3671,2
475,3836,2
472,3793,2
472,3700,2
472,2571,3
476,3422,3
476,440,1
476,2423,2
482,3253,3
482,1965,4
482,2155,4
752,1641,1
752,1883,4
752,352,3
752,1500,2
752,1188,1
472,32,3
475,3421,3
472,1965,4
472,589,1
475,1080,3
472,3471,4
475,1278,2
476,3760,1
476,2003,1
482,1073,1
482,2302,1
482,1171,4
482,2797,2
482,2406,3
482,471,3
474,3948,3
475,1230,2
475,1136,1
475,1235,3
476,1476,3
476,2109,4
752,39,4
752,1171,2
482,1517,2
472,1175,4
472,1199,2
472,1196,2
472,1200,3
472,1240,3
476,2302,4
475,2382,2
752,2359,3
752,700,1
482,440,1
482,356,1
482,1125,2
473,3565,4
475,2383,1
475,3690,4
475,3041,2
475,2381,1
475,3689,3
752,1449,1
482,1663,2
472,1206,2
472,924,1
472,260,1
472,2010,2
472,750,3
472,541,2
472,1214,3
476,69,3
476,2144,3
476,39,1
476,3507,1
482,2502,3
482,2109,4
482,2108,2
482,2395,2
482,1226,4
475,3042,1
475,2458,3
473,3594,1
475,2380,4
475,2379,1
473,3753,4
473,3755,4
482,2321,1
476,367,4
476,356,2
475,2259,3
475,2473,3
475,2072,1
475,3693,1
475,3710,2
473,3751,1
473,3578,1
473,3512,4
473,3555,1
482,1042,2
482,2174,1
752,3391,1
476,2081,2
476,2355,3
475,2478,1
475,3388,3
475,3387,4
475,3385,2
475,2151,1
482,2463,2
476,2780,1
476,3210,4
476,2108,1
752,2792,1
752,2717,3
482,1569,4
482,1297,4
482,2000,4
482,588,4
482,3039,4
476,2746,3
476,1257,3
476,1517,4
476,2867,2
476,352,2
476,1641,2
472,912,1
472,3252,3
475,2717,1
475,1091,2
475,2792,2
475,2796,4
482,1028,4
752,2794,3
752,2378,4
482,2144,1
472,1198,2
472,2858,1
472,1291,2
475,2405,4
475,2794,4
475,3688,2
475,2378,1
476,1220,3
476,3396,4
476,1923,1
482,39,1
482,1641,3
482,3210,3
482,2915,1
475,2416,1
475,2375,2
475,3525,1
752,3033,3
752,2416,4
752,2001,1
752,2470,4
476,2915,2
476,3868,1
476,2918,3
476,551,1
476,3255,1
473,3882,2
482,3868,1
482,1220,3
475,3740,1
475,1378,1
752,2134,3
752,2003,3
474,2987,4
474,2600,1
482,2918,2
482,2318,3
482,2352,4
475,2001,4
474,3384,4
475,3087,3
475,2261,2
482,1500,1
482,21,4
482,1883,2
475,2003,3
475,2134,1
475,3524,4
752,2469,1
752,3740,4
476,2463,3
476,2924,2
474,1513,3
482,1257,3
482,2355,1
475,2926,4
475,2301,3
473,3948,4
473,3916,4
482,3072,4
482,1307,1
752,2406,4
474,299,1
533,1215,4
475,2746,2
475,3397,1
475,2371,4
475,2150,4
482,3421,4
533,1261,3
533,2648,4
533,1348,3
482,2791,4
482,2716,4
474,2901,1
475,3591,3
475,3039,1
475,3608,3
475,2100,2
475,2011,1
752,2463,1
752,3039,4
752,1663,4
482,3396,4
752,3072,4
752,3210,3
752,1285,3
752,3526,4
474,2723,1
475,3868,3
475,2423,3
482,2396,4
482,1079,1
482,2599,4
752,3868,4
752,2791,3
752,1307,1
475,2000,3
475,1307,1
475,3210,2
475,1261,1
482,1278,3
474,785,3
475,2791,3
475,2463,1
475,2918,1
475,2174,2
475,1968,2
482,1230,3
482,1449,1
482,1234,2
474,2719,3
475,3925,3
475,1079,2
482,1270,4
482,2804,1
482,910,3
482,3362,1
473,1193,2
752,1197,2
752,1394,1
473,3513,4
475,2804,2
475,3361,4
475,1394,2
475,2716,3
475,1288,4
474,2959,4
473,252,4
473,104,1
474,3175,1
474,233,1
473,832,1
473,912,4
482,1197,4
482,1256,4
752,3760,2
476,3039,2
476,3836,1
476,3448,2
476,2797,1
482,2788,1
482,1394,3
752,2657,2
476,2870,1
476,588,1
476,2000,4
476,3466,3
752,3421,3
752,2361,2
474,3543,1
474,2599,2
482,1191,1
752,1235,4
752,1136,4
474,3016,2
474,223,4
474,2976,1
474,2770,4
482,1147,4
474,2706,2
474,2826,1
482,1189,1
482,2064,2
482,1050,4
476,2795,2
476,357,2
476,2791,3
482,1361,2
475,2448,2
476,1307,3
476,21,3
476,1663,3
475,737,3
475,2808,2
476,1640,4
476,34,1
476,1934,3
476,3072,2
476,933,1
476,3424,1
482,2701,4
482,432,4
482,2478,2
482,303,3
482,1007,4
482,2016,4
482,2055,2
482,1379,2
476,3421,4
476,2716,2
476,3361,1
476,955,3
476,2248,1
476,1265,2
474,1210,2
482,1378,1
482,458,3
482,383,1
1068,1449,2
475,2365,1
475,2364,1
482,3873,3
482,2922,2
482,3494,3
482,2401,4
482,2921,1
482,368,4
482,553,4
474,2571,3
474,1221,2
474,2013,4
474,1431,4
476,235,1
476,911,3
476,1304,2
1448,3243,2
1448,1422,1
1448,14,2
1448,605,2
476,1278,3
476,915,3
476,1784,2
482,2951,3
482,1201,3
482,3508,1
482,3682,3
482,3671,2
482,590,3
476,3088,4
476,3671,3
476,3451,1
476,1234,2
482,3365,2
482,1304,2
482,1283,1
482,1266,4
482,3681,3
482,1209,3
476,1028,4
476,3061,1
475,1882,2
475,2701,1
475,1591,2
476,2396,1
476,1079,1
475,379,1
1448,1503,2
1448,804,1
1448,779,1
482,1344,4
482,707,4
482,2987,1
475,24,1
475,1831,1
476,1276,1
482,1617,1
475,435,3
475,2549,4
3821,2359,1
533,153,3
482,1252,1
533,1753,4
482,541,4
475,196,2
752,2448,3
533,2822,1
476,1136,4
475,3660,4
475,1876,1
476,3022,1
752,2549,1
475,76,4
475,2641,3
533,1627,3
533,370,1
533,3802,4
482,3428,1
475,3638,3
1448,3254,4
1448,3248,1
533,1515,2
475,788,2
475,2657,1
475,2012,4
482,169,1
482,3502,4
482,2386,1
533,3048,4
533,2688,4
476,2422,1
533,44,1
475,3033,3
482,2862,1
476,1681,2
476,56,2
533,1987,4
475,1573,4
475,2407,3
533,1320,1
533,2976,2
533,786,4
475,2985,2
476,173,1
482,92,2
482,2269,4
533,782,1
533,542,1
533,2735,2
1448,2500,1
1448,344,1
475,1527,3
475,1580,3
476,809,1
476,1562,4
476,547,2
476,44,3
533,586,1
533,1544,2
475,1396,2
533,1091,4
533,1918,3
533,2271,3
476,1606,4
475,3702,2
475,3527,2
475,2916,4
533,2082,4
533,2146,1
533,3438,2
476,2471,1
476,2373,2
476,455,3
475,32,2
475,1097,3
533,1342,3
533,1409,4
533,2126,2
475,2571,4
475,589,2
482,2950,1
475,1240,3
475,541,1
475,1270,2
482,2147,3
533,2410,2
1448,27,4
1448,489,1
1448,378,4
1448,38,1
1448,1835,1
1448,1351,4
533,466,4
475,2404,1
475,3768,4
475,2816,3
482,1726,2
475,2818,2
482,191,3
482,2412,4
475,3766,1
475,2817,2
482,724,2
533,3387,3
533,1373,4
533,2792,1
533,3385,1
482,2411,4
482,537,3
475,2402,3
475,2815,3
475,157,3
475,1445,4
475,466,1
482,1487,2
533,1438,4
533,2409,1
533,798,3
533,3113,4
475,1586,1
482,2264,2
482,2431,4
482,2421,1
482,1918,2
475,1391,2
475,3441,1
475,1205,2
476,208,1
476,153,4
476,673,1
533,2163,4
533,2717,4
475,780,3
475,1616,1
482,273,3
482,2320,1
476,2735,2
476,2088,1
533,1687,4
533,434,4
476,736,2
476,2405,4
476,2421,4
476,169,2
476,1359,3
476,3489,2
476,2143,4
533,788,2
752,1580,2
752,1356,4
752,480,3
475,2662,4
475,161,2
475,356,4
482,2541,4
482,2688,4
533,3020,3
533,3869,4
476,2367,1
476,303,3
476,2103,4
752,1175,1
752,29,1
482,2374,4
533,1405,3
475,151,3
482,1888,4
482,511,1
482,3649,2
482,3459,3
476,836,1
476,1011,2
476,1525,2
475,3448,4
475,2944,1
475,1408,1
475,1078,2
475,2890,3
533,2794,1
533,1379,3
476,1587,4
476,1552,3
476,2054,1
476,434,3
482,1801,1
477,2807,4
475,1222,1
475,1294,2
476,552,3
476,2133,3
476,2167,1
476,2161,2
476,1031,2
476,1377,4
482,613,2
475,1090,2
475,1233,4
482,2002,2
482,996,3
482,3430,4
477,1556,4
477,2422,1
476,1566,1
476,2193,4
476,1009,4
476,2628,1
476,60,4
476,3345,4
476,1015,3
475,110,3
475,2028,3
482,2639,4
482,3257,2
482,1173,1
476,2105,1
476,2,3
476,3494,4
476,2414,1
482,3791,4
476,653,3
482,3707,4
482,2524,1
477,2816,1
752,556,4
477,360,1
475,2643,2
752,2757,4
477,204,4
477,3766,2
476,3771,3
476,2470,4
476,2006,4
476,10,3
475,2422,2
482,2188,3
475,546,1
477,2808,3
475,3864,4
476,362,2
476,3070,2
476,380,4
476,2135,3
476,2617,3
477,2411,3
477,2322,3
477,1752,3
477,2815,2
475,160,2
476,2640,1
476,1967,3
476,2430,2
476,2406,2
476,1275,1
476,421,4
477,2468,2
477,1373,1
533,2598,2
482,2942,4
475,2450,2
475,673,3
475,2642,3
475,547,1
482,2504,1
477,2531,4
477,1382,4
477,2720,2
477,1100,1
477,420,3
476,3479,1
533,288,4
475,1499,4
475,2720,3
475,1562,1
482,424,1
533,2942,4
533,517,2
533,1479,1
533,3249,1
476,3461,1
476,1287,1
476,592,2
476,1129,2
475,2050,4
475,2471,2
475,761,2
477,71,3
477,466,1
482,24,4
482,354,4
533,2787,4
533,376,1
533,485,1
476,3104,1
476,1291,1
476,1073,2
476,1259,3
475,168,4
475,153,1
475,1917,2
482,451,2
482,1836,3
477,2540,3
476,1215,2
476,1197,4
476,940,4
476,2366,3
476,941,3
475,2421,4
475,2735,1
477,558,1
477,1604,3
477,996,3
482,450,2
476,1262,2
476,969,3
476,1198,4
476,919,4
475,849,4
475,208,4
482,2439,2
482,3020,1
477,2722,1
477,1687,4
482,27,2
482,3478,1
475,1544,2
475,2429,3
477,1831,1
477,2421,1
533,2722,1
533,2320,1
533,3423,3
533,208,2
533,3755,1
475,3698,2
482,3272,2
482,1727,3
475,3489,1
475,1030,1
482,3109,1
477,379,1
477,2524,4
477,1544,3
482,282,3
475,2088,1
475,316,2
475,2723,3
477,3697,3
477,2002,3
477,1379,1
477,3807,4
477,3452,2
477,2405,4
482,1488,4
482,207,3
482,3259,3
482,1884,1
475,1031,1
475,1587,2
475,464,4
475,2054,1
476,2450,2
476,2851,3
476,692,4
477,2126,3
477,2402,3
477,517,2
477,1371,4
475,2367,2
475,1359,4
477,316,4
477,2410,3
482,1805,4
477,3771,3
477,1754,3
477,2367,1
476,258,4
482,3844,1
482,2712,3
475,1552,2
475,329,2
475,1375,1
475,2,3
476,160,2
476,737,2
477,3208,4
477,3698,2
476,546,3
482,2022,3
482,148,2
476,1882,3
477,3404,2
477,1917,2
477,3643,4
477,95,3
477,2393,3
477,1597,2
475,2528,3
475,653,3
475,434,2
482,2023,3
476,2053,4
476,3697,1
476,2531,2
482,1093,3
482,481,1
475,2617,3
475,2470,2
475,1676,2
475,552,1
477,786,2
477,1769,3
477,2530,1
476,1917,2
476,2642,3
476,1831,4
476,1591,3
477,2881,2
477,2613,1
477,1385,1
477,1587,2
477,251,2
477,1586,3
477,376,2
533,144,3
476,2808,1
475,10,1
476,1544,2
475,2046,1
475,2105,4
476,849,3
533,784,4
482,832,3
533,3053,2
476,1371,2
475,2628,1
476,3033,4
475,1049,4
476,2668,1
533,1801,3
533,2605,3
482,697,1
482,372,2
477,2376,3
477,353,2
477,3020,3
477,653,4
477,3430,4
533,3272,2
475,2115,2
475,2640,3
476,3638,3
476,2094,4
476,2900,3
476,2530,3
476,2615,2
533,3764,3
533,1332,3
482,1916,2
482,1735,2
477,434,2
477,1792,4
477,2334,3
477,1518,2
476,788,3
476,3032,1
476,2532,2
476,2365,3
475,2406,2
482,412,3
482,253,3
533,2641,2
533,2052,1
533,3791,4
477,1378,4
477,3638,1
477,165,1
477,1608,2
477,368,1
476,2525,1
476,1391,4
476,780,2
482,2734,3
482,1271,1
475,2161,4
475,480,4
475,112,1
475,1127,1
533,3688,3
533,2694,4
482,3386,1
482,2474,1
533,2,1
533,2789,3
533,2846,3
476,3826,4
476,2533,2
476,2663,4
477,2532,2
477,329,4
477,2990,3
477,2273,4
477,2533,1
477,748,3
481,150,2
475,590,1
475,2987,1
475,592,4
533,165,1
533,1363,4
476,3698,2
476,2091,3
476,2021,1
476,442,4
477,3444,2
477,2617,3
477,648,1
477,1049,2
477,1876,3
477,303,4
477,494,3
475,1073,1
475,1275,4
475,2366,4
475,1215,4
475,1259,2
482,3107,4
482,2447,4
482,1395,1
482,3500,3
533,494,2
533,3082,3
533,3544,4
477,1616,4
477,2989,3
477,780,4
477,10,3
477,112,1
477,2476,3
475,3461,4
475,969,1
475,1291,4
475,1197,1
1448,3686,3
476,3926,1
476,2116,4
1448,46,1
482,1027,3
475,919,2
533,2002,2
475,1262,2
533,481,3
475,1196,1
533,95,3
475,260,2
477,3740,3
477,288,3
477,2013,1
477,1552,1
477,1375,4
482,562,3
482,1589,1
499,261,3
533,3697,1
533,3638,2
533,2541,1
476,674,1
476,3770,2
476,3701,4
476,1690,3
476,2641,3
482,3448,3
482,45,3
482,3255,3
482,1268,2
499,2734,4
499,3591,3
477,2006,4
477,2403,1
533,1020,1
477,349,2
477,733,1
477,3519,2
477,3704,4
477,3555,1
533,344,3
533,2249,4
533,372,2
499,2114,3
477,2628,4
477,1372,2
477,2023,3
477,1101,1
533,536,4
482,1124,3
475,3911,3
475,3948,1
475,3897,2
476,426,2
476,1676,4
476,2527,1
476,2140,1
481,2815,2
481,2402,1
482,3420,1
482,1639,3
477,2763,4
477,3418,4
477,2528,4
477,3107,3
482,2420,4
476,2528,1
476,1334,2
476,2699,1
476,3527,2
476,2667,3
476,3704,1
476,2455,1
513,724,1
533,780,4
533,442,3
481,3066,3
477,3635,1
477,2115,4
482,454,1
481,3448,4
482,105,4
533,3208,2
533,316,2
476,3700,2
476,2009,2
476,2661,2
477,3256,4
477,163,1
477,2640,2
477,3628,1
477,3029,2
477,3633,3
475,3354,2
475,3565,2
482,1476,2
482,3108,2
533,3698,1
513,1020,4
481,1294,3
481,1208,4
481,1272,1
475,648,3
476,316,4
476,1375,2
475,3624,2
475,3755,1
476,1909,2
476,1527,2
477,2991,4
477,2406,4
477,1129,3
477,2527,2
477,480,1
482,2231,4
482,3418,4
533,2023,4
533,2370,4
533,1792,3
481,3035,1
481,1263,1
513,435,1
513,1597,3
476,1580,2
476,3927,3
476,1374,2
476,2288,2
476,3793,1
477,2278,2
477,3062,3
477,2912,2
477,3153,2
477,2001,4
481,3811,1
513,1587,1
481,3545,1
476,3699,2
476,1356,1
476,480,1
476,2454,4
476,2529,3
513,2474,3
513,3060,1
482,1120,2
477,2993,4
477,2058,2
477,21,4
477,1370,3
477,3639,2
477,1376,4
477,2951,3
477,2353,3
513,2407,2
479,2470,2
482,3111,4
476,2985,4
476,2968,1
476,3932,3
476,2664,3
476,1376,1
476,1097,2
476,1748,3
476,1274,3
482,3198,1
477,3527,4
477,1275,4
477,1356,2
477,1580,3
477,1374,2
477,474,2
476,1019,2
476,2916,2
476,2613,1
482,3591,2
482,592,1
481,2950,2
479,1073,4
533,3512,2
533,2120,1
477,3793,3
477,3702,4
477,1954,4
477,6,1
477,1408,1
476,1240,1
476,2662,1
476,2287,2
476,589,2
476,1200,4
482,1298,2
476,1270,1
1448,1531,4
533,1587,3
533,2826,2
482,1619,1
482,3252,2
482,3261,1
476,1196,1
476,924,4
476,2660,4
477,1127,3
476,1214,2
476,3471,3
481,3144,3
477,2000,1
477,3654,2
477,2194,4
477,1201,4
477,2288,2
477,3836,1
477,2944,1
479,1610,2
476,1253,3
476,2363,3
476,3703,4
482,1396,4
476,3702,1
476,260,2
481,509,4
482,1729,2
482,3250,3
482,1272,2
533,552,3
479,47,2
533,2752,3
533,2148,3
533,3623,4
533,2517,1
533,1835,2
481,3099,4
477,1912,3
477,1610,2
477,2916,4
482,3330,4
477,940,4
477,457,3
477,1291,1
475,3512,4
475,3534,1
475,3753,4
482,1938,1
477,589,2
477,2571,1
477,110,3
477,2947,2
477,1197,4
477,1210,2
477,1036,4
513,223,1
513,159,3
482,866,4
482,3526,1
533,2054,3
533,1513,1
533,3844,1
533,435,4
479,1246,2
482,1061,3
482,3148,3
482,1968,2
482,281,2
481,802,2
481,3528,4
481,276,1
481,3501,3
477,2028,3
477,3703,3
477,1240,1
477,1242,4
477,1953,3
477,2529,4
482,1103,4
479,2240,2
482,778,2
482,1094,3
533,3525,4
533,1101,2
479,2268,2
479,3418,2
476,1344,1
476,707,3
476,1601,2
476,2987,3
482,508,1
482,161,2
477,969,3
477,1233,1
477,1196,3
477,1198,4
477,858,1
477,1387,4
513,923,2
479,3100,4
479,3448,1
1448,237,2
479,1721,4
481,539,2
482,2243,2
478,750,4
479,1962,3
476,2203,2
476,930,1
479,161,2
476,3364,4
479,25,3
479,3098,4
476,164,1
482,151,3
482,1095,1
482,3169,3
482,428,1
482,2025,2
481,597,1
475,3578,4
476,2186,1
476,1284,4
476,3334,3
476,1617,2
476,2066,4
476,1248,3
477,1247,3
513,2804,4
479,1674,2
482,1401,4
481,1101,2
481,357,4
481,2243,4
479,590,2
479,1954,1
482,1051,1
477,1294,3
477,2366,3
477,903,4
476,3435,3
476,1069,1
476,913,3
476,541,3
479,3526,2
1448,2539,3
481,1265,3
482,431,1
479,1097,3
482,3105,3
482,94,1
477,1225,4
513,2517,4
481,1230,3
482,1060,4
482,32,4
482,1186,3
481,1244,3
481,1247,4
513,2312,2
477,3543,1
513,3751,2
479,150,4
479,3105,2
482,3037,3
477,260,1
477,1250,3
477,923,4
477,1219,3
477,1136,2
477,904,4
481,912,1
479,1961,1
479,3360,4
482,1954,4
482,235,1
513,1639,1
479,1704,1
475,1198,3
475,145,2
482,3271,4
482,1747,4
479,3471,2
475,212,3
477,2019,2
477,912,2
482,1208,4
482,3359,1
482,2071,2
475,3869,3
481,1092,2
477,318,2
477,527,3
477,541,1
482,3098,2
476,1210,1
476,2263,3
476,951,1
476,3330,4
475,1210,3
475,1620,4
482,2333,3
482,1097,3
479,2858,1
479,1213,4
1448,289,1
1448,585,2
513,912,4
513,16,4
477,1148,2
482,1246,4
482,3471,2
482,1962,1
479,1193,2
476,383,2
476,3526,3
1211,846,2
1211,481,2
479,296,2
479,593,2
1211,1884,3
1211,3614,4
513,431,4
482,3424,3
482,2728,3
482,1302,3
1211,356,2
479,318,3
481,1544,2
482,2336,1
482,25,2
513,1343,1
1211,1093,1
1211,1909,2
479,527,2
481,3529,1
481,2763,2
1211,351,3
1211,3697,4
482,1300,4
513,3552,2
513,784,3
1211,1777,2
481,736,1
1211,1904,3
1211,2718,4
482,920,1
513,1304,2
1448,64,3
1448,1535,1
1448,2,3
482,1961,1
482,1185,1
482,3654,3
482,902,4
479,2791,2
479,2243,4
1211,380,4
479,2144,3
478,296,4
477,1193,4
477,2072,4
513,3264,2
513,348,3
1211,506,3
513,3361,2
1211,2058,3
482,1784,2
482,2020,1
482,337,3
1211,1645,3
479,2174,2
479,34,1
479,2797,3
479,3552,2
1211,1680,3
482,2357,1
482,3543,2
482,1674,4
482,3360,4
477,3263,3
477,1221,1
477,3508,1
479,3253,4
479,1968,2
513,428,3
1211,1339,1
1211,2424,3
1211,231,4
1211,2490,2
482,3871,4
482,1231,1
482,3068,4
482,1953,4
482,3363,4
479,2918,2
481,3101,3
481,1407,4
478,1221,2
478,1256,3
1211,2771,3
1211,249,1
1211,1580,4
479,2000,4
479,3948,4
479,1234,4
513,2243,4
513,2736,3
482,1288,2
482,2348,2
482,1222,2
478,1212,1
1211,1211,4
481,587,1
479,1265,1
479,1307,2
513,1250,3
482,1293,3
482,2067,3
1211,3723,3
1211,259,3
1211,3145,4
1211,1835,3
479,1663,1
481,933,2
481,924,1
482,3504,2
479,2716,2
479,1784,3
513,3359,3
482,1228,1
482,1952,4
513,1968,3
1211,155,4
1211,3261,3
1211,555,3
479,1197,3
479,356,3
481,3551,1
482,1704,1
482,1295,3
482,2076,4
479,1079,2
479,3421,1
513,1339,2
513,110,1
513,1199,3
513,585,2
1211,198,4
481,111,3
481,589,4
1448,7,4
482,953,4
1211,1916,4
479,1,1
479,1220,4
481,904,4
513,2908,4
482,924,4
482,1263,2
482,1935,3
479,1136,3
481,1219,4
481,1252,1
1211,3386,3
1211,848,3
479,3114,3
1211,112,2
1211,358,1
1211,1611,4
1211,194,1
1211,766,1
482,111,2
482,1090,2
481,2616,2
482,1299,2
479,3705,3
1211,441,3
1448,2012,4
1448,453,2
1448,2803,4
1448,1646,1
1448,742,3
482,919,1
482,2028,4
482,1247,2
1211,3255,3
513,3257,1
513,3130,3
478,3893,2
499,1227,4
481,3247,3
479,160,1
478,3948,3
1211,1370,3
482,1193,3
482,954,3
479,455,1
479,761,1
479,1779,3
499,454,4
513,1220,1
513,1233,2
481,2112,1
1211,357,1
499,271,3
478,3751,1
481,2764,1
481,2985,2
482,1221,1
478,3911,3
513,2950,4
482,1358,3
479,2471,2
1211,45,1
1211,2916,1
1211,3256,1
1211,2707,1
479,1894,1
482,1694,3
481,2130,2
1211,2155,1
1211,3263,4
1211,3175,4
1211,1268,3
513,3788,4
482,2248,1
482,912,2
499,3347,4
1284,1873,2
481,2917,4
481,3334,4
479,2822,3
1211,1799,3
1211,1517,4
513,3394,1
481,910,2
481,1234,3
482,1250,4
482,1207,3
482,1104,2
479,2054,2
479,3489,4
481,1953,1
499,3546,4
479,1011,1
479,3672,1
482,3468,1
499,3071,1
513,3671,2
513,2710,3
513,2167,3
479,1552,4
482,593,3
482,1276,1
1211,163,2
1211,261,4
482,923,3
479,648,3
499,2059,2
481,3705,3
1211,2282,3
482,858,2
479,2115,3
478,1617,4
478,2070,2
1211,1923,1
1211,3246,1
479,733,2
479,349,1
479,2640,1
482,2324,2
482,318,2
499,3252,2
499,1103,3
499,2065,2
478,920,3
478,471,1
479,480,2
479,1580,4
479,1291,1
479,2916,2
479,592,2
499,1682,3
1211,1672,3
1211,2165,2
481,2720,1
478,912,3
1211,2759,4
1211,1794,4
499,3359,2
479,2987,2
1211,85,2
1211,1730,3
1211,1343,2
481,153,1
479,919,1
479,2366,2
479,1210,4
499,3271,4
1211,1883,4
478,1230,4
481,3489,2
499,1693,4
1211,1785,4
1211,2268,4
479,1196,3
479,260,4
482,3510,2
1211,562,2
1211,1271,3
1211,3476,4
1211,2435,4
499,805,4
481,1359,1
1211,3129,1
1211,1034,4
1211,1875,3
1284,1912,4
499,1672,4
499,1678,4
481,2916,2
1211,1466,1
1211,223,2
1211,1357,3
499,1246,2
499,1584,1
1211,3105,3
1211,3052,2
481,1210,4
499,3916,1
499,3251,3
481,919,3
1211,222,3
1211,508,2
499,1660,2
482,3,1
482,2792,1
482,1327,3
481,648,3
481,2628,2
1211,307,4
1211,1183,4
1211,2108,1
499,3471,2
499,515,1
499,2312,3
1211,3044,4
1211,535,2
481,1220,2
480,736,1
480,1876,1
482,3450,1
482,266,2
482,277,1
499,475,2
481,780,1
481,480,1
481,2990,2
481,3418,2
1211,16,3
1211,412,2
499,1968,1
499,1208,1
1211,595,2
1211,25,2
481,2529,1
481,3623,1
499,3498,2
481,21,2
481,1608,4
481,380,1
1211,2280,3
1211,551,4
1211,2502,1
1211,471,3
482,2160,2
480,1586,3
482,648,1
482,70,3
499,3260,1
481,592,3
479,1090,4
1211,150,3
479,1459,1
480,780,2
499,2348,2
482,524,2
482,2657,3
481,377,4
499,1955,2
499,150,2
1211,3007,1
1211,352,4
480,2617,1
480,2273,1
481,1304,1
1211,1610,1
1211,1784,2
479,1270,3
481,3104,3
482,480,1
482,1580,2
481,2944,3
479,11,1
479,1198,2
1211,1050,4
1211,1747,1
1211,3108,2
1448,1629,2
480,349,4
480,733,3
482,2455,1
482,1129,4
481,1240,2
1211,534,4
1211,2159,2
480,380,3
481,1036,1
481,858,3
481,1198,2
481,1196,2
482,3160,2
482,2948,1
482,1466,1
1211,663,4
1211,147,4
480,110,3
480,2058,1
480,1580,2
480,480,2
480,1277,4
1211,446,3
480,3000,4
1211,337,2
1211,272,2
499,1263,3
499,1090,4
481,296,1
1211,2427,3
480,457,4
480,2571,4
480,589,1
481,62,2
1211,2333,3
1211,2571,3
1211,2761,3
499,1302,1
482,1259,1
482,1673,2
482,3566,4
1211,1885,1
1211,3260,3
1211,1094,3
1211,523,2
1211,515,1
499,1358,4
499,1704,3
499,1962,1
499,1293,4
482,1261,2
482,589,1
482,3578,1
482,3481,2
1211,1265,3
1211,117,3
1211,3100,3
1211,1249,1
480,50,3
482,1248,2
482,2858,4
482,908,3
1211,3266,1
481,1784,4
1284,1147,2
499,1952,2
481,232,3
1211,3271,4
1211,47,3
499,1956,3
481,593,2
1211,1,4
481,110,3
1211,2291,3
480,3863,4
499,908,3
499,1299,2
1211,41,1
1211,32,4
1211,1280,1
1211,3006,2
1211,2959,3
480,3948,1
482,3896,3
481,2478,2
481,2072,3
499,1225,2
499,1957,1
480,3916,1
499,1196,1
482,3897,1
480,3897,4
481,2794,4
481,2416,2
1211,1704,1
499,1961,3
481,1135,2
481,2471,3
499,318,4
499,593,4
481,2407,4
481,2111,3
1211,1277,4
1211,1095,1
1211,1215,4
481,2011,1
481,3591,2
481,3524,2
499,527,1
499,1207,3
480,2447,4
1211,29,3
481,2110,3
480,2995,1
485,2243,4
1211,1635,2
1211,2692,3
480,2028,3
481,3685,2
494,3439,4
481,1965,1
481,2470,1
480,1193,2
493,3081,3
493,313,1
493,2883,1
493,357,1
493,348,4
494,1882,2
480,1210,3
481,2100,2
499,2071,3
494,2701,3
494,1562,1
481,3039,3
481,2001,2
485,3507,4
485,3072,2
499,508,1
481,2795,4
481,2791,3
481,3397,3
499,3418,3
485,2321,3
485,3525,4
494,1831,1
494,1438,2
481,2716,3
493,2912,3
493,380,3
484,2571,4
481,2000,1
481,3552,3
481,1307,2
481,1270,3
481,2423,2
494,466,4
493,3256,2
493,6,3
493,2353,3
493,1183,2
485,1948,1
485,1265,2
482,3918,3
482,3919,4
482,3911,2
494,2126,2
494,1544,4
482,3917,4
481,2081,1
481,1958,2
481,2918,3
484,2701,4
493,229,4
493,1966,3
1211,3265,4
1211,50,2
513,2034,2
494,2616,4
485,1270,3
485,1125,4
493,597,2
493,1758,2
481,1394,1
481,3543,3
481,2150,3
484,2907,3
484,3176,2
483,1265,3
493,232,1
493,3108,4
493,1883,2
494,1687,4
494,376,2
482,3948,4
484,3273,4
1448,266,2
485,1923,1
485,3671,2
513,216,4
1211,30,3
494,3438,1
493,349,4
493,1921,4
493,2836,3
493,1580,1
493,83,2
483,1968,3
484,2692,3
484,1513,2
485,3481,4
485,2918,3
485,3361,1
481,3948,1
1448,3270,1
1448,490,3
1448,422,2
1448,2496,4
483,2313,2
494,653,4
493,3252,4
493,2108,1
493,2439,3
493,1834,2
484,2394,3
483,2761,2
485,2791,4
494,2094,2
483,1240,1
499,360,2
484,3354,4
493,538,2
493,2583,3
484,2581,2
484,2723,2
494,736,1
494,1479,3
494,1917,2
485,1079,4
485,3035,3
493,2580,2
493,3809,1
493,215,4
493,1682,3
483,924,4
494,3082,2
494,648,2
485,3114,3
493,2390,1
493,1892,1
493,2427,3
483,1222,2
494,1608,2
494,2628,3
494,2167,2
487,1947,3
487,1265,2
483,1136,3
484,2719,2
494,2393,2
494,2006,4
493,2890,3
493,2231,4
493,1184,4
493,1047,2
493,373,4
493,11,4
483,235,2
487,1094,1
487,914,1
494,10,3
484,3717,1
485,1294,1
485,3504,2
483,3751,1
494,2273,4
481,356,3
481,2134,4
481,2700,2
493,263,3
493,1245,3
485,1230,3
482,110,4
482,2363,1
482,1682,2
482,2296,4
482,2476,3
483,2762,2
494,1573,3
494,1527,4
494,1370,1
481,260,4
483,1193,2
481,1580,1
485,1281,4
493,3078,4
1448,661,1
481,1617,4
494,2763,4
493,2952,2
482,3033,4
484,2718,4
482,1196,3
482,3258,3
482,2194,3
483,1247,1
483,2959,4
493,1680,2
493,1180,2
493,2071,3
494,480,3
1448,1541,1
1448,1043,3
483,1294,3
494,2571,4
494,110,4
494,589,4
494,1610,1
484,3615,2
484,2881,2
484,2759,1
1448,597,2
1448,852,2
493,2433,4
493,1672,4
543,724,4
483,700,2
483,527,3
493,590,3
493,161,1
483,318,3
493,271,1
483,1089,2
1448,1619,1
1448,471,2
490,808,4
483,296,1
490,1608,3
493,1610,2
493,1641,2
493,39,1
484,2541,1
484,2722,1
1448,282,1
1448,1441,1
1448,345,3
499,3299,3
485,3176,2
483,111,3
483,1219,1
493,2359,3
485,3185,3
485,2762,4
485,2396,2
493,1450,4
493,300,3
493,1370,2
483,593,2
485,2724,2
485,3512,1
484,2694,3
493,3160,4
493,2276,3
493,73,2
1448,3723,2
1448,3614,4
543,2694,3
484,2683,1
493,1639,3
484,3534,2
484,2706,3
484,2572,2
490,2124,2
485,1959,2
485,3753,2
483,3101,1
493,366,4
493,1661,2
1448,1268,2
499,2829,4
1448,2583,2
1448,539,4
1448,339,3
1448,500,1
494,1367,2
493,1914,1
493,480,2
493,125,1
840,2792,4
485,3160,2
483,376,3
483,1721,3
483,266,2
840,345,3
483,2628,4
484,661,2
490,1367,2
484,3484,1
494,3564,4
494,243,3
494,2555,1
840,344,2
483,1961,1
484,3450,1
499,830,3
486,645,1
543,2683,3
543,2699,3
494,1707,3
486,3148,1
485,2716,2
840,2015,1
494,1731,3
494,2798,3
494,2354,4
490,480,1
490,1544,1
486,2355,4
485,2712,3
494,2392,2
494,1381,2
486,232,1
484,480,1
494,19,2
485,2605,1
494,2799,4
485,3408,1
486,2686,1
486,1641,2
486,1354,2
486,1183,4
499,186,3
484,3578,3
485,2881,3
486,1834,2
486,337,3
486,3114,1
486,1265,4
840,2085,4
494,2498,1
494,374,3
494,1772,3
484,551,4
486,2959,3
486,1923,3
485,2770,4
494,2381,4
494,1837,1
494,87,3
486,515,3
490,1689,4
840,2072,4
487,1277,3
499,2082,2
486,1682,3
487,969,4
487,1188,1
494,575,4
494,2953,3
494,784,4
486,3163,1
486,2966,1
486,1449,4
486,1094,1
499,552,2
485,3534,3
485,2858,1
499,1020,2
484,3255,1
490,1269,2
494,1592,3
494,688,1
486,1358,3
484,2762,1
486,2028,4
486,34,2
486,2692,3
486,36,3
487,920,4
487,928,1
494,1460,2
494,1602,3
494,2379,4
494,2050,4
486,527,4
486,265,4
486,1704,1
484,110,4
486,2762,2
494,765,2
494,239,1
493,425,3
493,16,1
543,2422,3
543,839,1
543,2816,1
840,912,1
494,743,3
494,1665,3
494,1011,3
494,231,2
486,318,2
493,428,1
493,265,2
493,314,2
484,1941,1
494,2088,1
494,2053,2
486,2718,3
493,529,1
493,110,1
840,232,2
543,393,4
543,3705,3
543,1626,3
493,1357,1
493,440,3
493,2321,1
494,435,4
494,2051,3
493,462,2
493,994,2
490,48,2
494,2142,4
494,2335,4
543,1687,4
543,1744,3
543,2373,1
490,1031,4
494,1702,4
494,267,3
494,1391,2
494,2794,1
543,786,4
543,1606,1
490,1022,4
494,2792,3
490,3675,1
490,914,1
494,2828,1
840,302,3
494,1839,4
494,432,1
494,801,4
494,2717,4
840,905,1
1448,2567,2
493,1408,3
493,3246,4
493,628,2
493,356,4
493,1358,4
490,1380,2
490,3061,2
494,355,4
490,919,2
490,1028,3
494,3688,4
499,372,1
493,2611,1
493,1449,3
493,1412,3
543,2944,1
495,924,1
840,193,2
493,281,2
490,924,3
493,1188,4
499,852,1
494,673,1
494,3869,4
495,780,1
490,1584,2
840,1934,4
494,344,1
494,153,2
1448,3450,1
1448,144,3
1448,3809,3
1448,441,3
490,780,1
499,1888,2
494,1377,3
543,3268,1
543,2383,4
543,2382,1
543,3689,3
543,2798,3
543,3690,2
543,2170,3
543,255,3
495,1517,3
495,2683,1
490,2092,1
494,520,4
499,1135,2
494,830,3
494,370,3
494,5,4
490,2123,4
490,1030,1
1448,1459,1
1448,1113,4
1448,1777,2
494,1588,4
490,1064,1
490,1033,4
543,3804,1
543,325,1
543,174,1
543,2379,1
543,93,2
543,2380,2
543,3031,4
543,2381,2
499,3450,1
494,2471,3
494,2054,2
499,468,3
486,3952,2
490,616,3
490,2096,4
1448,1465,1
485,1198,3
1448,231,3
485,349,3
485,1028,4
1448,218,4
495,3354,1
494,2431,2
494,1018,3
494,2082,4
499,1958,3
490,313,2
490,2087,1
490,1029,4
490,2394,2
490,2137,1
1448,105,2
1448,350,2
486,3897,2
486,3911,3
485,1210,4
485,1278,2
485,468,4
543,2088,3
543,1445,2
543,2042,3
494,2031,3
543,2953,3
543,2458,1
490,2085,3
490,3034,2
494,2405,1
487,1327,1
494,1806,1
486,1210,1
486,3700,1
486,1278,1
543,3394,1
494,2375,1
1448,164,4
1448,538,3
1448,2849,4
490,2018,2
490,1032,3
490,2102,3
490,2081,4
490,2080,4
490,596,4
490,2987,1
487,3927,3
494,2016,3
486,1198,1
543,537,1
490,1282,3
490,1025,3
490,2355,3
543,2169,4
543,3130,2
543,65,1
543,1526,4
543,1353,1
543,3177,1
490,364,1
486,3072,2
494,1911,3
494,586,3
494,3040,4
494,2098,4
487,3450,4
487,1580,3
487,480,1
490,1,3
490,588,3
490,595,1
1448,508,2
1448,279,3
1448,3253,2
1448,1794,1
1448,2124,4
494,2723,1
1448,113,3
494,2606,4
543,3388,4
543,3387,1
543,3691,3
543,520,3
543,420,3
543,234,4
543,2072,3
543,267,1
495,3512,3
490,3512,4
490,1210,3
490,1197,4
494,317,4
494,2469,3
487,1035,4
487,1269,1
543,2471,4
543,3710,1
494,1919,3
543,1894,3
543,228,4
543,445,2
543,1091,1
543,833,2
543,1461,2
490,260,4
494,1409,4
494,3524,2
494,2378,4
494,1125,2
494,585,3
487,2160,3
487,2291,2
495,1021,1
494,1010,3
487,3751,1
543,2082,1
543,63,3
543,135,1
543,550,3
543,3,3
543,1064,2
494,901,1
494,368,4
494,2145,4
495,2355,2
490,1021,2
1448,3103,3
1448,206,1
494,3157,4
494,2110,3
488,741,3
488,1196,2
488,1215,2
488,1206,3
488,750,2
488,1240,1
493,2268,3
493,446,2
493,1643,4
543,2792,3
543,784,3
543,762,1
543,4,1
543,1503,3
543,3869,3
543,3254,4
543,765,4
543,2473,2
490,2012,1
490,2011,3
487,1259,2
494,2011,1
494,1777,3
494,1380,2
490,953,4
487,260,3
493,2677,3
493,2997,2
493,2501,3
493,150,2
493,1266,2
493,515,3
494,1566,3
495,1,3
495,1265,4
494,141,4
499,1923,3
543,3208,2
543,3525,1
543,542,2
543,586,3
543,3243,4
543,518,1
543,1816,2
543,2372,2
543,1194,3
543,3688,4
495,2324,3
499,2324,3
494,2052,4
494,587,1
499,1784,3
499,3072,1
499,1747,1
495,3114,4
493,58,4
493,1633,2
493,475,2
493,2289,2
487,3683,1
487,908,1
494,2003,1
494,2683,2
494,2012,2
494,539,4
488,1320,3
488,1214,2
488,1200,2
490,2501,2
493,17,1
493,1147,4
495,2501,3
543,2794,3
543,1513,4
543,186,1
488,2628,4
488,260,4
487,593,3
495,1610,3
494,1517,2
494,2671,4
493,1094,3
493,3083,1
493,3006,3
493,1089,1
499,2150,4
490,3555,1
495,3555,2
499,2352,1
494,2384,1
494,3247,1
499,357,4
488,1503,1
488,3928,3
488,2505,4
493,334,2
493,306,1
494,1848,3
488,3534,1
489,318,1
499,2174,1
489,1193,1
499,1,3
491,161,3
491,1210,4
491,356,3
491,1408,3
488,2826,2
488,1019,3
493,2357,3
493,1265,2
493,800,3
493,608,1
493,2762,1
490,3483,1
489,2804,4
489,1148,1
488,2572,4
494,2100,3
494,367,3
489,750,1
491,1196,4
489,1199,4
489,1136,1
489,1196,4
499,3361,3
543,2796,4
494,3253,3
494,3526,3
494,1081,1
489,1198,2
494,3448,1
494,2040,3
499,1079,1
491,2174,2
489,2788,2
489,1208,1
489,296,2
493,117,2
493,2324,3
490,3916,2
490,3745,4
489,858,2
489,3456,2
543,2136,1
543,2060,4
543,1456,3
543,539,4
543,1405,4
543,333,4
491,1259,3
491,2915,1
499,2804,1
493,2028,3
493,1617,4
493,213,3
490,2571,1
495,3054,2
494,3591,1
494,1580,4
491,3536,1
491,1884,4
490,3054,2
493,318,3
493,326,3
493,527,2
493,2692,1
543,3450,1
543,3501,3
543,3263,4
543,2416,1
494,2779,1
490,1198,3
490,1196,4
494,1663,3
496,1257,1
488,3948,1
489,30,1
496,2174,4
493,1041,1
493,246,4
493,121,1
493,593,4
491,2997,4
494,2746,4
491,1,4
494,2359,3
543,2078,2
543,1648,4
543,2245,3
492,2959,3
492,3238,3
499,1727,1
488,2083,2
488,1210,1
488,839,2
489,3864,1
494,2109,3
494,2000,2
493,3010,2
493,1213,1
488,912,4
488,39,1
488,2005,1
489,3889,4
543,2134,2
494,104,1
494,2352,4
494,2174,3
494,2081,2
496,3052,3
496,180,4
491,2028,3
491,589,3
491,1242,1
491,1036,3
491,2571,4
491,110,2
489,3863,2
543,3868,3
543,2301,3
543,1517,4
543,597,1
492,2718,2
490,1373,3
490,329,4
490,1375,2
490,2393,1
490,1374,4
490,1356,2
490,1376,3
499,1206,2
489,2279,1
489,1197,3
492,2369,4
492,2881,4
492,2759,4
492,1093,3
495,1250,1
493,1459,2
489,2291,1
489,1210,2
491,2858,3
494,3035,2
494,1713,3
489,1097,4
493,2505,3
489,1012,4
496,3863,1
491,3916,2
494,3061,2
494,2795,2
492,2541,1
492,223,1
492,2433,2
495,1356,4
495,2393,3
495,1376,1
493,965,1
493,2475,3
543,2791,2
490,1371,3
493,924,2
493,1203,3
493,999,4
494,2136,4
494,1923,3
492,2771,3
492,2770,4
492,2976,1
492,2908,3
492,3005,1
495,671,2
493,2572,2
499,1269,3
513,2797,1
499,1086,4
513,2352,4
543,187,2
543,3507,2
494,34,2
494,2015,3
499,904,3
492,2710,2
492,3298,3
492,3285,1
492,2997,3
492,2694,4
494,1294,2
494,3548,4
490,1270,2
497,1967,1
497,1097,4
497,3479,3
497,2797,4
1655,1721,1
494,2788,3
494,3072,3
495,2571,3
1655,1387,4
1655,3404,3
492,2827,2
492,2699,4
543,1257,2
543,1663,3
543,3396,1
513,1257,3
497,2140,1
493,3535,4
494,1014,3
490,1035,2
1655,1036,1
499,3247,3
497,2193,1
492,2188,4
492,2572,4
492,2706,1
492,2858,3
494,2080,2
493,3753,4
493,3513,4
499,3019,2
499,2000,2
499,2268,3
494,1269,2
493,3555,2
493,648,3
543,2804,4
490,2876,2
490,2628,4
493,3566,1
493,3357,2
493,3578,4
491,1120,2
493,3481,1
513,1939,4
494,551,2
840,2114,2
494,3421,3
840,1033,4
491,647,3
840,3308,3
840,2133,4
494,3451,1
494,1220,1
494,1079,2
497,3946,1
497,3948,2
495,2762,2
499,2470,3
840,3033,1
1105,3032,3
491,3082,4
491,1193,1
494,2804,2
494,1136,4
513,2174,3
1105,2009,3
494,3868,2
494,3671,3
840,3398,1
840,2463,1
840,3591,3
543,1346,2
491,519,1
840,3448,3
493,2770,2
840,2470,3
493,57,2
493,1177,2
840,3868,1
493,1198,2
498,1104,1
498,745,4
498,1244,2
498,1094,2
499,3672,1
492,597,2
492,593,1
777,1476,3
498,296,4
492,2028,3
498,1225,3
492,2428,2
493,3816,4
493,3545,2
543,606,3
543,1996,2
543,2460,4
498,2102,2
498,1148,2
498,994,2
492,2174,1
492,111,3
499,2135,1
493,2391,2
493,1210,1
840,2245,4
543,1995,2
498,1250,4
498,2609,2
498,3168,1
499,434,2
498,593,2
498,3468,3
498,1089,2
777,553,4
777,2291,2
777,1396,1
840,1220,3
495,3448,3
543,3918,4
543,3708,4
498,1617,2
498,2919,1
498,2398,4
494,1968,1
494,733,4
495,2890,4
840,1994,2
498,3819,4
498,50,1
498,1296,1
498,17,2
840,2145,4
495,1242,4
495,750,4
498,2366,4
498,3730,1
498,1028,1
496,1732,2
840,3608,4
543,3837,1
543,2898,3
499,1030,4
494,1270,1
494,1272,2
494,1021,4
840,2739,2
495,527,3
840,2791,3
495,1262,2
498,318,2
498,1213,4
498,1952,3
498,3545,2
498,2648,1
840,2194,1
496,1205,3
840,3101,4
840,2968,4
840,1968,2
840,2100,2
499,3755,1
543,3928,3
543,2120,3
543,2459,4
495,480,1
498,3083,3
498,3152,4
840,2716,3
840,3347,1
499,1129,1
840,1036,4
840,2918,2
840,1210,2
498,969,3
498,1927,1
498,903,1
840,2174,2
495,1544,3
496,3793,4
840,1079,4
498,599,1
498,1267,2
543,2366,2
543,1333,2
543,2746,4
495,3793,3
495,1580,1
840,1288,2
495,3745,3
840,3526,3
840,2313,3
840,2144,2
495,589,4
498,1221,2
498,1178,3
498,1256,4
840,1240,1
840,1674,4
840,3210,1
840,1246,1
498,1280,4
498,1203,1
498,527,3
840,3361,1
840,1242,3
499,3036,1
499,349,4
498,1252,4
498,908,2
498,920,2
840,2372,3
495,1210,4
777,1282,4
840,1196,1
498,1207,3
498,899,1
543,1307,2
498,904,4
498,1204,4
498,912,3
498,3741,3
499,590,1
543,237,2
495,1196,2
498,1212,2
498,3742,2
498,940,2
498,919,3
495,260,4
496,1544,3
496,3354,1
543,1385,4
499,1017,1
499,1015,2
543,204,4
497,2717,1
497,2716,1
498,2863,3
499,1210,2
499,1259,3
777,255,1
777,2366,2
777,953,1
495,300,3
497,587,4
497,21,1
497,3328,1
498,3095,3
498,3089,2
498,910,2
499,919,1
499,1198,4
499,969,1
496,3450,2
497,2541,3
497,353,1
1105,1732,4
496,2792,1
495,2028,2
495,1101,3
499,953,1
495,2057,3
496,1580,2
495,110,1
498,541,4
498,1206,3
498,260,4
498,750,2
497,1589,1
496,480,4
499,1416,2
543,1409,4
496,3578,1
1105,2291,2
496,589,2
495,2628,1
1105,908,1
1105,1250,1
543,2166,3
496,2858,1
496,2791,4
777,1203,3
497,3251,1
499,3257,2
499,2942,1
497,3070,3
497,2262,4
499,2497,4
499,2316,2
777,3646,2
777,2194,3
777,919,4
499,2146,4
499,2154,3
499,2143,3
499,2262,1
499,7,3
543,3398,2
777,3871,4
777,628,1
496,2700,4
496,1028,3
499,509,1
496,1270,1
543,366,1
499,736,1
499,2405,2
543,1978,2
543,1975,3
499,1380,4
499,1088,4
499,1835,2
777,1242,3
777,2022,1
543,3390,2
499,2424,3
499,222,3
499,105,1
499,1569,1
499,289,1
777,1293,2
497,369,4
497,1961,1
497,2108,3
499,539,3
499,2671,4
499,339,3
497,1894,4
497,110,3
499,3259,3
499,2406,1
499,900,2
499,266,4
499,377,3
499,2243,4
499,1101,3
543,356,3
499,587,4
499,2145,2
499,3528,3
498,223,3
499,2081,2
543,193,4
499,1183,1
543,3210,2
499,1393,3
499,1721,1
498,3481,3
499,1947,3
499,1197,2
499,1264,1
499,1094,1
499,342,1
543,2410,2
543,2412,4
777,593,3
499,2291,4
499,914,1
499,1307,3
499,920,1
499,2067,2
499,1296,3
499,2020,1
499,899,4
499,1247,3
499,2919,4
543,3355,4
498,2070,4
777,1287,4
498,2702,1
498,3176,4
499,2453,2
499,2087,2
498,2395,2
498,3081,3
498,2396,2
498,314,4
498,2762,2
499,3479,3
498,2692,1
499,260,4
499,2797,1
499,1097,3
499,1073,2
498,2013,4
498,968,4
498,913,2
499,3565,4
498,2390,4
498,2716,3
498,2959,2
499,3176,1
499,2961,2
498,2718,4
499,2724,3
499,2396,4
498,2369,4
498,1093,1
498,3543,4
498,3203,4
498,2147,4
499,2686,2
543,344,1
499,2906,2
543,19,4
543,216,1
1448,230,4
1448,180,3
1448,2302,2
498,3005,4
499,1959,3
498,2997,1
498,2710,3
499,2581,4
498,3179,3
499,3752,4
498,2858,3
1448,1672,3
499,2716,3
499,2688,4
499,2861,3
543,3552,4
499,3408,1
498,3927,4
498,3929,3
499,2433,1
499,2975,3
499,3004,3
501,1248,3
501,908,2
499,2572,2
499,2858,4
501,3941,1
501,3942,1
501,1977,2
501,3938,1
501,1972,3
501,3939,3
501,1986,2
498,1230,2
498,2001,2
501,3918,4
501,1969,4
501,1976,1
501,1973,2
501,3,1
501,1970,3
503,1569,3
498,1210,3
498,16,1
498,1282,3
543,1282,3
543,1247,3
501,487,2
501,2399,2
501,1971,2
499,3706,1
499,356,4
499,2628,3
505,1641,3
501,3937,3
501,366,1
499,586,1
499,361,4
499,597,3
508,3142,4
508,2693,3
501,3450,3
501,2792,2
508,1289,4
501,1544,2
501,3159,2
501,1129,4
508,1147,2
501,3594,3
501,2455,2
501,648,1
501,3675,4
501,3755,4
1448,662,4
1448,543,2
1448,476,1
501,524,4
501,1580,3
501,551,2
501,144,1
501,70,2
543,296,1
543,1394,2
508,2248,1
508,1265,3
501,2791,2
501,480,3
501,3793,1
508,866,1
1448,1569,3
1448,1517,3
1448,222,4
1448,587,3
1448,141,3
501,1035,3
501,2291,2
503,2921,4
503,3671,4
503,1283,4
503,1266,2
501,1466,3
501,1259,3
501,3481,4
501,3624,2
508,2396,4
543,695,4
503,2951,3
503,1201,4
503,1304,3
501,1171,4
501,1673,2
501,2858,2
501,1249,4
566,1562,3
566,1004,1
566,2701,4
501,1250,4
501,110,2
501,1282,4
501,589,2
501,3578,4
566,3802,1
566,2549,1
566,2808,2
566,2642,1
566,2411,3
1448,2112,4
1448,357,3
1448,1003,2
508,589,4
501,3930,2
501,277,4
501,2624,2
566,420,4
566,153,1
566,2253,2
566,2373,4
566,1606,2
566,479,3
566,2402,3
1448,635,4
566,1431,2
566,1599,2
1448,2671,3
1448,535,1
1448,2108,4
508,3578,3
566,44,2
566,996,4
566,2367,2
566,3438,4
566,485,1
566,208,1
566,809,1
508,3897,1
501,3863,3
501,3948,2
1448,3050,2
566,2723,4
566,533,4
566,3698,2
566,3444,1
566,1792,4
1448,524,2
1448,1042,2
1448,1397,2
501,2288,1
501,1197,2
501,2394,4
501,2528,1
501,3479,3
566,1586,2
566,2376,4
566,2616,1
566,2403,2
566,653,2
513,592,2
513,1562,3
513,1377,1
513,153,2
566,434,1
500,1278,1
500,3671,1
566,3274,2
566,303,4
501,2477,4
501,1783,3
501,2567,3
501,1230,4
500,1031,1
500,2012,4
500,3461,3
566,1676,1
566,2193,1
503,2153,2
503,648,3
566,2989,2
566,2991,3
566,3624,3
566,2990,4
566,1785,3
566,2167,2
566,3384,3
566,1101,3
1448,6,1
566,2115,4
566,3740,4
566,145,3
508,692,2
508,2549,4
508,160,1
566,377,4
566,3635,1
508,737,1
508,2701,2
566,1275,2
566,3836,3
566,2347,1
505,2174,2
508,2808,4
508,172,1
508,1590,2
508,1917,2
1448,261,1
566,2949,4
566,2993,3
566,1954,2
566,3366,2
566,2872,3
566,3418,1
566,3753,3
508,1882,4
508,2322,3
508,173,4
508,196,1
566,1356,3
566,592,1
1448,1425,4
1448,3502,2
1448,551,3
1448,45,1
1448,3466,4
1448,440,2
508,1544,4
508,327,3
508,185,1
508,1779,1
508,849,4
566,555,4
566,3578,1
566,2944,2
566,1408,4
566,2947,1
566,1387,1
566,1242,3
566,1291,1
566,2366,3
566,1222,1
566,2692,4
566,110,1
503,942,4
503,541,3
503,3334,1
566,2851,3
566,880,2
503,1617,4
503,1267,3
503,1252,3
503,3435,2
503,922,4
503,913,3
566,1752,2
566,1499,1
502,2028,2
502,1704,4
502,593,3
566,3764,1
503,3624,4
503,3510,1
503,3160,2
503,3578,2
566,2713,1
566,1479,4
566,3708,3
502,527,2
502,1193,2
566,736,3
566,464,2
505,2867,1
566,95,2
566,1658,2
502,318,1
503,50,2
502,3468,1
566,170,4
566,3249,2
566,2273,1
566,165,3
505,1230,3
505,3253,3
566,1355,2
566,2826,3
566,2617,3
566,3082,3
566,2263,3
566,1769,2
505,3448,1
566,10,1
566,2841,1
1448,1187,1
503,2808,2
503,2122,4
503,593,2
566,230,3
566,2527,1
566,3686,3
566,3623,2
502,2335,2
502,3255,1
502,3363,3
566,2110,4
566,3101,3
502,1197,3
502,1307,4
502,1270,3
502,3671,2
566,288,1
566,832,3
566,2346,1
566,454,3
566,1370,2
502,3421,2
502,3037,3
513,3107,2
513,2012,3
513,145,4
502,3114,3
502,2321,2
566,1722,3
566,2550,1
566,587,3
513,3525,1
513,1270,3
513,2416,4
513,2011,3
566,1834,2
566,2763,2
566,3256,2
505,2302,1
505,1285,3
566,861,2
566,2118,4
1448,3250,3
1448,3358,1
566,3555,3
566,2353,2
566,3763,3
566,353,1
513,2683,3
566,3203,2
566,2058,2
505,3685,1
505,3836,4
505,2080,2
513,1517,4
502,3753,1
502,110,3
566,1748,4
505,3255,4
505,1028,3
1448,1875,2
566,1610,2
566,319,4
502,2875,3
502,3244,1
566,3546,2
566,2288,4
505,2797,1
505,39,1
505,3200,2
502,2599,3
502,1617,2
566,457,2
513,3524,1
566,3334,2
566,2819,3
566,1036,2
513,1917,3
513,1215,3
566,111,2
566,3551,2
566,2186,2
566,2762,1
566,608,2
566,908,1
566,593,1
566,1267,4
505,1278,4
505,3543,1
505,2406,1
513,150,2
513,2699,2
513,1208,1
566,1089,4
566,50,3
505,2788,4
505,1080,2
505,1288,4
533,2699,4
533,1816,2
566,2338,2
566,1644,2
566,2126,4
566,160,3
533,353,2
505,1394,3
1448,39,4
533,184,2
566,3445,2
566,1597,4
505,2918,1
505,1234,2
505,1235,2
1448,1188,3
1448,1966,1
533,1876,4
566,648,3
566,1689,3
566,1805,1
566,3251,3
533,3686,3
505,2716,3
505,1079,3
566,1092,1
566,1645,1
566,2414,2
533,3273,3
533,1552,1
533,3274,1
566,3044,4
566,3476,1
566,3706,4
566,1625,4
533,1777,2
1448,735,3
1448,3108,2
566,1086,4
533,1616,1
533,653,4
566,1950,4
505,1304,4
533,112,2
533,2167,4
533,2044,3
505,1270,4
505,2791,1
505,3035,1
566,1617,3
533,2889,1
1448,714,3
533,648,1
533,2006,1
533,2416,3
505,1136,2
505,3362,4
533,3770,1
533,2989,4
566,3799,1
566,3945,2
566,1489,3
505,3037,1
505,910,2
566,2092,1
566,3054,2
566,673,2
566,3287,1
566,1030,4
566,1205,1
566,1688,2
505,3421,2
566,783,3
566,2033,2
505,1294,2
566,3745,2
566,3725,1
566,616,1
504,1259,1
566,2857,2
566,2137,2
566,1025,1
566,3213,3
566,2987,4
566,2700,3
566,2138,2
566,595,1
504,1245,3
566,3000,3
566,1274,1
566,1282,3
509,1969,2
509,1973,1
509,2717,1
509,3273,3
509,1644,4
1448,62,3
509,2328,3
509,724,1
533,1762,2
533,2133,1
533,1049,3
1448,3499,1
503,805,1
503,1198,4
533,2469,1
533,802,2
533,3262,3
1448,205,4
533,3928,2
533,2393,3
533,3450,2
505,1387,2
505,541,1
505,1214,3
505,1276,4
509,2121,3
1448,678,1
533,2841,4
533,3614,4
509,2976,1
509,3708,1
509,2606,1
509,1970,3
505,2859,3
505,1258,4
533,2617,4
509,382,3
509,2428,2
509,1717,3
509,1971,4
508,1037,1
508,2668,4
533,3005,1
509,2279,4
505,3363,4
509,2560,3
509,2513,3
508,2986,1
508,1371,1
533,2245,1
509,2826,4
509,407,4
509,1974,1
505,1198,2
504,1617,2
504,110,4
533,2713,4
533,227,4
533,3263,1
508,2377,3
508,3937,4
509,2617,1
505,1193,2
504,318,2
508,1603,1
508,780,2
508,1320,4
504,663,3
509,2710,1
533,3197,2
533,3254,3
533,2353,2
508,2699,4
508,3697,4
504,1772,3
504,1220,3
533,1527,3
533,506,1
508,2393,1
509,3535,4
533,2763,1
508,2628,1
508,3863,4
508,198,4
504,435,4
509,1347,2
509,366,1
509,2167,2
509,2633,3
509,2459,3
509,1645,3
505,3498,1
508,2346,1
508,24,1
508,2311,4
508,76,2
508,316,4
533,3016,4
533,3753,1
533,2340,4
533,2134,2
533,3033,2
533,1347,1
508,1676,2
508,2011,4
508,2117,3
508,1653,1
533,2470,3
533,2094,2
509,2793,1
509,2746,3
509,2003,3
509,253,3
508,1580,3
508,1372,4
505,2971,1
626,2624,3
509,1339,3
509,2782,2
509,2747,1
509,799,4
509,2654,4
508,3770,2
508,1573,4
508,2528,3
508,2662,3
508,2600,4
508,1306,1
509,3476,2
509,1407,3
509,3499,4
533,3107,3
508,2455,4
508,671,2
508,1527,2
508,2664,4
533,1608,2
533,3745,1
504,1902,2
509,968,1
533,2262,2
504,2124,3
504,1541,3
504,410,3
504,2133,1
504,3070,2
504,2262,2
504,1459,1
504,1127,1
509,1321,3
509,1982,2
509,1340,1
533,1884,3
504,2505,4
504,3928,1
504,3648,4
509,1258,1
509,1997,4
509,2716,2
504,2475,2
504,3534,1
509,1214,1
533,1378,3
533,1485,1
533,1375,1
533,3740,3
533,11,2
509,1219,2
509,1387,3
504,2311,4
504,924,4
504,2492,2
504,1203,2
504,2504,4
533,356,3
533,3936,1
533,3477,3
504,2572,4
504,2072,4
509,673,4
509,1064,2
509,2142,3
533,2572,3
533,610,1
509,2141,4
533,410,2
533,2476,2
509,2089,3
509,1405,1
509,2294,3
509,783,1
533,1717,1
533,597,4
533,2005,1
533,2161,1
533,440,2
509,616,3
509,2080,4
509,2394,3
533,2706,4
504,1193,3
504,3420,2
504,440,2
509,2085,1
533,231,4
505,2826,3
509,3159,1
509,364,2
509,2139,1
533,1377,4
533,3040,2
504,260,1
504,1244,2
504,1275,3
504,27,4
509,1282,4
509,3000,4
509,1148,3
509,745,3
509,602,4
509,1191,4
509,2693,4
505,761,2
505,1779,4
505,849,1
505,577,3
509,1189,2
509,2323,2
509,2330,4
509,99,1
509,246,1
505,1544,3
505,1894,3
505,464,4
533,3535,3
533,230,3
533,330,3
533,2115,1
533,3261,4
505,1917,3
533,1124,4
533,2423,2
533,2406,2
505,2006,4
533,2111,2
533,1678,1
533,253,4
533,180,2
505,1372,4
505,1615,3
533,1676,4
533,3701,3
533,349,1
533,2003,1
505,480,2
533,2633,3
533,2240,2
533,2712,2
533,2746,4
533,2371,1
533,1909,1
533,1370,2
533,1722,3
533,3809,4
533,104,2
533,861,1
533,3052,2
505,1876,1
505,1552,4
505,1676,2
505,466,2
533,2100,2
505,736,1
505,1391,4
505,329,4
505,1377,4
533,2420,1
533,3624,2
533,574,3
533,2734,2
505,780,2
505,368,4
505,165,2
533,367,2
533,1092,1
533,1476,1
533,1464,4
533,3175,3
505,376,2
505,288,2
505,648,2
533,163,1
533,1396,4
508,1253,4
508,1356,2
508,1215,3
508,3793,2
508,1965,3
508,1301,3
508,32,2
508,2553,2
508,1921,3
533,2109,4
533,1125,3
509,2165,1
505,1527,1
505,1586,4
505,198,3
508,29,4
508,1206,2
508,1175,2
508,1210,1
508,1270,4
508,3702,4
509,3699,4
533,377,3
533,217,2
508,1199,4
508,1214,3
508,2571,3
508,541,2
505,1580,4
505,2617,2
533,329,3
508,2253,3
508,1126,3
533,2455,2
533,2144,3
533,508,4
533,2118,3
508,3489,1
508,1920,1
505,2167,2
505,10,3
533,3476,1
533,2459,4
533,590,2
508,3889,4
508,1702,1
508,653,4
508,317,3
533,671,4
508,3479,4
508,2015,1
505,380,3
505,1356,2
505,1608,1
533,1994,2
509,1584,3
509,1302,2
509,1643,3
509,2966,4
508,2140,2
508,2161,1
508,2797,3
508,367,2
508,2021,2
508,2005,1
509,2435,1
509,1673,1
508,2138,2
508,1097,1
508,2968,3
508,247,4
508,260,1
508,1073,2
509,242,3
533,2025,3
533,2657,2
505,3418,1
505,2916,4
505,1370,3
509,766,3
506,2701,2
506,3565,2
506,3793,3
506,2714,4
533,3930,2
509,3178,2
509,2437,2
509,2268,4
509,1914,1
533,2502,3
509,1834,3
509,509,3
506,2763,4
506,3798,1
506,3114,1
587,2631,1
587,1558,4
505,733,2
508,2422,3
506,2702,3
506,3176,4
506,2961,4
506,2700,2
506,3157,4
509,3451,3
509,249,1
509,1186,1
508,1373,3
508,2815,4
505,1610,3
505,2028,3
505,2571,4
505,1233,2
533,1954,2
506,3273,3
509,3526,4
506,3081,3
506,2396,3
509,1730,3
506,2762,2
509,1396,2
506,2724,4
533,1302,4
587,2296,3
508,2041,4
508,3441,4
508,2410,3
510,737,4
533,1253,2
533,1356,1
533,1374,3
509,314,3
506,2692,1
506,1513,2
587,255,3
508,2735,1
508,2457,3
509,1729,4
509,3598,2
533,2729,3
533,1580,1
587,445,1
506,2394,3
506,2906,1
506,24,3
506,3300,2
509,21,2
508,2476,2
508,2105,3
508,2613,2
509,300,4
509,3408,1
508,2115,3
508,3444,3
508,1101,4
505,3489,3
505,1920,1
505,673,1
533,2654,2
533,2951,3
506,1959,2
506,968,1
506,3325,1
533,2363,3
506,3753,3
533,2280,3
506,3219,1
506,2490,4
509,2000,3
509,58,3
509,1268,1
509,1094,1
509,2908,2
509,592,1
508,1129,3
508,3740,1
508,2344,1
508,1376,3
508,3704,4
533,1083,1
510,3054,1
510,1064,3
510,673,1
510,2123,1
506,2734,3
506,3623,4
506,2581,1
506,2622,3
506,2723,4
506,3354,3
506,2709,1
533,3608,2
587,63,1
509,1012,3
509,1246,1
509,1259,1
505,3438,2
505,317,1
505,2628,1
505,60,1
509,1639,3
509,1957,1
506,2805,2
506,3752,1
506,3174,4
506,3160,4
533,357,4
533,3868,4
509,2501,1
509,345,4
509,337,1
587,830,4
506,2676,4
506,785,2
509,1674,1
509,2336,3
509,2313,2
533,2065,2
533,2278,1
587,804,2
533,457,1
509,151,3
509,2329,1
587,370,3
506,2995,2
506,2719,2
506,2856,1
509,529,2
587,537,2
506,3717,2
506,2688,2
506,3510,1
506,2716,2
506,2580,2
506,3578,2
509,2291,1
509,3163,1
509,535,3
509,150,2
510,3159,3
587,1439,1
510,2081,3
506,2959,2
506,3238,3
506,2712,3
506,233,1
506,3409,2
509,2443,3
510,2087,1
510,588,2
510,1025,1
509,3168,3
509,2076,4
509,265,2
587,586,2
510,364,4
509,3578,2
509,3246,3
509,3360,3
510,2294,4
510,1032,4
506,3113,2
506,2605,2
506,3408,2
506,2599,2
509,3160,3
587,2356,1
587,413,1
505,2291,3
505,3555,1
505,1035,2
509,2959,3
509,1277,4
509,1704,1
509,1694,2
510,3213,1
510,2987,3
510,1282,4
506,1093,4
509,3147,4
509,308,1
506,2369,4
506,1911,1
506,2881,4
509,25,4
509,1594,4
587,372,2
510,3034,4
533,1321,2
533,1729,4
510,2139,1
510,3000,1
533,1682,2
505,110,1
505,1673,2
505,1269,1
509,2890,2
509,1682,1
510,2810,2
587,3254,3
533,968,3
533,1663,1
533,2926,4
506,2541,4
506,2433,1
506,3751,3
506,223,1
509,3363,1
509,293,3
587,788,3
533,2987,4
587,333,4
509,235,3
509,3424,4
506,3005,3
506,2976,3
506,2355,4
506,2770,1
1836,1466,1
509,628,2
509,3386,4
509,2442,1
509,1968,3
509,1358,1
506,2694,3
506,3298,4
506,2975,1
506,2997,3
506,2710,1
510,1136,1
510,239,3
587,539,2
587,3120,1
533,2716,3
505,1250,3
505,2858,1
505,589,4
509,2248,3
840,1307,3
509,920,3
509,1296,2
509,1293,2
533,175,2
587,2012,3
506,2699,3
506,2683,3
506,2707,1
533,1610,3
509,678,1
509,2728,2
509,1242,1
510,2643,3
840,1270,3
840,1097,3
840,1185,1
533,1500,3
533,3098,4
840,2804,3
840,1225,2
840,1198,4
509,1635,3
587,305,4
587,3261,2
506,1127,2
506,2826,2
506,2858,2
506,2706,4
510,2642,1
510,546,1
509,36,4
587,500,2
587,587,3
510,2053,1
510,3269,3
840,1193,1
510,2450,4
840,2051,1
840,3471,4
840,1136,3
533,337,1
509,1172,4
509,866,4
533,3396,1
509,778,3
509,1090,3
840,3037,3
840,3508,2
505,1334,4
587,1777,1
840,260,4
507,3920,3
840,2788,3
507,3911,3
533,1625,1
509,2858,2
509,1222,2
509,154,2
509,1247,2
509,1960,4
533,3932,2
587,70,3
505,858,3
510,2034,2
509,1084,4
509,2289,2
533,1594,1
840,2300,2
840,2863,4
509,2028,1
509,2357,4
533,778,2
533,150,2
505,593,3
505,93,2
587,1454,1
509,974,4
509,593,4
509,2612,4
533,3361,2
510,2094,3
510,1391,1
509,1873,1
509,1185,3
840,750,1
840,1952,1
587,52,4
506,2424,2
506,2393,3
510,2012,3
506,1339,2
510,780,1
506,912,3
510,316,3
510,442,4
505,260,1
840,1204,3
840,1247,4
840,1219,2
509,306,3
509,1208,2
533,3552,4
510,2985,3
510,2105,4
533,866,3
533,2348,3
509,1288,3
509,111,3
506,517,4
506,593,1
840,2080,1
509,318,2
509,296,3
533,1266,1
510,480,2
510,2011,3
508,2406,2
508,592,4
508,3527,1
508,2000,4
508,1220,4
533,3671,4
533,589,1
840,971,2
509,3735,2
509,1225,1
507,1979,1
507,362,2
507,2114,2
507,1233,4
507,908,4
840,899,2
840,903,4
510,1097,2
510,1274,2
533,1220,4
533,2396,2
509,1945,1
508,1240,1
508,1291,3
508,1127,4
508,2985,3
840,908,3
508,1374,2
508,1222,3
508,2288,3
533,448,2
533,1097,2
510,2116,2
510,1127,2
510,1580,1
840,1226,3
509,527,1
509,912,3
507,1617,3
507,1699,2
587,1060,1
533,1923,2
533,1291,4
510,1205,3
510,2916,1
509,2488,1
508,1200,4
508,1198,3
508,1197,4
508,1196,2
508,1218,1
508,3576,3
508,1036,2
509,923,2
533,1997,2
509,1221,4
509,858,2
533,953,1
509,1237,3
840,1284,2
840,1029,1
533,2791,1
533,1249,3
533,1095,4
509,3678,1
840,913,4
840,1282,3
840,596,1
509,2807,2
533,1912,3
533,1387,4
840,953,1
630,1278,4
509,519,3
509,2643,2
840,951,1
630,1073,2
630,1641,1
630,348,3
509,1882,1
509,880,2
509,1373,2
509,405,4
509,2450,2
508,593,4
533,1968,2
508,3591,3
508,527,3
508,2124,3
533,1080,4
533,47,3
630,2395,3
630,232,2
509,1831,3
509,2408,4
533,110,2
508,3246,2
509,611,2
509,2701,1
509,379,2
630,2349,1
630,2997,2
630,1292,3
533,1214,2
533,1252,1
509,185,3
533,1240,1
511,2701,3
509,2986,1
509,327,3
509,435,1
509,2275,3
630,3363,2
630,1,3
533,1222,2
509,2722,3
509,1690,2
511,2763,3
630,2289,2
533,1228,2
533,1136,1
511,3176,2
533,3421,1
509,1917,1
509,196,3
509,3300,3
509,1371,3
630,1304,1
630,34,4
511,314,2
511,2396,4
533,1213,3
533,2997,4
533,1394,1
509,1544,2
509,1037,1
533,111,3
511,2686,1
511,43,3
511,2692,4
533,1200,1
509,674,1
533,260,2
511,2669,2
630,1734,3
533,1089,4
533,1617,4
509,3863,4
509,3698,4
509,1391,4
509,2672,2
840,3462,4
840,936,4
511,968,4
511,1959,4
533,750,3
509,2600,2
509,2393,1
509,442,4
840,940,1
840,1256,3
840,594,2
630,1256,1
630,2858,2
511,2734,2
509,3033,3
509,316,2
509,198,4
533,2894,2
840,3307,3
840,919,4
630,910,1
509,3701,1
509,1375,3
509,3704,4
509,2641,1
511,913,1
840,3022,3
840,1348,2
840,3742,4
840,3629,1
509,1676,4
509,2657,3
509,2407,3
509,2046,1
509,610,3
509,2011,1
509,1527,4
509,1356,2
509,671,2
509,2664,2
509,1573,1
509,2455,1
509,2640,1
509,2116,1
509,1653,3
509,1580,3
509,3527,1
509,1215,1
509,3702,1
509,2916,4
509,1921,1
509,1374,1
630,1059,2
509,1129,4
509,1127,1
509,3471,2
509,1200,1
509,2571,1
509,2010,3
509,589,4
509,32,2
511,2716,2
630,2081,3
509,1240,4
509,750,2
509,924,2
509,1199,4
509,1196,2
511,2336,3
630,1683,2
520,3018,2
509,1126,1
509,2,2
509,3489,4
981,175,4
511,1093,3
511,3543,4
1448,183,2
981,293,3
981,16,2
509,2054,2
509,3438,2
509,60,3
509,3889,4
630,2108,3
981,2391,2
509,2628,1
509,2622,1
509,2021,3
509,2105,4
509,367,4
509,2193,4
981,308,4
630,1265,1
630,1094,4
520,1094,1
981,2791,1
509,2140,3
630,1277,1
509,2797,3
509,2100,4
509,3479,2
509,2005,4
981,1517,1
981,1073,3
981,1673,4
981,1188,2
511,2147,3
981,3160,4
630,3612,1
630,1947,4
630,902,3
630,265,1
630,916,1
509,2968,3
509,1073,1
509,2174,4
509,260,2
509,1097,2
509,247,2
509,2138,4
511,2997,3
511,2710,3
630,2396,4
509,707,2
509,1601,1
511,2683,4
520,2109,4
509,2987,2
520,3204,2
520,1518,3
520,163,2
509,541,1
509,3435,2
520,3147,1
520,1834,2
509,1748,2
520,2391,3
509,500,3
509,2683,1
509,305,2
509,2978,3
981,3504,4
520,1407,1
520,457,3
520,293,2
520,1269,3
1448,1650,4
1448,36,4
981,665,3
509,1513,2
981,3740,1
509,333,2
509,410,1
981,1259,2
520,2542,4
509,252,4
509,466,3
509,818,3
1448,297,4
509,2012,4
981,1293,4
520,1249,1
520,1240,2
509,1753,4
509,2913,1
509,539,1
509,1020,3
981,1274,4
981,1261,4
509,3263,1
509,1711,4
510,1676,4
510,2529,1
510,3175,1
510,1396,3
509,3254,3
509,2572,1
509,1895,2
509,2699,4
520,1214,2
520,1267,2
509,1377,1
509,3869,3
509,372,1
509,784,1
510,3793,3
509,3264,1
510,1206,4
510,2571,4
510,924,1
509,3450,2
510,589,3
509,1441,4
510,3471,4
510,32,1
509,587,2
509,2806,3
509,1966,4
509,1642,3
509,788,3
509,468,1
520,1562,4
520,1377,1
520,153,3
520,592,3
509,2496,2
509,2586,2
510,2701,3
510,1805,3
510,1582,4
509,70,2
509,380,4
509,597,3
509,1777,1
509,450,4
509,2060,3
510,2762,2
509,1918,4
509,357,1
509,2124,3
509,144,2
509,2436,1
510,1215,4
981,1206,3
981,247,1
510,2716,1
520,861,3
520,2291,3
981,1945,1
509,2718,2
509,1875,3
510,2918,3
510,1968,3
981,1244,1
510,1270,4
509,104,2
981,1077,3
510,1307,4
510,1517,1
981,3760,2
981,2788,1
509,231,1
509,68,4
981,663,2
981,1299,3
520,2289,1
520,1265,4
981,2186,3
981,1207,4
509,2282,3
981,3819,3
509,2836,3
981,908,4
981,924,3
981,1233,1
1448,1696,4
509,551,2
509,2770,2
509,141,1
509,2539,1
981,1199,2
981,1240,1
511,3072,3
511,3470,4
520,3006,4
981,912,4
509,2502,1
512,350,2
512,2311,1
512,648,3
520,1089,3
509,3052,4
509,2589,3
509,1923,2
981,541,3
981,1213,4
511,1579,2
511,3424,2
509,3809,2
981,1262,2
981,923,2
520,1213,1
509,348,1
509,2883,3
981,2019,4
510,1265,3
510,2108,2
981,1208,2
510,2804,1
511,750,1
509,52,1
511,3639,2
509,2355,1
509,1517,3
509,39,4
512,2414,1
512,517,3
512,1597,3
512,1909,4
520,296,1
520,50,3
520,1617,4
510,1080,4
510,3868,2
510,3396,3
509,471,3
509,1885,3
509,543,2
510,2700,4
510,1197,1
1448,456,4
509,2700,4
509,2542,1
513,3421,4
509,2759,3
509,2359,1
509,3114,4
510,497,3
509,3108,2
509,2599,3
509,2321,3
509,223,4
512,3176,4
512,3044,3
512,1711,3
512,1459,2
512,2184,1
512,1892,4
512,931,2
509,34,1
509,2997,2
509,1060,1
510,1681,3
510,44,2
509,3046,2
520,2987,2
520,2701,1
520,3793,2
509,101,4
509,1265,2
509,1,3
510,1373,1
510,1375,1
510,1372,2
510,1356,3
510,329,2
510,2393,4
510,1376,1
510,1374,3
510,1371,2
509,1916,4
509,2324,3
509,2396,4
512,1625,1
520,2961,1
520,3176,1
520,2840,2
510,1196,3
520,3081,4
509,1464,2
520,2395,4
520,2396,3
520,314,2
520,2762,2
510,1210,2
513,1693,1
510,260,3
510,2628,4
509,1617,2
509,1388,4
509,2730,1
512,2749,4
512,3386,2
512,924,3
516,2194,3
516,1909,2
509,1193,3
513,2793,1
513,1321,1
520,2598,2
513,11,4
510,110,1
510,2720,3
510,2687,1
509,3186,1
509,1210,3
513,2706,4
513,2858,4
513,3214,1
510,2060,3
516,330,2
520,3219,1
510,3072,3
510,2109,3
512,903,1
516,539,3
516,3513,2
516,2144,1
520,2723,3
520,2734,4
512,1617,2
512,904,3
512,2467,4
513,1225,1
510,709,1
516,3508,4
516,1873,3
1448,767,1
520,2720,3
520,2761,2
513,3250,3
513,1200,4
513,1320,3
513,3701,1
513,1690,3
512,3755,3
520,2719,4
520,2333,1
520,3175,1
512,3593,1
516,3671,1
520,3238,3
520,3115,2
520,2959,1
512,3623,3
512,3889,3
512,3316,4
520,2336,2
520,3113,1
516,3178,2
520,2369,2
520,2881,2
5972,3114,3
512,3555,3
512,3300,1
512,3578,3
512,3753,4
520,223,1
520,3203,2
516,593,1
520,3005,2
520,2770,1
520,2976,4
520,2997,4
516,111,2
520,2683,2
520,2707,1
520,3179,1
516,908,4
520,2826,3
520,2706,4
520,1127,3
516,364,1
520,3555,3
520,3755,1
5972,804,3
516,950,4
520,3160,4
5972,3,4
516,3448,2
5972,266,2
516,902,1
512,257,1
512,908,3
512,3015,2
5972,661,1
513,588,2
516,2643,3
516,2642,3
516,2641,4
516,2640,4
5972,3555,1
5972,480,1
5972,3753,4
520,1295,2
513,1608,2
513,3841,1
513,413,4
513,2520,2
513,2791,3
513,2522,2
513,2792,2
5972,2948,4
5972,524,4
520,1947,1
520,2348,4
520,2114,2
512,3052,2
512,1270,1
512,322,2
5972,1673,1
5972,3481,2
516,2664,4
516,780,2
513,3710,4
513,2124,1
513,37,4
513,2133,3
513,3070,4
516,2367,2
516,2366,2
520,3260,1
520,2450,3
513,344,3
513,19,3
513,1127,3
516,3341,2
520,1673,2
513,924,1
513,2311,4
513,1203,4
516,920,4
513,2072,4
516,1727,2
513,3863,2
516,1266,4
514,2019,1
514,1198,2
517,2794,2
517,1410,4
514,2912,1
514,3508,4
514,1089,1
514,593,2
514,1197,1
514,1617,1
514,608,1
516,594,1
516,1237,3
516,2263,2
513,3916,1
517,3408,2
517,1183,3
517,468,1
514,1214,2
516,47,4
516,1619,2
517,3125,3
514,1196,4
514,720,3
517,838,4
517,1196,2
517,2336,3
517,2599,2
513,1221,2
513,1784,3
513,2088,1
514,260,3
517,2291,3
517,235,1
514,318,4
514,2361,2
513,1193,2
513,2078,4
517,1097,3
517,3436,4
517,2567,2
514,3030,1
514,50,3
517,3901,1
514,29,2
517,1119,1
516,318,2
2106,485,3
517,1126,3
517,3019,3
517,1962,4
517,3324,4
514,2905,1
516,2803,2
514,2987,3
516,805,3
517,1466,4
517,224,2
514,3114,1
517,2135,4
517,3424,3
516,454,3
2106,564,3
514,2700,1
514,3176,1
514,2841,2
516,1610,3
517,1088,3
514,3273,2
514,2396,3
514,3081,2
514,2762,2
514,314,1
517,2616,4
517,1645,3
517,1488,3
514,2692,4
514,2686,3
514,1513,4
517,2369,2
517,442,4
514,24,1
514,2490,3
517,1246,2
514,3174,3
517,36,4
517,440,4
514,785,4
517,31,4
517,2020,2
517,590,1
514,2580,2
514,3175,1
517,2042,4
517,1005,1
517,3270,3
515,509,4
514,2712,1
514,233,2
514,2959,3
516,3793,4
516,2987,1
517,2541,4
515,2700,2
515,1913,4
515,1094,4
515,2065,4
515,1073,1
516,2070,2
516,2763,3
516,3114,4
517,2470,2
515,3418,2
517,2738,1
517,3900,3
515,800,4
515,3203,1
515,1788,2
515,3361,3
515,2348,1
516,2840,1
516,3176,1
516,3384,3
517,647,2
515,535,2
515,1186,3
517,437,3
517,351,2
517,3110,1
515,665,1
516,2762,1
516,3081,4
516,2724,2
516,2396,1
517,2583,1
515,3868,1
515,2571,2
515,390,4
515,150,1
515,1270,1
515,1834,2
515,1678,3
515,1610,4
517,2040,3
516,2670,3
516,2686,4
515,1079,2
515,3424,1
517,2474,1
517,3060,4
515,2391,1
515,36,3
516,2669,2
516,2013,4
515,1537,3
517,2739,2
517,2407,4
515,3169,4
516,3753,1
516,2490,2
516,1959,2
516,968,3
517,223,1
515,953,1
515,1277,2
517,1835,4
515,2243,4
515,1305,3
515,337,1
517,222,4
517,432,2
516,3623,2
516,2734,4
517,3148,4
517,2804,2
517,1022,3
517,2423,2
514,223,3
516,2526,4
516,3053,1
517,2312,1
514,2908,3
514,2355,3
514,2770,2
515,21,4
515,1147,2
517,1639,2
515,300,4
515,1955,1
515,1179,1
515,1437,1
514,2997,4
514,2710,2
516,2676,1
517,3428,3
515,549,3
515,3067,2
515,1265,1
514,2683,4
517,3594,4
515,2716,3
515,32,4
514,2572,1
514,2858,1
515,1896,4
517,971,4
517,912,1
517,16,3
515,2859,3
515,2396,3
517,1345,1
515,1285,4
515,715,2
516,2856,2
517,3552,2
515,3608,4
515,3006,4
515,3676,2
515,3266,1
515,2395,2
515,3019,1
515,1251,3
517,1883,4
517,348,1
517,2355,1
515,965,2
515,1704,3
515,1200,1
516,2688,1
516,3578,2
516,2716,4
515,2929,4
515,2289,2
514,2581,1
514,3471,3
514,1210,3
514,3024,4
517,2243,3
517,2736,4
517,3882,3
515,2830,1
517,105,2
514,2335,1
516,2712,1
515,1296,3
517,1354,4
517,902,3
517,1968,1
514,2613,3
514,1518,1
514,2375,2
515,1208,3
515,1222,4
515,1288,4
515,1273,4
516,2605,3
516,2336,3
516,3113,4
516,2434,2
516,3408,4
515,2248,3
515,1256,4
515,3911,2
515,1150,1
515,446,4
515,1293,4
515,3000,2
515,1362,1
515,1953,2
515,2762,2
516,2881,1
516,1911,3
516,3543,2
515,213,2
517,585,2
517,218,3
517,2453,3
515,1198,3
515,1358,1
515,1176,2
516,2433,2
516,2147,2
515,541,3
515,3083,1
517,3257,4
517,1673,1
515,924,2
515,1080,4
516,3005,4
516,2770,1
517,1220,1
515,2997,3
517,2950,3
517,425,1
515,1931,1
515,1952,2
515,1136,3
515,3783,1
515,1233,2
515,1304,2
515,2677,1
515,1292,2
517,3671,3
515,1266,2
515,1219,3
515,2599,2
515,1202,4
515,265,4
515,1199,3
516,3516,4
516,2975,1
517,141,1
515,910,2
515,1197,1
515,1243,3
515,1234,4
515,2064,2
517,1732,1
515,1247,4
516,3155,2
516,2699,1
516,3179,3
517,2797,3
517,2352,3
515,527,2
515,904,4
515,1354,2
516,3534,1
516,2858,1
516,1127,4
517,3911,1
517,1257,3
515,3683,1
515,3735,1
515,3819,3
515,1196,3
515,1294,1
515,3811,3
517,3672,3
517,1441,2
515,1617,4
515,50,3
515,296,3
515,593,1
515,1267,3
517,2174,2
515,1394,1
515,290,4
515,912,3
515,1250,2
515,1214,3
515,750,4
515,306,4
515,1228,1
517,1031,2
517,595,1
517,94,2
517,74,4
515,1169,2
515,1260,2
517,1453,4
515,608,1
515,1252,3
515,1148,3
517,592,2
517,1562,4
517,1377,3
517,153,2
515,318,4
515,111,4
515,858,4
517,147,1
517,1092,3
517,2870,3
517,2012,3
517,1270,4
517,3401,4
517,2011,2
517,2017,1
517,3105,3
517,2683,3
517,1517,4
516,3930,1
516,3921,3
516,3928,3
516,3927,4
516,3926,4
516,3922,3
516,3923,1
516,3924,2
517,3524,1
517,1269,1
515,268,3
515,3755,2
517,1007,2
516,3936,4
517,909,3
515,2657,2
515,144,3
515,1580,1
517,1230,4
515,1035,1
515,2455,4
515,1965,3
515,3793,4
517,577,1
517,85,1
515,1171,2
515,3289,3
517,1688,4
515,1673,4
515,3481,3
517,900,4
517,2141,3
515,2791,3
515,589,3
515,1259,4
515,1248,4
517,2858,1
517,3007,2
515,1249,3
515,3538,3
515,908,4
517,1225,1
517,3897,4
517,2123,4
517,2971,3
515,678,1
515,1103,1
515,480,3
517,1032,1
515,2145,2
515,1193,4
517,808,3
517,588,1
517,1064,4
517,3841,1
517,1608,4
517,2792,4
517,2791,1
517,3251,2
517,1733,3
517,412,2
517,932,4
517,345,4
517,1541,1
517,2133,4
517,2124,4
516,913,1
516,849,4
516,353,2
517,2262,3
517,19,2
517,2015,2
517,344,1
517,1503,4
517,408,3
516,1193,4
516,1344,2
517,924,3
517,1367,3
517,779,2
517,2085,3
588,68,2
588,1172,3
588,1281,2
588,3362,4
588,2396,3
517,3260,3
517,1021,4
517,110,1
517,2045,4
517,1198,3
588,2064,2
588,1292,1
519,3799,3
519,3820,4
519,3286,4
519,3565,3
519,3534,3
519,3512,2
519,3160,3
519,2539,2
519,1688,3
519,2858,2
519,3363,2
519,2706,4
519,1225,4
519,631,3
519,2123,3
519,1927,2
518,3915,2
519,1032,4
519,1064,2
519,588,3
518,3948,4
519,1608,4
519,2791,2
519,1592,4
519,3754,4
519,932,4
519,2886,3
519,1541,4
519,2262,1
519,2085,3
519,1367,1
518,2028,1
518,1353,2
519,3594,4
519,3751,3
518,3160,1
518,2953,4
518,928,3
519,1302,1
519,1721,4
519,912,4
519,1221,1
519,356,4
520,3355,3
520,3785,2
520,3623,1
520,3300,4
520,3753,2
520,3893,4
520,3624,3
520,3481,3
520,3751,4
520,2724,1
520,2692,4
520,3100,1
520,541,3
520,2528,4
520,2028,3
520,2272,4
520,34,3
520,608,3
520,2858,4
520,593,4
520,318,4
520,527,4
520,3409,2
520,3578,1
520,3512,4
520,908,3
520,2132,2
520,2889,1
520,2461,4
520,2006,4
520,1193,3
521,2871,4
521,924,2
521,373,1
521,2202,3
521,933,4
521,1036,1
521,3334,2
521,908,1
521,3634,3
521,1219,4
521,1953,2
521,903,1
521,593,4
521,1617,3
521,2762,2
521,1252,2
521,50,4
521,1267,4
521,2012,3
521,368,3
521,2401,3
521,2921,4
521,590,4
521,2922,3
521,3508,4
521,2896,4
521,1283,1
521,3871,2
521,3681,1
521,1201,3
521,2951,3
521,3467,1
521,1266,3
521,3148,1
521,3926,1
521,3930,3
521,1210,3
521,1835,3
521,95,3
521,2082,2
521,597,1
522,780,1
522,2393,1
522,2011,4
522,2105,4
522,2641,2
522,426,4
522,1909,1
522,198,3
522,316,1
522,3704,1
522,3269,2
522,3033,3
522,3638,3
522,2985,2
522,3175,3
522,1580,4
522,1527,1
522,2455,3
522,3527,3
522,1748,3
522,3699,2
522,2640,4
522,1396,3
522,3702,3
522,2916,2
522,3793,1
522,1270,4
522,1097,1
522,480,2
522,541,2
522,924,2
522,3471,3
522,3654,1
522,3703,4
522,1197,1
522,1240,2
522,1214,2
522,457,3
522,1610,4
522,1291,1
522,1036,2
522,1200,4
522,2571,1
522,110,2
522,1196,1
522,1198,4
522,260,1
522,2028,4
522,1920,3
522,3489,2
522,317,1
522,653,2
522,2628,1
522,3249,3
522,2378,3
522,829,4
522,1210,1
522,1007,4
523,1127,3
523,3527,1
523,3740,1
523,2001,4
523,2640,3
523,2916,3
523,1129,4
523,1580,4
523,480,2
523,3404,1
523,2951,3
523,2993,3
523,2058,1
523,3639,1
523,1201,1
523,3763,2
523,2288,4
523,2000,2
523,3578,1
523,2948,1
523,2662,2
523,2529,4
523,592,2
523,940,2
523,3418,3
523,1222,4
523,1374,4
523,1610,1
523,2947,4
523,2872,1
523,1210,2
523,110,1
523,1036,1
523,457,3
523,2571,1
523,6,3
523,1242,1
523,1387,4
523,1196,1
523,1198,2
523,1214,4
523,1953,4
523,2028,3
523,260,2
523,3683,2
523,3435,1
523,2186,1
523,1617,4
523,1267,4
523,1252,2
523,1784,1
523,3671,2
523,357,1
523,2080,4
523,1278,2
523,909,1
523,1517,2
523,3751,4
523,3396,2
523,2174,2
523,1073,1
523,3037,4
523,1948,1
523,3421,3
523,1234,1
523,3617,2
523,1080,1
523,911,2
523,1079,4
523,3868,3
523,1136,2
523,3072,2
523,3210,3
523,1294,4
523,2716,1
523,2289,4
523,2858,2
523,3462,4
523,3363,4
523,1270,3
523,1307,3
523,1304,3
523,551,4
523,2396,1
523,1394,3
523,1276,4
523,1,4
523,2300,1
523,910,3
523,2936,1
523,34,1
523,3307,1
523,1148,3
523,3036,3
523,3366,3
523,1968,3
523,858,2
523,308,2
523,527,2
523,2791,1
770,1739,1
770,2568,4
770,1556,2
770,2643,4
770,546,1
770,1499,1
770,694,1
770,2153,4
770,502,2
770,2701,2
770,1562,3
770,393,1
770,2322,3
770,160,3
770,2468,2
770,20,4
770,9,3
770,379,3
770,172,2
770,315,4
770,2253,1
770,3113,1
770,1591,1
770,2421,2
770,1599,4
770,44,4
770,1037,4
770,173,4
770,849,4
770,423,2
770,42,2
770,1831,2
770,2126,4
770,786,2
770,1479,1
770,466,3
770,459,4
770,3717,3
770,2405,2
770,1917,1
770,2616,3
770,996,2
770,2986,1
770,1687,2
770,1371,4
770,2373,2
770,544,3
770,208,1
770,748,4
770,1754,1
770,511,3
770,3697,4
770,170,1
770,494,4
770,736,2
770,89,2
770,2334,2
770,1573,2
770,3418,4
770,2411,1
770,2410,1
770,2412,4
770,95,1
770,2409,4
770,2723,1
770,3020,2
770,1597,2
770,112,2
770,2273,1
770,303,1
770,1552,1
770,442,1
770,3764,4
770,434,2
770,71,2
770,288,3
770,464,3
770,3638,1
770,165,1
770,2826,4
770,2105,4
770,2641,3
770,3698,3
770,1587,3
770,2094,4
770,2376,1
770,2006,2
770,353,4
770,780,1
770,1205,1
770,292,2
770,2167,4
770,1606,4
770,3274,4
770,10,3
770,316,4
770,1375,1
770,2628,4
770,2193,3
770,2989,1
770,198,4
770,2617,1
770,2490,1
770,3755,2
770,2990,4
770,1527,3
770,3704,1
770,163,2
770,1676,2
770,1722,1
770,2991,1
770,377,3
770,2058,1
770,733,4
770,2406,3
770,2353,2
770,3107,3
770,3639,2
770,1608,2
770,610,2
770,145,4
770,2640,4
770,2985,3
770,3256,2
770,2115,1
770,1370,2
770,2763,4
770,1372,1
770,349,1
770,3633,3
770,1376,4
770,592,3
770,3702,3
770,3763,3
770,2000,3
770,2662,2
770,3527,4
770,1374,4
770,2288,3
770,1954,3
770,2529,2
770,1127,3
770,1201,4
770,3703,2
770,1240,2
770,1222,1
770,1036,4
770,2799,4
770,2382,3
770,1381,2
770,619,3
770,3774,2
770,93,4
770,2383,2
770,1887,1
770,3268,4
770,3042,4
770,437,2
770,2798,4
770,3690,4
770,438,2
770,327,1
770,1839,1
770,2381,3
770,3689,2
770,2379,3
770,2265,2
770,2380,4
770,1445,1
770,3821,1
770,688,2
770,2458,1
770,374,2
770,2053,1
770,65,2
770,433,2
770,3841,4
770,470,3
770,419,2
770,2088,1
770,2953,4
770,2724,1
770,1702,2
770,1863,3
770,174,2
770,420,3
770,833,2
770,3773,1
770,3669,2
770,1359,4
770,2036,4
770,157,1
770,1126,3
770,3177,4
770,153,4
770,234,1
770,429,3
770,355,1
770,710,2
770,186,3
770,2296,1
770,276,1
770,473,4
770,1468,3
770,2142,4
770,520,4
770,370,3
770,2473,1
770,3388,2
770,1894,3
770,1665,2
770,542,2
770,2786,3
770,1888,4
770,1391,3
770,485,1
770,2478,4
770,2163,4
770,413,2
770,2027,2
770,3710,1
770,2907,4
770,1064,1
770,107,2
770,445,3
770,2717,1
770,1461,1
770,2796,1
770,2249,3
770,3208,4
770,3247,3
770,2805,2
770,532,1
770,1367,3
770,673,4
770,2387,1
770,3865,4
770,2002,4
770,3258,1
770,2004,4
770,2794,4
770,516,4
770,2052,1
770,564,2
770,518,1
770,2372,3
770,2772,3
770,586,3
770,2014,3
770,3243,2
770,719,2
770,3399,3
770,2597,3
770,1689,3
770,1513,3
770,248,2
770,1016,4
770,351,3
770,788,4
770,2375,2
770,1405,1
770,1380,4
770,3477,3
770,2469,1
770,612,2
770,3688,2
770,2110,1
770,3614,4
770,1566,4
770,3308,3
770,2040,2
770,2457,3
770,2141,3
770,2747,3
770,2080,3
770,3785,1
770,2416,3
770,1569,3
770,2134,3
770,3525,3
770,901,4
770,2001,4
770,2111,4
770,3157,4
770,1018,2
770,2407,1
770,2746,2
770,2081,4
770,3591,4
770,3087,2
770,915,1
770,357,1
770,3040,1
770,2247,1
770,2371,4
770,2015,2
770,367,2
770,2321,1
770,3397,2
770,2144,3
770,3536,4
770,3552,1
770,3526,4
770,2150,4
770,2145,1
770,3448,1
770,1073,3
770,3398,4
770,3039,3
770,3210,2
770,1028,4
770,2395,2
770,3868,4
770,2109,1
770,3617,2
770,2883,3
770,2423,3
770,3836,4
770,2463,3
770,2102,2
770,3363,3
770,1297,2
770,235,4
770,1257,2
770,1307,2
770,3671,2
770,1080,3
770,3361,3
770,2716,1
770,916,3
770,2248,2
770,910,1
770,2366,3
770,2710,2
770,2450,3
770,2082,3
770,356,4
770,2714,4
770,1396,3
770,342,3
770,590,4
770,2108,3
770,364,2
770,6,3
770,2278,4
770,1653,3
770,151,1
770,3052,1
770,3271,1
770,1625,2
770,2391,3
770,2359,3
770,1343,4
770,1407,2
770,474,4
770,1408,2
770,16,4
770,300,2
770,34,3
770,2268,2
770,2542,1
770,3499,3
770,161,3
770,2761,2
770,2329,2
770,628,3
770,1393,2
770,32,3
770,457,2
770,1610,2
770,2890,4
770,1704,1
770,2028,2
770,2571,1
770,2580,3
1778,2167,4
1778,2193,3
1778,44,4
1778,510,3
1778,528,2
1778,2432,1
1778,282,3
1778,201,2
1778,424,1
1778,3723,3
1778,647,2
1778,215,4
1778,150,3
1778,1760,1
1778,1707,3
1778,2799,1
1778,65,1
1778,810,2
1778,374,3
1778,2036,1
1778,1474,4
1778,174,2
1778,505,1
1778,2798,2
1778,19,1
1778,673,3
1778,413,3
1778,88,1
1778,387,2
1778,135,2
1778,289,4
1778,2431,3
1778,2735,2
1778,3258,4
524,19,4
524,2798,1
524,3043,1
524,487,1
524,880,1
524,71,2
524,2701,3
524,694,4
524,433,1
524,419,4
524,177,1
524,1427,1
524,1499,1
524,92,3
524,537,4
524,438,2
524,1760,2
524,3113,4
524,1114,1
524,990,2
524,2808,3
524,1382,1
524,407,2
524,3893,2
524,3952,4
524,3949,2
524,204,4
524,2898,1
524,886,2
524,1501,4
524,2586,2
524,1769,4
524,193,2
524,160,1
524,432,1
524,724,3
524,2253,4
524,88,3
524,355,3
524,3835,1
524,455,3
524,1468,2
524,1523,4
524,63,1
524,519,1
524,3013,2
524,240,2
524,360,2
524,2306,1
524,1590,4
524,3802,3
524,1591,1
524,173,3
524,2713,2
524,3629,1
524,3022,2
524,737,1
524,3705,4
524,15,1
524,315,3
524,1342,3
524,234,3
524,44,4
524,312,3
524,157,3
524,813,2
524,172,2
524,504,4
524,640,3
524,473,2
524,65,1
524,505,1
524,2322,2
524,919,2
524,594,3
524,920,4
524,1973,4
524,2504,1
524,79,4
524,1100,3
524,905,4
524,3307,3
524,2844,4
524,216,3
524,540,1
524,463,2
524,20,2
524,3489,1
524,2822,3
524,423,3
524,420,2
524,273,3
524,23,1
524,379,3
524,207,4
524,849,1
524,596,2
524,2722,4
524,9,4
524,479,1
524,2335,4
524,370,4
524,1609,4
524,42,2
524,81,4
524,1269,1
1710,2624,1
524,1677,4
524,195,3
524,953,1
524,912,2
1710,180,4
524,2431,2
524,782,3
524,762,2
524,18,2
524,103,1
524,2505,2
524,196,2
524,1167,1
524,445,1
524,923,1
524,913,4
524,1212,4
524,1126,4
524,276,1
524,2694,4
524,542,2
524,224,3
524,2976,2
524,413,4
524,1754,2
524,416,1
524,135,4
524,168,1
524,586,1
524,1831,2
524,761,4
524,2875,4
524,185,1
524,1917,4
524,1918,4
524,2605,2
524,550,4
524,257,4
524,674,2
524,1816,1
524,1655,3
524,415,3
524,2560,2
524,1544,3
524,2764,1
524,1035,4
524,911,1
524,1432,1
524,2126,2
524,2320,3
524,2597,3
524,2285,4
524,1888,2
524,170,2
524,466,4
524,736,3
524,786,2
524,902,3
1710,3213,4
1710,592,4
524,3075,4
524,2944,1
524,2732,1
524,210,1
524,2002,1
524,435,2
524,1627,3
524,1385,4
524,1333,3
524,599,1
524,1947,1
524,1717,2
524,3272,2
524,2683,2
524,305,3
524,158,3
524,61,1
524,390,3
524,2947,2
524,2857,4
524,1438,4
524,3173,4
524,1352,2
524,784,4
524,528,3
524,548,1
524,436,2
524,2273,2
524,1586,1
524,2986,4
524,1593,4
524,1084,4
524,1201,4
524,1950,1
524,3627,1
524,3030,4
524,1304,2
524,1952,2
524,750,3
524,1247,4
524,1191,4
524,3247,4
524,1207,3
524,1204,2
524,3468,3
524,2617,3
524,3257,3
524,544,2
524,1422,3
524,2429,2
524,748,1
524,1866,2
524,208,2
524,1531,4
524,3557,3
524,842,2
524,140,4
524,1614,1
524,879,3
524,3219,2
524,1690,4
524,1366,4
524,836,2
524,1946,1
524,3208,4
524,328,4
524,1791,3
524,89,4
524,1103,1
524,637,2
524,1687,2
524,998,3
524,376,2
524,915,3
524,344,3
524,1616,2
524,5,3
524,1086,4
524,165,2
524,1515,2
524,482,1
524,434,1
524,1483,4
524,3053,1
524,1552,3
524,2731,2
524,2726,2
524,1604,3
524,2446,4
524,788,1
524,464,1
524,3341,3
524,899,1
524,353,1
524,569,3
524,1250,3
524,1178,3
524,908,2
524,719,2
524,1603,3
524,2699,2
524,1792,3
524,24,2
524,802,4
524,904,3
524,926,2
524,903,3
524,2019,3
524,1945,3
524,3,1
524,2356,4
524,459,2
524,2881,3
524,266,4
524,1004,3
524,3869,1
524,442,2
524,2616,4
524,1488,1
524,3697,4
524,742,2
524,2558,1
524,3401,4
524,3041,4
524,3042,1
524,316,2
524,1513,1
524,3765,4
524,809,1
524,3689,1
524,1615,2
524,2688,2
524,1405,3
524,3477,3
524,1858,1
524,2723,1
524,1972,3
524,1409,2
524,731,3
524,1970,2
524,1597,3
524,1457,2
524,2422,1
524,532,2
524,3764,2
524,31,3
524,3254,4
524,382,4
524,521,4
524,2450,4
524,1975,2
524,3686,4
524,2778,1
524,605,3
524,494,3
524,1479,3
524,7,3
524,1390,2
524,303,1
524,2710,2
524,288,4
524,780,2
524,387,1
524,3249,2
524,2803,2
524,1971,3
524,1991,1
524,1969,3
524,1377,2
524,422,2
524,69,1
524,1711,2
524,3388,3
524,1091,1
524,1735,3
524,3145,4
524,648,1
524,3264,2
524,2471,1
524,3805,1
524,2475,3
524,2702,3
524,1092,3
524,1330,3
524,2072,2
524,2421,1
524,2088,1
524,64,2
524,1619,1
524,1701,4
524,3387,1
524,2023,3
524,653,2
524,57,1
524,378,2
524,2232,3
524,522,2
524,361,4
524,2735,1
524,2478,2
524,2413,1
524,725,4
524,3450,3
524,3707,3
524,3274,4
524,410,4
524,1088,4
524,2717,2
524,2373,4
524,86,1
524,354,3
524,1835,1
524,2628,3
524,1049,2
524,282,3
524,3444,2
524,2787,2
524,3698,3
524,2012,1
524,231,4
524,1101,1
524,3033,2
524,2133,3
524,2094,3
524,367,1
524,852,3
524,500,4
524,175,2
524,2369,4
524,1527,4
524,2850,2
524,2770,4
524,426,1
524,3087,1
524,2148,3
524,339,3
524,1573,1
524,999,4
524,2134,3
524,1378,2
524,2105,1
524,708,2
524,1027,3
524,1518,3
524,2331,2
524,227,2
524,1347,2
524,3478,3
524,1346,4
524,2470,1
524,543,3
524,371,1
524,1676,3
524,2193,2
524,35,3
524,230,4
524,1689,4
524,2252,2
524,2062,4
524,3693,1
524,1441,1
524,1810,4
524,1722,2
524,481,2
524,785,3
524,3480,2
524,2005,4
524,2469,2
524,2414,4
524,832,2
524,1057,4
524,2551,3
524,1173,3
524,2420,2
524,3107,3
524,1485,1
524,237,3
524,2115,1
524,2406,1
524,2100,3
524,3552,2
524,3150,4
524,2793,2
524,2165,4
524,454,3
524,2145,3
524,2245,4
524,2797,1
524,1809,4
524,259,3
524,465,2
524,1093,4
524,2407,1
524,2518,1
524,2011,1
524,991,4
524,2120,1
524,3614,3
524,2349,1
524,380,1
524,1472,4
524,2746,3
524,14,2
524,1799,3
524,766,2
524,647,1
524,492,2
550,381,3
524,1401,3
524,218,2
524,1892,2
550,509,3
550,94,3
524,2988,3
524,1909,2
524,1600,1
524,2353,2
550,1660,1
524,3527,4
524,1302,4
524,1285,4
524,1129,2
524,3448,4
524,3397,1
524,1298,2
524,2144,3
550,62,3
550,3246,2
550,2433,1
550,3813,3
550,249,4
550,1672,3
524,3252,3
524,2140,2
524,2161,2
524,3740,1
524,2243,3
524,1580,3
524,3723,4
524,280,2
524,2294,2
550,2988,3
524,3505,1
524,3169,2
524,3398,3
524,3526,1
550,2398,1
550,1124,2
550,778,3
550,281,4
550,1365,4
550,458,1
550,1673,1
524,2583,3
524,3071,1
524,1965,1
524,1962,1
524,3360,1
524,1961,2
550,650,1
550,1678,1
550,1099,4
550,953,2
550,2022,1
550,2132,4
524,2826,2
524,1884,3
524,805,1
524,1464,3
524,2929,4
524,1968,3
524,2076,2
524,1079,3
550,2745,3
550,3163,2
524,2334,2
524,145,3
524,1120,3
524,490,4
524,358,3
524,1051,1
524,1097,3
524,1127,1
524,1663,2
524,1246,2
524,1674,1
524,3502,2
550,1357,1
524,2502,3
524,3186,1
550,1302,2
550,3296,3
524,3125,3
550,1721,1
550,2943,1
550,3260,1
550,300,2
550,3347,1
550,1246,4
550,3742,1
550,1362,4
550,475,2
524,198,3
524,3020,1
524,700,2
524,2671,4
524,2919,3
524,3608,1
524,3203,4
524,2139,3
550,1941,3
550,1103,3
524,350,3
524,3176,3
524,1047,4
524,1670,2
524,349,1
524,357,2
524,3925,1
550,3071,1
524,1220,4
550,3100,2
524,1608,4
524,1447,1
524,2918,3
524,3868,3
550,154,3
524,1307,1
524,2174,3
524,1958,3
550,3360,2
524,1259,3
524,1210,1
524,3174,4
524,1693,2
550,337,1
550,2125,4
550,1041,1
550,326,2
550,16,2
550,272,1
550,1094,2
524,1242,4
524,1222,2
524,3424,2
524,2020,3
524,58,2
524,2282,4
524,22,3
524,1672,1
524,1339,3
524,2879,1
524,1404,1
550,1186,3
550,2345,1
550,954,4
524,1293,1
524,1288,2
524,3361,4
524,2791,3
524,1183,2
524,3809,3
524,2302,2
524,1459,1
524,1056,1
550,3788,3
550,1012,3
550,1095,1
550,535,4
524,3613,1
524,1200,3
524,1295,3
524,3679,1
524,2064,3
524,1197,2
524,1394,2
524,2248,3
524,1240,1
524,1094,3
524,2596,4
524,441,1
550,529,3
550,1682,2
550,151,1
524,2159,2
524,1414,4
524,477,3
524,2600,1
524,509,4
524,78,3
524,2424,2
524,3703,4
524,2348,3
524,1036,3
524,1090,2
524,1211,1
550,3408,1
550,1542,3
550,3105,3
550,1958,4
550,3359,4
550,2312,3
550,1962,3
550,1131,3
550,2076,3
550,944,4
524,1217,2
524,1199,1
524,2859,1
524,1059,2
524,1896,2
524,2006,3
524,1228,2
524,1300,3
524,2804,1
524,1218,3
524,1196,4
550,1295,3
524,1095,3
524,555,4
524,508,4
524,1198,3
524,1732,1
524,1370,2
524,425,1
524,2707,4
524,2706,1
524,11,1
524,229,3
524,1466,2
550,628,2
550,1961,2
550,2068,2
550,307,4
550,1096,2
550,1935,2
524,2956,4
524,2001,2
524,3763,4
524,2000,1
524,2985,3
524,1003,1
524,2841,2
524,2435,2
524,300,4
524,62,1
524,2425,2
550,1674,3
550,25,2
550,1161,3
550,515,3
550,41,2
550,2067,4
550,1084,2
550,36,4
550,3502,1
524,281,1
524,2280,1
524,3129,4
524,2071,3
524,1916,4
524,2110,1
524,3019,4
524,3104,1
524,2194,1
524,2130,4
524,1227,2
524,2917,1
524,592,3
550,1393,2
524,1508,3
524,431,4
550,1296,1
550,2959,2
550,3093,2
524,112,4
524,1805,4
550,920,4
550,2336,1
550,448,4
550,1955,4
550,2728,4
550,161,2
550,3160,4
550,715,2
550,1950,1
524,377,1
524,475,4
524,1747,3
524,1641,4
524,493,2
524,104,2
550,2972,4
550,495,4
550,215,4
524,1594,4
524,511,2
524,45,4
524,159,1
524,1271,3
550,1185,3
550,334,2
550,1957,2
550,971,4
550,2303,1
550,3654,2
550,3578,2
524,356,2
524,1343,3
524,1480,4
524,1885,2
524,26,4
524,1465,3
550,1952,4
550,994,1
550,1090,1
550,3091,2
550,1263,4
550,2289,3
550,3152,1
550,1956,1
550,17,2
550,1358,1
550,1417,4
550,3546,3
524,574,1
524,1923,1
524,1777,4
524,428,4
524,2058,1
524,342,2
524,514,1
524,861,1
524,47,1
524,268,4
524,1785,1
524,733,1
524,249,1
524,1476,4
524,1034,4
524,3000,4
524,1648,1
524,2268,1
524,1500,4
524,1112,4
550,1293,4
550,3147,1
524,588,4
524,456,3
524,163,2
524,2609,2
550,2890,1
550,2501,3
550,150,3
550,1704,1
550,3011,3
524,590,1
524,2333,1
524,82,3
524,529,4
524,180,4
524,1357,2
524,2883,4
550,800,3
550,1300,1
550,3872,3
550,1231,4
524,1610,1
524,2916,2
524,1660,1
524,440,2
550,1104,4
550,1247,4
550,1960,1
550,908,3
524,1834,3
524,337,2
524,1875,3
524,474,3
550,265,2
550,3678,2
524,1721,3
524,39,3
524,2321,4
550,1411,4
550,1193,2
550,912,2
550,306,1
524,3255,1
524,1729,4
524,348,4
524,322,4
524,1673,1
550,111,4
550,1207,2
550,1250,4
550,2820,3
550,527,4
550,3504,2
550,1419,3
550,1225,3
550,923,2
550,1730,2
550,1354,3
524,2108,3
524,41,4
524,373,3
524,506,1
524,161,4
524,214,1
524,3108,3
524,551,3
524,1682,2
524,194,2
550,593,4
550,2938,3
550,571,3
550,446,4
524,2395,4
524,1584,2
524,3148,3
524,628,1
524,293,1
524,235,1
524,1396,3
524,764,3
524,556,3
524,778,2
524,1784,3
550,444,1
524,1060,4
524,2542,1
524,2599,3
524,3105,1
524,562,1
524,3358,1
524,2912,1
524,21,3
550,19,3
524,215,3
524,1625,4
524,1054,1
524,457,3
524,16,2
550,1731,2
550,2953,1
550,1855,3
524,1639,4
524,3418,3
524,1883,1
524,2908,1
524,151,2
550,472,4
524,3181,3
524,3006,4
524,1449,4
524,3728,1
550,87,1
550,276,4
524,2725,1
524,34,1
524,101,3
550,1702,4
550,432,2
550,355,4
524,3178,3
524,1719,4
524,2427,2
524,1245,2
550,505,3
550,486,4
524,1694,2
524,32,4
524,448,4
524,2580,1
550,499,3
524,3253,4
524,1249,2
524,2291,4
524,3160,2
524,2318,1
550,765,4
524,110,1
524,451,2
524,1845,3
524,3052,2
550,275,4
550,1014,1
550,2088,1
550,1526,4
524,994,1
524,866,1
524,2396,4
524,1699,2
524,720,3
524,2391,3
550,2468,3
550,415,1
550,2582,1
524,2885,2
524,875,4
524,1633,1
524,1358,1
524,6,1
524,223,4
550,2478,1
550,3600,3
550,370,2
524,3386,2
524,1912,1
524,2682,2
524,1050,1
550,2151,2
550,537,1
524,2959,1
524,1,4
550,801,2
550,3719,4
550,520,3
524,3266,2
524,3147,3
524,150,4
524,125,2
524,2289,2
550,637,3
550,518,1
524,2336,2
524,1446,2
524,1511,1
550,144,1
550,2724,2
550,1894,3
550,3,3
524,1265,4
524,2997,3
550,224,3
550,2717,3
550,3208,3
550,289,3
550,3258,3
550,2874,3
524,1392,3
524,1266,3
524,1188,3
524,246,3
524,36,3
524,1213,2
524,2762,2
524,330,4
524,2890,2
524,3271,2
550,305,2
550,450,3
550,2136,3
524,2692,4
524,2571,1
524,800,1
524,190,3
524,2028,1
550,743,2
524,2858,2
524,2329,3
524,2501,1
524,1889,1
524,1546,3
524,1354,2
550,236,1
550,1911,3
524,593,4
524,608,2
524,296,3
524,307,1
524,279,1
524,1233,2
524,3246,4
550,3099,1
550,2249,2
550,468,4
550,3247,4
550,2385,4
550,1409,3
550,830,4
550,2431,3
550,489,1
550,516,4
550,2252,1
550,186,4
524,1176,3
524,29,4
524,1089,4
524,306,4
550,3045,1
550,3869,1
550,1441,2
550,237,1
550,3812,4
550,2418,3
550,1380,3
550,351,1
550,3049,1
550,1020,4
524,247,2
524,745,3
524,1148,1
524,3265,4
524,527,4
524,318,4
550,1701,4
550,2290,4
550,3254,4
550,2539,4
550,1057,4
550,2752,3
550,410,3
550,1541,3
550,1513,2
550,1485,3
550,2245,4
550,3263,3
550,344,2
550,785,4
550,3501,1
550,1010,3
550,372,3
550,339,2
550,837,1
550,2457,4
550,2469,2
550,2171,1
550,3264,3
550,2738,4
550,3500,3
550,562,4
524,1408,3
524,996,4
524,1644,1
524,2262,4
524,485,3
524,2338,3
524,1291,3
524,1836,3
524,1290,4
524,3317,1
550,700,4
550,3614,3
550,3199,3
550,3524,1
550,3809,2
550,231,3
550,838,4
550,2111,3
524,3593,1
524,3190,4
550,141,1
550,2424,1
550,852,2
550,371,1
524,3326,1
550,500,1
550,118,4
550,597,1
550,1550,2
524,3285,3
524,3316,1
550,3087,1
550,380,3
524,3895,3
550,52,3
550,3873,1
524,3238,1
524,3355,2
550,2145,4
550,2302,1
550,2746,3
550,156,1
524,3752,1
524,3354,2
524,3509,3
524,3826,2
550,2349,4
550,471,1
550,705,4
550,2736,3
550,1777,1
524,3273,4
550,799,4
550,1425,1
550,587,4
524,3409,4
524,3721,1
550,2150,2
524,3301,4
524,3863,1
524,3300,4
550,2065,4
524,3623,3
524,3753,4
524,3320,4
524,3717,4
550,3061,1
550,2239,2
550,2795,4
550,3317,2
524,3744,2
524,3189,2
550,1747,2
524,3539,3
524,3510,1
524,3896,1
524,3860,2
550,3210,2
550,45,3
550,2124,3
550,3608,2
550,3526,2
550,2331,3
524,3822,1
524,3755,4
524,3298,4
524,3852,1
550,915,2
550,3448,4
524,3578,3
550,2946,2
550,3363,2
676,2799,2
550,3462,2
550,342,3
550,1966,2
550,911,2
550,3358,4
550,1517,3
524,3624,3
550,1042,4
550,1078,3
524,3408,2
524,3481,1
524,3747,2
524,3897,4
524,3783,4
524,3911,4
524,3751,4
676,2383,3
676,2381,2
550,3133,4
550,2924,3
550,2750,3
1912,2616,2
524,3910,1
524,3626,4
550,1449,3
550,1211,2
550,3076,4
1912,1729,3
1912,1589,1
676,2380,4
1912,1053,1
1912,2268,2
1912,1179,1
676,276,3
524,3430,4
676,203,1
524,716,1
1912,2013,4
524,3445,1
676,2266,2
676,2408,1
676,2379,1
676,3388,1
676,2953,3
1912,117,4
524,3729,4
524,1380,1
676,355,1
676,2072,3
676,3387,4
524,3040,1
524,3304,2
524,3420,1
676,2478,3
676,2471,4
676,2717,3
676,639,4
524,3167,2
676,420,2
676,2004,4
524,3812,1
676,1665,4
676,1021,3
676,1918,3
524,3200,4
676,818,1
676,1091,4
524,3384,4
524,3760,2
524,3099,2
524,2137,1
524,2640,1
524,1913,4
524,2178,3
1912,1597,3
676,1468,2
676,1894,3
676,2792,2
524,3726,2
524,3152,2
524,1078,2
524,1073,3
524,2303,3
676,1405,4
1912,230,2
524,2511,1
524,3702,2
524,3396,3
676,2378,2
676,144,2
676,1772,2
676,2054,3
524,3730,3
524,3362,4
524,1263,2
524,2239,1
524,3471,2
524,1964,2
524,1206,1
524,2819,2
676,3392,3
676,372,4
676,785,4
676,585,4
524,3504,1
524,3741,1
676,3254,4
524,3735,3
524,1077,1
524,1244,1
524,1292,1
524,1419,2
524,1953,3
524,2871,1
524,1294,1
676,2372,1
676,2796,3
676,612,2
524,1208,1
524,3671,4
524,3194,2
524,260,2
524,1230,3
524,1234,3
676,1380,2
524,1193,4
524,1221,3
524,858,3
524,111,3
676,3247,1
676,2012,4
676,2657,2
676,2889,4
676,2124,2
676,2384,1
676,3591,2
3391,3471,1
676,2145,1
676,2134,3
524,3732,2
676,2706,3
3391,3510,1
524,1214,3
524,1982,3
524,1997,3
524,2657,3
676,3033,2
676,500,2
676,2371,1
524,1320,2
524,1645,1
524,2003,2
676,2011,1
676,2080,2
524,366,1
524,3081,3
524,253,1
524,188,1
524,2167,4
676,514,1
524,2867,2
524,3535,2
524,2459,1
524,70,3
524,3676,1
524,2118,4
524,1130,4
524,3785,4
524,799,2
524,735,4
524,3587,1
524,968,4
524,2160,4
524,1321,3
676,2926,2
524,2716,1
524,1345,2
524,3499,3
524,2455,3
524,3576,3
524,1407,3
524,1994,1
524,3018,3
524,1258,1
524,3727,2
524,1215,3
676,3536,1
676,3481,3
524,1241,4
524,1387,1
524,1219,1
524,2488,2
524,1278,2
524,1261,2
524,2288,1
524,164,1
524,1783,3
524,1601,1
524,707,1
524,320,4
676,1974,1
676,2710,4
676,1342,2
524,3706,2
524,1748,2
524,2987,1
524,1179,1
524,1617,1
524,1284,2
524,3683,4
676,70,2
524,1260,2
524,1252,4
524,3435,2
524,541,1
524,1267,1
676,1347,4
676,2617,4
676,2746,2
676,1645,3
524,673,1
524,3243,2
524,3584,3
524,1270,2
524,2022,2
676,1407,2
676,1387,4
550,68,4
550,933,1
550,3868,1
550,3632,2
550,1446,2
676,428,3
550,235,2
676,3751,3
550,3361,4
550,2396,4
550,1172,1
550,467,2
550,3911,3
550,909,4
550,2997,1
1804,3098,3
550,232,1
550,3284,4
550,1136,2
550,3819,4
1804,50,3
550,72,1
550,1238,1
1804,593,1
550,2540,4
550,762,2
550,1647,3
550,2561,3
550,532,3
1804,912,3
1804,1207,2
1804,527,4
550,2605,4
550,3272,2
550,2956,4
550,3529,2
550,1620,4
550,1805,1
550,1061,4
550,1589,2
550,22,1
550,999,3
550,2112,1
550,1729,4
525,2150,1
550,555,1
550,1732,4
550,293,1
550,2511,2
1804,10,2
550,866,1
550,2917,3
550,2268,3
1804,2641,3
525,898,4
525,1244,1
525,909,4
550,290,3
550,1945,2
550,47,2
1804,2916,2
1804,3699,3
1804,1615,2
1804,2640,4
550,608,3
550,3735,2
550,2130,3
550,1953,1
525,3819,1
1804,380,3
1804,592,3
1804,2406,3
1804,1210,2
1804,590,1
550,1213,4
550,296,2
550,1089,1
550,910,4
1804,1291,4
1804,2871,3
1804,1262,2
1804,1204,3
550,3706,2
550,707,4
550,1153,4
550,3334,4
550,1344,4
550,930,2
550,164,1
550,1284,4
550,1179,4
525,1947,1
525,2657,1
525,595,3
1804,589,4
1804,541,2
550,1260,4
550,1617,3
550,3364,4
550,1248,4
550,3435,4
550,1707,3
525,919,3
525,899,3
525,1288,1
525,2863,4
525,2303,1
525,2300,4
525,3545,2
1804,2165,1
550,1474,4
1804,2583,1
550,374,4
550,169,3
1804,1799,2
1804,2890,1
1804,3006,4
525,1304,2
525,2944,4
525,1197,2
1804,2883,4
550,1588,3
550,2098,1
550,2429,4
550,2083,4
550,586,4
1804,648,1
1804,3755,1
1804,507,4
525,1387,4
525,260,4
525,2019,1
525,1221,2
550,2846,1
550,1713,2
550,709,4
550,2095,4
550,1013,1
1804,3178,2
550,1016,3
550,661,1
550,1460,3
550,2097,4
550,2089,3
525,1238,4
550,262,3
550,2059,3
550,1367,2
1804,1404,3
525,2070,4
550,2384,1
550,2137,3
550,531,1
550,2052,2
1804,994,4
1804,2262,4
1804,436,3
550,2800,1
550,551,3
1804,2022,1
550,1595,2
550,2265,3
550,2162,2
550,1359,1
550,2471,3
550,761,2
525,3104,3
525,316,1
525,3101,4
525,1198,2
550,2720,2
550,107,1
550,1605,4
525,858,2
525,1673,1
550,2822,2
550,362,4
550,1587,4
550,2470,4
550,158,3
550,86,2
550,3494,1
550,1566,3
550,2414,1
550,2077,3
550,986,3
550,2013,2
550,2115,2
550,3461,1
550,3755,4
550,2406,3
550,3168,3
550,2430,3
550,590,2
550,592,4
550,952,1
550,1287,1
550,919,4
550,2871,4
550,969,2
550,3470,2
550,1262,2
550,1204,2
550,2970,4
550,1254,3
550,392,3
550,3593,1
550,1750,3
550,880,3
550,3572,1
550,3401,4
550,2827,4
550,2053,3
550,2448,4
550,3934,3
550,519,1
550,3190,4
550,2408,2
550,3354,1
550,3758,1
550,196,3
550,338,2
550,1779,1
550,3826,1
550,748,1
550,1603,1
550,332,4
550,1306,3
550,2232,4
550,3926,1
550,512,3
550,2672,3
550,435,2
550,426,2
550,674,4
550,2034,1
550,24,2
550,2012,1
550,1334,2
550,2667,1
550,3269,3
550,3156,4
550,2454,4
550,3770,2
550,3697,2
550,3745,2
550,3863,2
550,2311,1
550,2657,1
550,968,2
550,76,3
550,198,4
550,2407,4
550,3033,1
550,3927,3
550,1372,2
550,1676,4
550,1909,2
550,2428,1
550,2011,1
550,2287,1
550,2046,1
550,2009,2
550,1965,2
550,3175,3
550,3702,1
550,3793,2
550,1301,4
550,1653,4
550,2553,3
550,1921,2
550,3700,2
550,3699,3
550,1396,4
550,741,3
550,1584,4
550,2010,4
550,1748,3
550,3471,2
550,1253,4
550,924,2
550,32,2
550,1206,1
550,29,4
550,1199,4
550,750,2
550,541,2
550,2092,4
550,631,2
550,1024,2
550,2142,1
550,1030,1
550,3725,1
526,6,3
526,3578,2
526,1408,3
526,3635,4
526,2000,4
526,3519,1
526,2879,3
526,377,1
526,2916,3
526,3153,1
526,474,3
550,1688,3
550,239,2
550,616,3
550,2495,1
550,3615,1
550,313,2
550,1064,4
550,48,4
526,3418,3
526,2948,4
526,2872,4
526,112,1
550,2141,3
550,2033,4
550,3483,1
550,2090,4
550,1033,2
550,2123,2
526,2194,4
526,3406,3
526,1210,2
526,3062,1
526,2288,3
526,1291,2
526,3527,3
550,783,1
550,610,3
550,1029,2
550,1025,3
550,2078,4
550,2085,3
550,2394,2
550,3159,4
550,2099,4
526,2947,2
526,969,1
526,110,3
526,1264,1
526,1912,3
526,3654,3
526,2951,3
526,1215,1
526,3702,1
526,2692,2
526,1222,2
526,2571,1
526,1242,1
526,589,3
526,1201,2
526,1036,1
526,1240,4
526,1200,1
526,3265,3
526,2905,1
526,2366,4
526,2365,2
526,2028,2
526,1218,4
527,2706,3
526,1221,2
526,2019,2
526,858,1
526,260,4
526,1198,1
526,1196,4
527,2858,1
527,2318,1
527,1236,1
550,2116,4
550,1907,1
550,2139,2
550,1032,4
550,596,1
550,2294,3
550,2096,3
550,2018,4
550,2987,3
550,2355,1
550,2687,1
550,364,3
550,2857,3
550,1022,2
550,594,1
527,417,1
526,1968,2
526,1062,1
550,595,2
550,1282,3
550,3213,2
550,720,1
550,1274,4
550,3429,4
527,1594,4
526,1089,1
526,1617,3
550,1289,4
550,549,2
526,2005,4
526,1193,3
550,1050,4
550,1147,3
527,2144,2
527,1270,3
550,162,3
550,2859,2
527,1285,1
527,3210,1
527,2804,2
550,246,3
527,1307,3
527,1172,2
550,839,3
527,2918,4
527,1394,1
550,1556,4
550,2153,1
550,546,3
550,465,3
550,3705,4
550,360,2
550,462,1
527,3067,3
527,3408,2
527,3538,2
527,3897,3
527,3910,1
527,593,2
527,223,4
527,1247,1
527,3186,3
527,1968,1
550,1590,1
3512,2609,4
550,737,3
550,2642,4
550,160,1
550,1499,4
550,2808,4
550,327,1
550,1562,3
550,1882,1
550,1591,3
550,315,3
550,9,2
550,2701,2
550,3316,3
550,3257,1
550,2253,4
550,1752,3
550,44,3
550,3802,4
543,328,3
543,842,4
543,1614,1
543,564,1
543,2378,3
543,1666,2
543,516,2
543,3247,4
543,2561,4
550,849,4
550,173,1
550,172,2
543,31,2
543,158,1
543,140,3
543,1588,3
550,1373,1
550,153,4
543,547,3
550,168,4
550,533,4
550,379,3
550,2367,3
550,836,1
550,1100,1
550,798,2
543,2735,1
550,423,1
550,1831,2
550,2722,2
550,548,3
550,1801,2
550,2410,3
550,1037,1
550,485,3
550,1918,3
550,3113,3
550,2409,4
550,1769,2
543,361,1
550,1479,4
550,2405,4
550,3807,2
550,208,2
550,2986,1
550,2524,3
550,466,3
543,410,4
550,170,4
550,1385,1
550,2421,2
550,517,3
550,786,4
543,1821,1
1897,144,4
1897,141,3
1897,3247,3
1897,500,2
550,1432,4
550,2002,2
550,996,3
550,1917,1
543,725,1
1897,1444,2
1897,1777,2
1897,1513,2
550,2094,3
550,2616,1
550,3452,2
550,2735,1
550,1544,1
1897,11,3
1897,753,1
550,3698,3
1897,1441,1
543,2387,3
528,3,1
1897,356,4
1897,1449,4
543,494,1
550,2273,3
550,1391,3
550,464,4
550,434,4
550,1371,3
550,1597,3
528,3173,3
1897,417,2
1897,471,4
543,1380,3
543,372,3
550,1320,1
550,1690,2
550,2723,2
550,95,2
1897,2690,3
528,648,2
543,122,2
1897,2302,1
528,2657,1
550,3020,1
550,1552,4
543,1586,2
1897,2331,2
1897,3255,1
1897,2424,4
1897,2124,2
543,292,1
550,736,2
1897,837,2
1897,2390,4
550,316,2
550,442,4
550,1762,2
1897,892,1
1897,2671,4
1897,52,1
550,2370,1
543,2375,2
543,735,3
528,266,1
528,3753,4
528,3555,4
1897,838,4
1897,339,1
550,2023,1
528,524,3
550,2826,2
528,1035,1
550,1876,2
550,165,4
528,3755,1
550,1586,4
550,2699,2
528,3624,4
550,2991,4
543,441,1
1897,2282,3
528,3481,4
550,2641,3
1897,2499,3
1897,440,1
550,329,4
1897,568,2
550,3771,4
550,1754,1
543,1033,1
528,589,2
528,2858,2
528,3578,1
1897,357,4
1897,1500,2
550,1616,3
550,1429,1
550,2528,4
550,1377,4
550,1378,3
550,70,2
550,552,4
528,110,1
528,2791,2
1897,1896,3
543,2090,4
543,781,2
543,1566,3
1897,1171,4
1897,287,2
1897,1875,3
1897,410,2
1897,342,4
1897,2395,2
1897,1883,1
1897,3060,2
529,3481,3
529,2791,3
529,589,2
529,3751,1
1897,348,4
1897,3046,1
1897,1923,3
1897,2324,1
1897,3108,4
543,1835,3
529,2858,2
1897,2766,1
1897,1641,2
1897,1,3
1897,728,2
543,3064,3
528,3916,3
1897,1677,1
1897,1537,4
1897,2700,3
1897,2384,1
543,1810,2
528,260,1
528,173,1
528,1042,3
1897,176,3
1897,1265,4
1897,2997,2
543,809,2
528,2028,3
550,3274,1
550,3197,1
550,507,3
550,780,4
550,89,1
1897,2396,3
1897,2289,2
1897,1511,1
1897,1188,3
1897,2599,1
550,10,3
550,3082,2
550,2527,1
550,494,3
550,292,3
550,1858,2
543,491,4
1897,3429,4
1897,1446,3
1897,745,4
1897,1148,3
529,3897,3
528,1772,2
550,2344,4
550,2490,4
550,1047,3
550,648,2
550,368,4
550,2006,1
550,2617,1
543,230,3
543,3809,3
529,1459,1
529,2474,3
529,110,1
1897,1487,3
550,1833,2
550,1375,4
550,3623,2
550,1608,3
550,353,1
550,1722,3
529,1221,1
529,1611,1
543,1805,2
550,288,2
550,1049,2
550,1573,1
1897,707,2
529,2659,3
529,356,1
1897,2987,3
543,1125,2
550,3107,3
550,2640,1
550,474,1
550,3635,4
550,1101,1
550,2393,4
543,1101,2
1897,3334,3
1897,2940,2
1897,3683,2
1897,930,2
543,2232,2
543,2371,2
550,733,1
550,1580,2
550,1376,1
550,2167,1
550,1527,3
543,832,3
1897,3435,1
1897,922,4
1897,2186,1
1897,1260,4
1897,541,2
5333,2757,2
1974,2275,4
543,1620,4
543,2710,2
550,1370,2
550,480,3
550,1954,1
550,163,3
543,1092,4
550,112,3
550,2278,3
550,3624,3
550,2364,3
550,3827,4
550,3740,1
1897,1092,4
1897,513,2
1897,517,1
1974,1217,2
543,94,4
543,381,3
550,2353,2
550,3704,1
550,2944,2
550,377,3
550,2985,1
550,1129,3
550,2000,4
1897,1711,2
1897,2414,3
543,2470,2
550,1275,1
550,2993,4
550,2662,4
550,2058,3
550,3418,2
543,514,1
550,1387,1
550,3267,3
550,3763,1
550,1374,2
543,231,4
543,1010,1
543,1334,2
543,2231,4
550,6,4
550,1356,4
1897,350,2
1897,1589,2
1897,2184,4
1897,492,3
2255,1294,3
543,3044,1
543,2085,4
550,1408,2
550,2947,4
550,2194,2
550,3000,4
550,2916,1
550,2600,4
1897,2583,3
1897,164,4
1897,3801,1
1897,2749,3
1897,3044,4
550,2529,2
550,1291,1
550,1210,1
550,1127,2
550,3527,2
1897,2686,1
1897,2076,2
1897,2467,1
1897,3251,4
1897,1269,1
1897,906,4
543,2302,2
2255,2918,4
2255,1259,4
2255,1188,4
2255,2797,3
543,587,3
550,110,2
550,457,3
550,2028,4
550,2912,3
550,1912,2
550,1240,4
1897,1950,1
1897,3788,3
1897,911,2
1897,1264,2
1897,1913,4
1897,1086,2
1897,924,3
1897,942,3
543,440,3
550,1200,4
543,662,1
1897,1617,1
1897,1252,4
550,1198,3
550,858,4
550,2571,1
1897,913,4
550,1218,3
1897,904,1
1897,3730,4
1897,950,1
550,589,1
1897,1964,3
550,2019,2
1897,903,4
2255,497,1
543,2195,2
543,1271,1
543,22,4
1897,2100,4
1897,2872,4
1897,60,1
2255,1235,1
543,3253,3
543,3608,2
550,3676,4
1897,1073,1
1897,2087,2
1897,2797,4
1897,2968,2
1897,2174,4
1897,260,2
1897,367,1
1897,1097,1
550,2455,2
550,2288,3
550,1994,3
550,1333,3
550,1258,3
550,1348,3
550,3499,3
550,2648,4
550,1407,1
550,1997,4
550,2366,1
2255,1223,3
2255,1148,2
550,1219,2
550,1214,4
550,1340,2
550,2664,2
543,1025,2
543,1615,2
543,3448,2
543,2420,3
543,3087,3
543,1892,4
550,3489,2
550,558,3
550,673,3
550,2054,1
550,60,1
550,2143,3
550,1848,4
550,788,2
550,2622,2
550,2,1
550,3466,3
543,2081,3
543,785,3
543,1587,3
2255,2987,1
543,45,2
550,317,4
550,2015,3
550,2021,3
550,1019,1
550,2105,2
550,1920,2
550,2193,1
550,2017,3
543,2297,4
543,1339,3
550,2628,1
550,2173,1
550,653,1
550,2453,4
550,2161,4
550,3479,1
550,1967,4
550,2087,3
543,1721,2
543,2795,4
543,588,2
550,2872,4
550,2138,3
550,2140,1
550,260,4
550,1097,4
550,3153,1
550,1525,2
550,2968,1
543,509,1
543,1722,1
846,3755,3
543,377,3
543,2144,4
846,2507,2
2255,1992,3
543,2423,3
543,141,4
543,1343,1
543,2644,1
543,1729,1
543,802,2
543,342,3
543,2124,1
543,3081,2
543,3029,3
543,2355,2
543,1120,1
543,914,2
543,364,4
543,2096,4
2255,2122,2
543,3668,1
543,1029,2
2255,2121,4
543,1784,3
543,1028,1
2255,2517,2
2079,3735,4
543,161,1
543,1032,1
2079,1127,2
543,3071,2
543,39,2
543,3682,4
543,3526,2
543,1476,3
543,2926,2
543,3505,3
543,2987,4
2255,1974,1
543,1639,2
543,2918,3
543,1396,4
543,1022,3
543,69,2
2255,1128,4
543,36,3
543,2915,3
543,1923,2
543,1259,4
2255,1105,3
2255,1130,3
543,1393,1
543,2291,3
543,1285,1
543,2268,3
2255,1327,4
2255,2288,2
2255,2617,1
2255,2710,1
543,1961,3
543,1625,3
543,3105,4
543,1294,2
2255,2003,1
2255,1334,1
543,2080,1
543,1265,4
543,3361,1
543,2648,2
543,595,3
543,1302,3
543,596,4
2255,1321,2
2255,968,1
543,594,3
543,2018,1
543,1500,3
2255,1333,4
543,6,3
543,3095,3
543,1090,2
543,3360,4
2255,1407,2
2255,1994,1
543,1079,3
543,2871,3
543,1080,4
2255,3499,3
2255,1345,4
543,3213,4
543,1278,1
2255,1258,2
543,1960,4
543,953,4
543,3098,1
543,2664,2
543,1387,1
543,1234,3
543,2467,4
543,1293,3
543,2959,4
543,1,3
543,1968,4
543,1610,2
543,919,3
543,1704,1
543,3421,3
543,1136,1
543,1208,2
543,1276,3
543,47,4
543,608,4
543,1288,1
737,3098,3
543,3028,4
543,2762,3
543,318,4
543,50,4
543,593,3
543,924,3
737,2716,2
543,1225,3
543,1207,4
543,527,2
543,1419,1
737,2918,3
737,1956,3
737,329,2
737,2393,3
737,1372,2
737,1373,4
2116,1862,1
2116,1882,1
2116,880,1
2116,2808,2
2116,2053,4
2116,2448,4
2116,160,1
2116,3802,3
2116,196,3
2116,2549,2
2116,1544,4
2116,737,4
737,1375,1
2116,1603,3
2116,1779,1
2116,1831,1
2116,519,2
737,2011,3
737,1909,2
2116,435,2
2116,172,3
2116,1690,1
2116,2986,4
2116,3697,1
2116,1320,1
2116,338,1
2436,3689,4
2116,1573,1
2116,3269,1
2116,1762,4
2116,2600,4
2436,1839,1
2436,2152,4
2436,2296,3
2436,2053,3
2436,374,2
2436,2720,1
2436,2253,4
2436,2431,3
2436,710,1
2436,370,2
2436,1918,1
2116,1372,1
2116,2916,4
2116,2571,2
2116,1356,1
737,235,3
2436,2694,2
2436,415,1
2436,466,2
2436,3394,2
2436,2717,2
2436,2683,3
2436,1091,2
2436,1592,4
2436,2792,2
2436,2002,4
2436,1020,3
2436,3387,1
2436,2082,4
2436,344,3
2436,3247,4
2436,3869,1
2436,413,4
2436,673,3
2436,3243,3
2436,333,4
2436,2249,2
2436,2735,3
737,2947,1
2436,2723,3
2436,1461,2
2436,2796,1
737,1597,2
2436,410,1
2436,2004,4
2436,518,1
2436,1405,3
2436,2770,1
2436,3248,3
737,1225,2
737,3801,4
2436,3500,1
2436,1701,4
2436,414,2
2436,231,3
2436,539,3
2116,2519,1
2436,1713,3
2436,2252,3
2436,3254,1
2436,275,3
2436,2539,2
2436,3087,4
2436,500,1
2436,3450,1
2436,3544,3
2436,2012,3
2436,2136,3
2436,367,4
2436,2302,1
2436,441,3
2436,3263,2
2436,3308,1
2436,2747,4
2436,3255,2
2436,3253,3
2436,141,2
2436,3809,2
2436,2321,1
2436,3760,1
2436,2395,2
2436,3524,3
2436,3175,2
2436,2424,4
2436,471,2
2436,2080,3
2436,1135,1
2436,223,2
2436,2247,1
2436,1073,3
2436,3591,3
2436,52,2
2436,2109,2
2436,348,1
2436,3466,2
2436,1883,3
2436,3646,2
2436,1171,3
2436,3210,2
2436,3526,1
2436,1476,1
2436,2463,2
2436,1641,4
2436,2144,1
2436,3052,4
2436,2915,3
2436,3671,4
2436,3421,1
2436,2355,4
2436,3424,1
2436,1265,4
2436,34,3
2436,1307,4
2436,3396,4
2436,1,3
2436,1235,2
2436,1285,2
2436,1238,4
2436,2599,3
2436,1292,1
2436,2804,2
2436,3030,2
2436,390,4
2436,1148,4
2436,1100,2
2436,1801,1
2436,788,4
2436,3,3
2436,353,1
2436,1059,4
2436,708,1
2436,852,3
2436,1777,2
2436,597,1
2436,440,2
2436,3614,1
2436,2496,1
2436,357,1
2436,3358,2
2436,2108,2
737,153,4
2436,380,1
2436,587,3
2436,39,3
2436,356,1
2436,3108,3
2436,1721,3
2436,509,1
2436,3481,4
2436,194,4
2436,1500,1
737,2268,2
2436,1556,2
2436,519,1
2436,3273,3
2436,1917,3
2436,2699,4
2436,3257,4
2436,1552,1
2436,2803,2
2436,2688,1
2436,165,2
737,2581,2
2436,3764,1
2436,2334,1
2436,3316,1
2436,3623,4
2436,3370,4
2436,1620,3
2436,292,3
2436,3219,3
2436,3005,4
2436,2110,1
2436,543,3
2436,2763,4
2436,3555,4
2436,3102,4
2436,1732,1
2436,3176,2
2436,2344,2
2436,2707,3
2436,733,2
2436,454,2
2436,1370,1
2436,2764,2
2436,3461,4
2436,3256,1
2436,3755,1
2436,1343,4
2436,3763,4
2436,16,2
2436,3527,3
2436,3147,4
2436,1036,1
2436,2871,3
2436,2917,1
2436,1219,4
2436,904,3
2436,111,4
2436,2762,3
2436,924,3
2436,1358,3
2436,903,1
2436,2315,1
2436,2338,4
2436,1973,1
2436,2514,1
2436,1644,1
2436,196,3
2436,1717,2
2436,2428,2
2436,2120,4
2436,2710,2
2436,3081,2
2436,1407,4
737,3952,2
737,3916,1
737,2194,1
737,2948,1
737,661,1
737,1269,4
737,3745,1
737,1077,2
737,904,3
737,1876,4
737,3897,3
1503,1754,2
1383,104,3
1383,1892,4
1383,3255,2
1383,480,4
1383,1517,1
1383,2278,2
1383,3296,2
1383,1507,2
1181,2164,3
1383,454,2
1181,1170,1
1383,349,3
1383,322,3
1383,2736,3
1383,380,4
1383,3246,2
1383,3927,2
1181,3774,3
1181,667,1
1383,538,2
1383,45,1
1383,1271,4
1383,3102,2
1181,2315,1
1383,1639,3
1181,1849,4
1383,3252,2
1383,52,1
1383,348,3
1181,2906,1
1383,1401,3
753,3555,1
1383,2144,1
1383,938,4
1383,1396,3
1181,487,1
1181,19,2
1181,1439,2
1181,2995,4
1181,3285,3
1181,1998,3
1181,325,1
1383,778,4
1383,1085,3
1383,1042,2
1383,141,1
1383,508,4
1383,1923,4
1383,1584,2
1383,68,4
1383,2125,1
1383,2967,1
1383,1958,1
1383,3476,3
1383,3507,2
1383,2206,2
1383,155,3
1383,1476,1
1383,3135,4
1383,1408,4
1383,1625,4
1383,2883,3
1383,3148,1
1383,270,2
1383,1673,4
1383,3060,1
1383,3100,1
1383,2359,2
1383,2268,3
1383,1257,2
1383,342,3
1383,3699,1
1181,374,2
1383,1372,4
1181,2380,2
1181,419,1
1383,3675,2
1383,2916,2
1383,2176,3
1383,3451,4
1383,1682,3
1181,2562,3
1383,25,3
1383,2946,3
1383,2857,1
1181,2902,2
1181,209,1
1181,2950,3
1383,2272,4
1383,300,3
1383,2529,2
1181,2269,3
1383,16,2
1383,2795,4
1181,455,1
1383,1354,4
1181,2862,3
1383,1678,4
1383,3546,4
1383,1246,4
1181,3024,2
1181,2829,1
1181,1863,1
1181,1644,2
1383,1885,2
1383,3169,4
1383,1220,3
1181,2458,2
1383,529,4
1383,1245,4
1181,3577,2
1181,2719,3
1181,640,2
1383,1374,2
1181,273,2
1181,2526,1
1383,218,1
1383,2467,1
1383,1610,3
1181,1468,1
1383,1694,3
1181,520,4
1181,3773,1
1181,1388,1
1181,370,4
1181,1665,1
1181,1702,4
1181,753,3
1181,540,3
1181,2471,1
1181,267,1
1181,2335,4
1181,2473,3
1181,234,1
1181,537,1
1383,3504,1
1181,2505,2
1181,2805,2
1181,193,3
1181,840,2
1181,2976,4
1181,2431,4
1181,1888,4
1181,276,4
1181,1677,1
1181,257,3
534,1944,2
1181,3248,3
1181,1474,2
1181,2840,2
1181,407,4
1181,782,4
1181,511,3
1181,1410,1
1386,3608,3
1181,195,2
1181,224,1
1181,2316,3
1386,2681,1
1386,1270,2
1386,2174,2
1386,467,2
1181,453,3
1181,2259,2
1181,1866,3
1386,471,3
1181,1091,1
1181,1746,4
1181,3272,3
1181,704,4
1181,1366,1
1181,818,1
1181,804,2
1386,1897,3
1181,879,4
1181,1974,3
1181,3688,2
1181,2683,3
1181,1359,3
1181,586,2
1181,1020,2
1181,2264,4
1181,2977,4
1181,3557,2
1181,344,4
1181,3869,3
1181,3014,1
1181,2861,4
1181,445,3
1181,3937,1
1181,3385,2
1181,3791,2
1181,1924,2
1181,2044,3
1181,3243,1
1181,1404,1
1181,2472,1
1181,225,1
1181,2069,1
530,1699,4
530,1960,3
530,678,1
530,1185,1
1181,1959,4
1181,2151,4
530,1307,2
530,2664,1
530,1079,2
1181,489,2
1181,282,4
530,2020,2
530,3551,4
530,1208,1
530,1124,3
1181,1442,1
530,162,2
530,2194,1
530,2692,1
530,1090,3
530,1957,4
530,330,1
1181,2141,4
1181,2770,2
1181,410,4
530,1036,1
530,3361,3
530,1242,2
530,593,2
530,2761,4
1181,3251,2
530,1955,4
530,1291,1
530,924,3
530,3751,4
1181,514,2
530,954,1
530,1247,3
530,2019,1
530,2997,3
530,1136,3
530,2762,3
530,1089,2
530,1217,4
1181,354,4
1181,2400,3
530,1224,3
1181,2290,3
530,3114,3
530,2912,2
1181,361,2
530,1221,1
530,1198,1
1181,465,1
530,2858,1
1181,1485,2
530,321,3
530,1225,1
530,50,1
530,527,3
530,1274,2
2350,1772,4
2350,2084,2
2350,107,4
1181,1279,2
1181,2613,2
2350,2083,4
2350,2096,3
2350,2102,3
2350,1566,1
2350,1032,3
2350,1022,4
2350,2078,3
2350,588,3
2350,364,1
2350,1029,3
1181,78,1
2350,1028,3
2350,1035,1
2350,783,4
2350,1220,3
2350,595,3
2350,2099,3
1181,3329,2
1181,2114,2
530,1356,3
530,2117,2
530,24,2
530,2105,3
530,3701,2
530,2641,3
1181,3015,2
530,1573,1
530,2528,4
530,3033,1
530,3700,2
530,3704,3
530,1527,1
530,1580,3
530,2640,3
530,1653,3
530,2657,3
530,480,4
530,2046,2
530,1129,1
1181,3081,1
2350,48,4
2350,1894,2
530,3175,4
530,1374,1
530,1396,3
530,1584,3
530,3527,1
530,2985,4
2350,1088,1
530,2968,3
530,3793,2
2350,539,4
2350,543,4
2350,339,1
530,1097,4
530,1748,2
530,2455,2
2350,1569,3
1113,3090,4
1181,1017,1
530,1376,2
530,3863,3
530,2916,3
530,2662,4
530,3702,4
2350,1895,4
2350,2424,1
2350,2671,1
2350,380,4
530,1240,3
530,3300,2
530,1206,1
530,1127,2
530,2554,1
530,32,4
2350,3536,4
2350,2081,4
530,1270,4
530,589,3
530,1214,4
530,1210,3
530,3471,3
530,3703,4
2350,1835,3
2350,587,2
774,3173,3
530,541,3
530,968,2
530,2532,1
530,1196,4
530,1200,1
530,2571,1
530,2529,1
530,260,2
1181,2155,2
1181,2282,2
2350,1721,4
2350,2006,1
774,648,1
774,266,4
774,3450,4
1181,1034,1
774,3155,1
530,3264,2
530,2022,4
530,3072,1
530,2944,4
530,2159,3
774,1673,1
2350,1882,1
2350,1750,1
2350,185,2
2350,3826,1
2303,1476,3
2350,1917,2
2350,379,4
2350,256,3
533,2427,3
533,2001,3
2350,1544,4
533,70,3
533,1573,3
533,2795,3
2350,2054,2
533,1639,3
533,3706,4
533,471,4
1181,3241,2
533,3039,4
2350,2046,2
2350,2657,3
533,3255,1
2350,1376,1
533,1429,1
2350,1215,1
533,3081,2
533,1339,1
533,2268,1
2350,3175,2
1181,3244,4
533,1805,3
533,1120,4
1181,1721,2
533,3526,3
533,2435,3
533,2500,4
533,2110,2
2350,3489,4
1181,3198,2
533,3108,2
2350,2017,1
2350,788,4
533,2108,3
533,3527,2
2350,317,4
533,480,3
2350,2087,4
2350,2005,2
533,1732,4
533,2710,2
2350,1967,4
2350,2797,1
533,21,2
533,920,1
533,441,2
533,555,2
533,3917,2
533,2985,3
2350,923,1
533,1921,3
2350,953,1
533,592,4
533,2324,2
1113,2190,1
533,3763,3
533,1674,2
1181,340,1
2350,2804,1
533,2000,4
533,1194,2
533,1275,2
533,2644,4
533,1171,4
533,1466,4
1181,2750,4
1181,621,2
1181,1641,1
533,1060,1
533,3793,3
533,141,4
533,2174,4
533,2918,3
533,16,2
533,2968,3
533,1883,1
533,2248,1
533,2959,2
533,2949,3
533,3499,3
533,1307,2
533,1961,4
533,1285,2
533,1343,3
533,1262,1
533,2159,3
1181,1827,1
533,2571,2
533,2890,3
533,3267,1
1181,3676,3
533,3424,4
533,1265,2
533,3168,4
533,1340,2
1181,1678,3
533,2551,1
533,1333,4
533,293,3
533,1298,4
533,3702,4
533,1208,3
1181,2670,1
533,2391,4
533,3481,1
533,1036,1
533,32,1
533,2291,2
533,3213,3
1181,2295,1
533,2788,1
533,969,1
533,2076,4
533,1256,1
533,1278,1
533,1234,4
533,2599,1
1181,299,2
533,3737,3
533,1073,1
533,1186,4
533,1288,2
1181,3019,3
533,1201,3
533,2762,2
533,2395,3
1181,1961,2
533,235,4
1181,2336,1
533,2871,1
533,162,2
533,2137,1
531,32,2
531,1836,1
533,1197,4
1181,681,1
533,2064,4
533,1704,2
533,3471,3
533,2692,1
533,1358,1
533,1263,1
533,1079,4
533,800,2
1181,1238,4
531,920,4
531,736,2
531,2550,2
531,2671,3
531,2888,2
533,1198,3
533,1292,3
2826,296,1
712,2107,2
533,318,2
533,296,4
533,1276,1
1181,916,2
1181,1089,2
712,328,3
712,1655,1
533,1258,4
533,1199,4
533,924,2
533,1206,2
533,919,3
533,2761,2
533,593,1
533,541,4
1181,3222,1
533,1267,4
533,1193,2
533,912,1
533,50,3
533,3703,2
533,1219,3
533,2804,4
533,1956,2
533,2858,2
712,724,3
533,2028,3
712,1973,1
533,1196,4
533,858,3
533,1221,2
533,527,4
712,1717,4
712,742,1
712,2328,4
712,1342,1
532,2622,1
532,2054,3
533,1640,3
533,3795,1
539,1920,4
532,2140,3
532,317,3
532,2105,1
532,1848,1
532,2628,3
532,2161,1
532,2193,2
532,2021,4
532,2174,3
539,610,4
712,366,3
712,2004,4
712,532,1
532,2916,1
532,1097,1
532,1580,2
532,2529,2
532,1396,4
712,253,2
712,330,2
712,1339,2
712,3264,2
532,1127,3
532,1374,4
1181,2374,4
539,2294,4
539,2116,1
532,1199,3
532,1210,4
532,1653,3
539,2085,2
539,1023,1
1181,3707,1
712,1645,1
712,1407,1
532,2571,2
712,3499,2
532,3703,2
532,1748,3
539,1032,2
539,2355,1
539,2138,2
1181,2211,3
532,1240,3
532,541,4
532,1196,2
532,1214,4
532,260,4
539,2139,3
539,364,2
539,2080,2
539,2096,3
539,1029,1
539,2700,3
539,595,3
532,3925,1
532,1282,3
532,3793,3
532,2291,2
532,551,1
539,2987,1
539,2018,4
539,596,3
539,594,1
539,1282,1
539,741,2
539,588,2
539,1022,1
532,1249,4
532,589,1
532,2858,1
532,3751,3
539,3114,3
539,3429,2
539,720,1
539,3213,4
539,1223,3
539,1148,2
539,745,3
539,1274,2
539,1,4
1422,362,2
1422,339,4
1422,1722,1
532,714,1
532,3287,2
532,3354,3
532,1562,4
532,1961,2
548,1862,4
548,1389,4
548,2119,4
548,2107,4
533,2463,1
533,1297,2
533,1721,1
548,2548,3
548,2900,3
548,2389,2
548,1388,3
548,1976,3
548,2121,2
548,3693,4
548,2719,3
533,1237,1
533,2158,3
533,1210,2
1422,2424,2
548,1991,2
548,2367,2
548,1644,2
548,196,3
548,724,3
548,1342,3
1422,597,2
1422,2496,3
548,3708,4
548,2668,3
1422,3614,3
548,2717,4
548,1690,3
548,2459,2
1422,440,1
548,2713,4
548,1717,3
548,2328,2
548,842,1
1422,356,1
1422,2080,1
1422,380,4
548,2148,3
548,1347,1
548,2097,4
548,253,4
1422,377,1
548,2026,1
548,2167,3
548,2428,3
548,2517,2
548,2613,1
548,2746,3
548,2279,1
1422,587,3
548,3727,2
548,1350,1
548,3081,1
548,2003,1
1422,3108,4
548,1407,1
548,3676,4
548,1994,2
548,3016,1
548,3018,2
548,2455,1
548,2710,1
548,3264,3
1422,1947,2
1422,3368,1
1422,1408,1
1422,2243,3
548,2288,4
548,3576,3
1422,969,1
548,2159,2
548,968,3
548,3476,3
548,3499,1
1422,920,1
548,1321,3
548,1345,3
548,1215,2
548,2716,2
1422,899,1
1422,912,1
1422,1247,4
548,1387,2
1113,1304,2
548,1214,2
548,1856,4
548,443,4
1422,1591,2
1422,1603,4
548,3281,2
548,2859,4
1422,788,4
548,3679,4
548,2693,4
548,1310,2
548,556,3
1422,2034,1
1422,2901,3
548,162,1
548,1361,4
548,2064,2
548,246,2
1422,329,4
1124,1060,3
534,991,1
1448,454,3
1448,104,1
534,3448,4
534,161,3
534,1184,2
1422,2009,1
1124,3175,1
1124,3702,4
1448,1921,4
534,1233,3
534,1960,4
1422,1019,2
1448,1454,3
548,1544,4
1448,1171,4
1448,381,2
1448,1639,3
1448,1923,3
1448,2424,3
1448,1370,1
1422,2117,2
1422,2529,4
1124,364,4
1124,2542,2
548,2792,2
548,70,1
548,648,3
1448,477,1
1448,11,1
1422,3471,2
1422,1253,2
534,1299,3
534,750,2
534,969,4
534,110,4
1448,1271,4
534,1196,2
1124,1274,4
1422,1206,1
1422,924,2
1422,589,2
1422,750,1
534,527,1
1448,2321,4
548,144,2
548,3510,2
548,1129,1
548,1261,3
1448,1060,1
534,2502,1
534,2146,2
534,1183,2
1422,2460,4
1422,1984,3
534,539,2
534,1569,3
534,736,4
1448,553,4
1448,1498,3
534,1593,4
534,425,3
534,3261,2
534,339,1
534,605,1
1124,551,3
1422,2903,3
1448,1641,3
1448,349,3
1448,16,2
548,480,1
1124,1393,1
534,543,1
534,802,4
534,3531,3
534,2081,4
1448,1883,4
1448,1621,1
1448,3147,4
1448,3044,3
536,1812,2
536,354,4
534,1897,2
548,1965,4
548,1673,2
534,2570,3
1422,2462,2
536,1527,4
534,1777,4
534,1722,1
534,2171,3
548,3327,4
536,1216,3
535,2987,3
535,3114,2
536,2123,1
1422,1995,2
535,3176,1
534,1290,4
534,3536,4
534,2340,4
535,3157,2
535,2702,2
1422,1983,3
1422,3833,2
1422,2902,4
534,1441,4
534,708,3
534,356,2
534,11,1
534,342,2
1448,2125,4
1448,3271,1
1448,1625,1
1422,2719,2
1422,2121,2
548,1259,2
548,1466,2
548,2291,4
548,2791,1
548,3160,4
548,1248,1
548,589,3
548,1249,2
534,1680,4
534,534,1
1448,3052,2
534,1542,4
534,509,2
534,2100,2
1448,3100,3
535,2394,2
535,2013,2
1448,835,1
1448,387,4
548,2858,2
548,908,2
534,85,4
534,3044,4
535,1959,1
534,1535,4
534,2006,1
1448,1,4
1422,879,3
1422,2459,2
534,555,1
534,249,2
534,1408,3
534,1094,3
1422,2517,3
1422,1128,4
1422,1974,1
535,608,1
1448,1265,4
1448,1192,4
1448,2774,2
1448,2272,1
1422,1924,4
534,2080,2
534,39,3
534,1210,2
534,920,2
534,1639,3
535,2761,3
1448,1721,2
536,13,3
536,673,4
536,558,3
536,2142,2
1422,2004,3
1422,3016,4
1422,1130,4
1448,491,4
1448,356,1
536,48,1
535,2716,1
535,3175,3
536,661,1
536,2141,4
536,1405,1
536,1688,3
536,709,2
536,2048,3
1448,3713,4
1448,448,3
1422,968,4
1422,2710,3
1422,1347,3
1422,1339,4
536,2090,3
536,1029,1
536,1920,3
536,2394,2
536,2294,3
536,2085,2
536,1033,3
534,2697,1
534,377,4
534,357,2
536,783,3
536,1907,1
536,596,2
536,2081,3
1422,2097,3
1422,1345,1
1422,3081,2
1422,2118,3
535,3408,4
534,1307,3
534,446,3
1448,1343,2
534,1733,1
536,2096,4
536,2687,4
536,2089,4
536,3159,4
1448,3105,3
1448,2331,2
535,3543,2
536,588,2
536,2078,2
536,2987,4
536,2018,1
536,1022,1
534,2248,1
1448,1748,1
1448,319,1
536,3213,3
536,595,4
536,2355,4
536,1566,2
534,2291,1
536,364,3
534,902,2
534,933,1
534,911,3
1422,1321,1
1422,1982,4
1422,3476,3
1422,1350,1
1422,3018,1
536,2700,3
536,3114,1
536,1,1
536,1148,1
536,1223,3
1448,32,4
1448,595,1
1448,571,2
1260,1686,3
534,916,1
534,25,2
1422,1994,3
536,3793,2
536,1278,3
1260,2112,2
1260,555,1
1260,1791,3
1260,1799,4
534,987,1
534,2020,1
536,2527,4
536,3555,2
536,2194,3
536,2193,4
536,1909,2
536,1307,1
536,919,4
1422,1258,4
1422,3676,1
1422,3499,4
1448,1392,3
1260,22,3
1260,2231,4
536,2524,3
536,2459,2
536,1288,4
536,2288,3
534,123,2
534,898,4
534,1468,4
536,2393,1
536,1373,1
536,1371,1
536,1356,4
1422,1219,1
536,1372,2
536,329,2
1260,2268,4
1260,1500,1
1260,431,1
534,2692,3
534,912,3
534,1197,1
534,1265,4
534,1912,4
534,2396,1
536,2406,1
536,3827,4
536,3635,4
536,2457,3
536,1375,4
536,1407,4
536,2028,2
536,1259,2
536,594,4
1422,2664,1
1260,2391,1
1260,1729,3
1448,1730,2
1448,162,4
536,2985,3
536,2686,3
536,3018,4
536,1394,1
536,1231,1
1260,47,4
1260,2917,4
536,3837,3
536,3527,1
536,1219,2
536,3755,4
536,1994,3
536,1090,2
536,1197,1
1260,866,2
534,1230,4
534,1415,2
1422,3767,3
1422,1389,3
536,3029,3
536,3505,2
536,2467,4
536,968,3
536,1350,3
536,551,1
535,1127,3
1448,1358,2
536,2111,1
536,2571,3
536,3623,2
1422,2642,3
1422,2411,2
536,1858,4
536,1185,1
536,1353,3
1422,2421,3
1422,2403,2
536,2746,4
536,2528,2
536,3703,2
534,3334,1
534,2987,1
534,1344,1
1422,3441,1
1422,2410,1
536,1610,2
536,3476,1
536,253,1
536,1299,3
534,930,4
534,913,2
1260,3362,4
534,1267,2
1260,1234,1
1260,3019,1
1448,877,3
1448,1509,4
1511,2065,3
2022,1673,3
536,3265,1
536,1130,2
536,1221,2
536,1275,4
536,858,4
536,2159,2
536,610,4
1511,1293,1
1511,3360,1
1422,2989,1
1422,1587,4
1422,1101,1
1422,2376,3
534,541,4
534,1617,2
2022,1682,3
2022,39,2
536,3578,4
536,2867,1
536,1222,4
536,2716,2
536,1242,1
536,2455,2
536,1625,1
536,457,3
536,70,3
2022,1784,1
1422,2613,3
1422,2414,1
1422,2115,3
1422,2990,2
1511,1228,4
1511,3543,4
1511,1231,2
1260,2540,3
1260,2334,4
1260,2023,2
1260,1220,1
1260,1480,3
1260,1518,2
1260,733,3
536,3615,2
536,3477,1
536,2872,4
536,1282,1
536,3543,4
536,1129,1
536,1264,4
1511,1225,3
1511,3068,2
1511,1956,2
1511,2804,3
536,2973,1
536,2739,3
536,3044,3
536,164,3
536,1645,2
536,2118,3
1260,1722,2
1260,507,2
1260,3635,3
1260,2000,2
1260,1610,4
1422,3527,2
1422,592,4
1422,1275,2
1422,2194,1
1422,3763,2
1448,2458,1
534,3753,3
534,648,4
534,3578,1
534,3624,2
534,3793,1
536,3751,2
536,3013,4
536,1345,2
536,1199,3
1260,2278,3
1260,3639,2
1511,3925,2
535,1087,3
535,1210,2
1260,3763,4
1260,168,4
1511,3936,3
1260,2353,1
1260,2115,4
536,592,4
536,541,4
536,3342,4
536,1220,1
536,1732,4
536,113,2
1448,3895,4
1448,2027,2
1260,3104,1
536,3897,3
536,1321,3
536,3726,4
536,1215,4
1260,377,3
1260,592,2
1260,110,1
1260,3256,1
1448,2561,2
535,3875,1
535,1069,1
1422,1242,4
1422,2872,3
1422,3104,3
1422,1291,3
1422,1222,3
1422,1198,2
1422,1036,3
1260,2194,1
1260,2427,1
1260,2944,4
1260,1408,4
1260,21,4
1448,2126,3
534,3764,4
1448,1804,1
1448,707,4
1260,2912,3
1260,1291,1
1260,6,2
535,480,1
535,631,1
1448,869,3
1448,3247,2
534,477,3
534,465,2
534,1961,1
534,2621,1
1260,1912,4
1260,1222,3
1260,2949,1
1260,1197,2
1422,2530,3
1422,1388,3
1422,2409,2
1422,2367,1
1422,2532,1
536,1233,1
536,589,2
1260,1785,1
1260,3769,1
1260,1304,1
1260,2947,2
1448,1805,1
536,2115,3
536,2001,4
536,1127,3
536,3576,4
1422,2524,1
1422,2013,2
1422,2535,3
1422,1371,1
1422,2533,3
1422,3771,2
1422,3638,3
1422,2531,2
1260,1201,2
536,2000,2
536,2737,2
536,3104,3
536,1291,1
1448,1732,4
536,3384,3
536,2640,2
536,3702,3
1422,3769,3
1422,2991,1
1422,2527,3
1422,2640,1
1422,3635,1
1422,3639,3
1422,3702,1
1422,3519,2
1422,2528,3
1260,2628,1
536,1954,3
1260,2311,3
1260,780,4
1260,2021,3
536,492,3
536,451,2
536,3386,4
536,3262,2
536,513,1
1260,1676,4
1260,2105,3
536,800,1
536,1617,3
1260,2407,2
1260,3704,4
1260,3745,2
1260,1909,3
537,2336,4
1260,3770,4
1260,1748,2
536,1200,4
2022,1393,4
1260,1921,1
1260,1580,1
1260,1127,4
536,1079,1
1260,3702,1
1260,1527,3
1260,1653,3
1260,2640,2
536,1240,4
536,1036,3
536,2076,4
536,2312,2
537,537,1
1448,367,4
1448,1601,3
536,1270,4
1260,1584,1
536,1258,1
536,2804,1
1260,3699,3
536,2401,4
1260,2916,2
2022,1266,4
2022,1704,2
1448,2110,2
537,529,3
537,920,4
537,2863,1
536,3680,2
1260,3703,1
1260,3527,3
1260,2985,1
1260,3793,4
1260,2968,1
1260,2527,4
1260,2455,4
1260,1270,4
537,1354,4
536,2743,1
536,1198,2
536,1218,1
536,1228,4
2022,2329,1
1422,260,4
1422,2347,4
1422,1387,4
1422,1953,1
1422,1214,2
1422,1954,3
537,1247,4
537,154,1
1260,3471,2
1260,3701,1
2022,296,1
1260,1200,2
537,110,2
537,1208,1
537,1234,3
537,1230,3
537,2028,4
537,1537,2
1448,2000,2
1448,1500,3
1448,1799,2
536,1376,3
536,1374,1
537,2917,2
537,1939,1
536,1196,4
1260,1206,4
1260,260,2
537,1231,4
536,260,1
536,2628,1
537,1095,1
537,3547,3
1260,2987,4
1260,541,3
1260,1179,3
537,1635,4
1448,2391,4
1448,2268,2
537,1358,4
537,1304,4
537,1387,2
1260,2126,2
537,2020,4
537,2997,3
1260,517,3
1260,1711,4
1260,1422,3
1260,2875,4
536,1249,4
1260,1627,3
1260,648,3
1260,1783,3
1260,3706,4
536,754,3
536,1295,4
536,612,4
536,3412,4
537,720,3
537,1419,1
537,1594,3
1260,350,2
1260,335,3
1260,1597,4
1260,3251,3
1260,1645,2
537,2908,1
537,3083,4
537,1294,4
1260,1732,2
1260,1459,2
1260,3044,1
1260,1625,3
1260,3176,1
1260,1892,1
537,3819,4
537,3230,2
537,3196,4
537,1213,3
558,589,1
536,366,3
537,1196,1
537,541,4
537,678,2
537,1199,4
536,1261,3
1260,2467,3
1260,164,4
1260,3476,3
1260,2024,2
1260,1805,2
536,330,3
536,3727,1
537,1198,3
537,924,4
537,1340,3
537,1952,2
536,2366,3
536,1340,3
536,1982,4
537,3504,1
537,3545,3
536,1214,1
536,1387,4
536,1333,1
537,1219,1
537,945,4
537,1136,3
537,994,1
558,3160,3
536,3893,1
536,3952,3
536,3948,4
1260,1086,4
537,1193,4
537,3551,3
537,2396,3
537,260,4
537,1953,3
537,2285,4
536,31,4
536,737,4
536,1210,1
1260,1252,1
1260,913,4
537,905,1
537,1262,1
558,3914,1
537,2648,2
537,162,3
537,1214,3
537,1292,2
537,608,4
537,3201,4
1260,3160,3
537,3468,1
537,247,4
537,1254,2
537,1206,1
537,1250,2
537,3730,4
558,3916,3
558,3893,3
537,750,3
537,940,1
537,1617,3
537,2324,3
558,3897,2
1260,3173,3
1260,3753,1
537,3683,2
1260,3578,2
537,910,3
537,2677,2
537,1267,3
537,3095,4
537,3783,3
537,904,2
537,318,1
537,950,1
537,912,2
537,3467,2
537,913,4
537,1945,1
537,1252,2
537,947,4
537,3929,2
537,3927,3
537,3935,1
2022,2028,4
2022,1912,1
2022,110,2
2022,318,2
2022,527,4
537,1225,4
537,1586,2
537,1968,2
537,105,2
537,2590,2
537,2178,1
537,1057,3
1448,47,4
1448,1234,3
1448,1617,3
1449,2324,3
1448,694,1
1448,3442,3
1448,3268,2
1448,2153,3
1448,502,2
1448,160,1
1448,3841,2
1448,3710,4
1448,2253,2
1448,2404,4
1448,2642,4
1448,2879,1
1448,1591,2
1448,9,3
1448,1388,4
1448,3444,2
1448,379,3
1448,2402,2
1448,1100,3
1448,172,3
1448,420,2
1448,1391,3
1448,466,4
1448,173,4
1448,153,2
1448,2531,2
1448,89,2
1448,2802,3
1448,485,1
1448,2468,1
1448,70,2
1448,786,2
1448,20,3
1448,3438,2
1448,1754,3
1448,170,2
1448,208,3
1448,544,3
1448,736,1
1448,3698,2
1448,1379,4
1448,1377,1
1448,95,3
1087,2294,1
1087,2137,4
1087,2081,2
1087,364,1
1087,2085,1
1087,2080,1
1087,2355,2
1087,2394,4
1087,2857,2
1087,1029,3
1087,1022,1
1087,2096,4
1087,2087,1
1087,594,4
1087,2018,4
1087,3114,3
1087,1282,1
1087,3489,4
1087,1702,3
1087,653,4
1087,2,2
1087,2021,3
1087,2054,2
1087,60,1
1087,2100,1
1087,3479,1
1087,2005,3
1087,2174,2
1087,367,4
1087,2140,4
1087,494,1
1087,2713,1
1087,1876,3
1087,832,1
1087,3686,1
1087,1092,3
1087,353,2
1087,2763,4
1087,733,4
1087,3082,1
1087,2527,3
1087,3623,4
1087,3256,4
1087,1722,3
1087,1370,3
1087,2009,4
1087,3101,2
1087,3176,2
1087,377,3
1087,1610,4
1087,1343,2
1087,47,2
1087,1086,1
1087,1036,4
1087,457,2
1087,3476,4
1087,593,4
1087,1358,1
1087,903,3
1087,50,4
1087,1219,2
1087,608,1
1087,349,3
1087,2105,2
538,1275,3
538,1580,2
538,1374,1
538,592,1
538,1019,3
538,952,1
538,2871,2
538,1073,2
538,2899,4
538,941,2
538,1931,1
538,260,3
538,1198,4
1448,2699,4
1448,1552,3
1448,288,3
1448,2616,1
1448,1385,2
1448,1917,1
538,1204,3
538,1254,3
1448,2741,2
1448,1785,3
1448,2403,3
1448,434,1
538,1395,1
538,1270,4
538,2302,3
538,2355,3
1448,112,3
1448,2533,1
1448,376,1
1448,3704,4
1448,2956,1
1448,2094,3
538,2321,3
1087,648,1
1087,10,1
538,3685,1
1448,1597,3
1448,465,2
1218,319,3
1087,2006,3
1087,1375,4
1087,2414,4
538,356,2
1448,316,2
1448,1047,3
1087,3036,4
1087,1967,1
1087,2115,4
1448,648,3
1448,1518,3
1448,836,4
1448,442,2
1448,2613,4
538,2997,3
1087,590,2
1087,2116,4
1087,1127,4
1087,592,4
538,1747,2
538,2716,1
538,2396,3
1087,2916,4
1087,1291,1
1087,1073,3
1448,1378,4
1448,998,4
1448,552,4
1087,3104,1
1087,3461,2
1087,2366,3
1087,2871,4
1087,1197,3
1448,1573,4
1087,969,1
1087,1287,3
1087,1259,4
1448,3020,2
1448,3274,2
1448,511,3
1218,1214,1
1218,1200,1
1218,1320,2
1087,1204,4
1087,1198,4
1087,919,1
538,1276,2
538,3361,1
1448,2058,3
1448,507,4
1448,1101,1
1448,292,2
1448,3441,2
538,3114,1
1448,1580,2
1448,2193,4
1448,2640,1
1448,353,4
1448,780,3
1448,380,3
1448,480,2
1448,2288,2
1448,2353,3
1448,3702,3
1218,849,2
1218,435,4
1218,2053,1
544,1019,4
544,3168,3
544,1376,4
544,480,4
1448,2528,2
1448,3755,4
1448,368,3
1448,145,2
1448,3256,4
1448,377,2
538,3147,1
1218,788,2
1218,780,4
1218,2012,4
1218,2094,1
544,2871,2
544,2366,2
544,1374,2
544,952,2
544,3461,1
538,3654,4
1448,2406,4
1218,329,1
1218,480,4
538,318,3
1218,1356,1
1218,589,4
1448,733,3
1218,2916,3
1448,2529,3
1448,1129,1
538,1225,4
538,3467,2
538,1250,3
1448,1608,1
1448,3418,1
1448,2347,3
538,593,2
1448,555,4
1448,2916,4
1218,1079,3
1448,3703,4
1448,1610,4
538,3468,3
1448,2571,4
1448,474,4
1448,457,1
1448,589,2
1218,1721,3
1218,539,4
538,608,2
1448,1198,3
1448,1220,3
1218,105,3
1218,892,2
1218,2108,2
1218,58,2
1218,1183,1
1218,2291,3
538,2944,1
538,1304,1
538,1240,4
1448,2701,2
1448,2987,4
1218,151,3
1218,1408,3
538,1387,2
1448,3798,1
1448,2715,1
1448,2841,4
1448,2907,1
1448,2840,4
1218,357,1
1218,497,3
1218,3108,1
1218,1265,1
1448,2762,2
1448,2724,4
1448,2395,4
1218,25,2
544,1931,3
544,2987,1
544,1291,1
544,1287,2
544,1848,3
544,1197,3
1218,265,4
1218,446,2
1218,1094,1
1448,1513,2
1448,299,3
1448,2598,4
544,940,4
544,260,1
544,590,3
1218,3706,1
1218,707,4
1448,2502,4
1448,3753,1
1448,2490,1
1218,3334,4
1218,1344,4
1218,1617,3
1218,1179,3
1218,930,2
1218,942,3
1218,1284,1
1448,3623,2
1448,2900,1
1448,2581,3
1448,2723,1
1218,1252,2
1218,541,3
1218,1267,4
1448,2629,3
1448,3174,4
1448,3160,4
1448,785,4
1448,2676,1
1218,3737,3
1218,800,2
1218,586,4
1218,2953,1
1448,2995,1
544,2135,1
544,631,2
538,3362,4
544,2083,4
1448,2716,3
1448,2607,2
538,527,2
538,2747,2
544,1088,3
544,1083,3
1448,3238,3
1448,2861,2
1448,2959,2
538,480,2
1448,2369,4
1448,2881,1
1448,2546,1
1448,2772,3
538,3113,2
538,1210,2
1448,223,1
1448,3203,1
1448,2541,1
1448,2037,2
1448,2038,2
1448,2770,4
1448,2355,3
1448,3005,4
1448,2694,3
1448,2997,4
1448,2683,2
1448,2827,4
1448,2555,1
1448,2707,4
1448,2706,3
1448,2188,2
1448,2858,4
1218,2186,2
539,733,2
539,3107,3
539,1573,2
539,2641,4
539,2414,4
539,1375,4
539,2617,2
1218,750,2
539,3438,3
539,288,3
539,1587,2
539,3082,3
539,95,4
539,3633,1
539,2613,4
539,2989,1
539,353,1
539,1480,2
539,2105,3
539,2990,3
1218,2478,2
1509,695,2
1509,2024,2
1448,193,2
1448,2882,3
539,3763,4
539,2115,2
539,555,1
539,1101,2
539,480,3
539,2273,3
1448,2422,1
1448,3428,2
1448,3001,1
539,303,2
539,1722,2
539,1676,2
1448,3436,3
539,3300,3
539,2278,3
539,2826,4
539,377,3
539,592,3
539,1370,3
539,2000,1
1509,2807,3
1509,2450,4
1448,2560,3
1448,3758,4
1509,2448,3
539,2167,3
539,3753,3
539,2993,4
539,3578,1
539,10,4
539,112,1
1509,2053,1
1509,332,4
1509,2986,4
1509,3326,4
539,368,4
539,2916,1
539,3704,4
539,3769,4
1509,2054,2
539,3527,4
539,2640,4
539,2406,1
539,2533,4
539,507,2
1509,3698,2
1448,430,2
1509,2641,1
1509,2985,2
1509,3033,2
1509,2346,2
539,1610,3
539,2947,1
539,3555,3
539,2194,2
1448,2421,1
1509,2046,4
539,3740,4
539,2872,2
539,1372,4
539,3519,4
539,1374,3
1509,2116,4
1509,2640,2
539,2944,2
539,2529,4
539,2985,1
539,3418,2
539,1275,4
539,1129,2
539,3654,1
539,1408,1
1509,2529,2
1509,2553,4
539,110,3
539,457,2
539,1287,1
539,2571,1
539,3197,2
539,1222,3
1509,1097,2
539,1200,1
539,3104,1
539,21,1
539,1304,4
539,1291,2
1509,3471,2
1509,1196,3
1509,260,1
539,1214,2
539,1197,3
539,2288,1
539,3702,4
539,1196,2
1509,1129,2
539,1198,2
539,260,1
539,3703,2
539,1215,2
539,1912,4
539,3948,1
539,3911,2
2022,3911,3
539,2527,3
539,1091,3
539,289,1
539,3070,1
539,593,1
539,2028,3
539,1210,2
539,1387,3
539,471,4
2022,3755,3
2022,648,4
2022,3578,1
1448,2961,2
1448,2314,1
1448,537,3
1448,3584,3
1448,455,3
1448,2412,1
1448,3707,2
1448,2431,1
1448,2829,1
1448,3711,1
1448,209,3
1448,1726,3
1448,42,1
1448,2504,3
1448,2410,3
1448,2374,2
1448,2771,4
1448,2411,1
1448,2154,2
1448,2977,4
1448,536,4
1448,1918,2
1448,2942,2
1448,3257,1
541,590,2
541,1485,3
541,1370,2
1448,3649,3
1448,1483,4
540,3763,2
1448,1093,4
1448,574,3
540,32,1
541,1639,4
540,2692,1
540,1704,4
541,587,1
541,838,2
540,778,3
540,1206,4
540,110,4
541,3418,1
541,3174,2
541,62,4
540,3213,1
1448,3261,2
1448,195,1
1448,1816,2
1448,2409,1
540,1247,4
540,260,2
540,1196,1
541,508,3
1448,2520,4
541,300,1
540,318,3
541,2580,3
540,3751,4
1448,140,2
540,2329,1
540,541,4
541,2291,4
540,69,3
541,1747,1
540,1089,1
540,1193,3
541,357,4
541,1721,4
1448,2749,4
1448,3714,4
541,1408,4
540,2146,4
541,1357,4
1448,3791,4
1448,3053,4
541,249,4
540,300,1
1448,24,1
1448,2002,4
540,1213,2
541,47,2
541,2125,1
540,527,3
540,2959,4
541,2336,4
1448,382,4
1448,2755,2
1448,207,1
540,608,3
541,1266,3
541,2686,4
540,2025,4
540,296,1
1448,3528,2
541,337,2
541,3147,1
541,110,3
541,1393,3
540,104,4
541,2571,3
1448,1727,4
540,1060,4
540,223,1
1448,1667,1
540,2997,1
1448,1399,4
1448,3496,4
1448,31,2
540,1265,3
540,1148,2
541,1704,4
540,745,1
541,296,1
1448,2145,1
1448,2453,4
540,288,3
1448,361,1
541,448,3
541,114,3
1448,354,2
1448,372,4
1448,2672,2
1448,3145,3
1448,1410,2
541,2762,4
541,1203,3
540,1097,1
540,1210,2
540,2338,4
540,2707,4
540,1372,2
541,2876,2
1448,4,1
1448,2297,1
1448,351,1
541,527,4
541,593,3
541,1276,2
541,1225,2
1448,802,3
1448,1290,3
1448,3449,3
1448,371,3
541,1197,1
541,608,2
541,923,3
1448,3186,2
1448,1620,1
1448,2432,4
1448,280,2
1448,3500,3
1448,2245,3
541,1198,3
541,318,1
541,1207,1
541,1204,1
1448,2875,3
541,3469,3
1448,2702,2
1448,647,3
1448,2479,1
1448,2023,1
1448,147,3
1448,3478,4
1448,1888,4
1448,182,4
541,3440,3
1448,1395,1
541,3439,3
541,653,4
541,2,4
541,3489,1
541,3438,4
541,60,2
1448,2190,1
541,367,1
541,788,1
541,317,3
541,2622,4
541,3247,1
541,356,4
541,3255,3
541,1784,1
541,1923,3
541,1500,4
541,141,4
541,11,3
541,235,1
541,3253,4
541,342,4
541,2997,1
541,21,2
541,2321,2
541,39,2
541,497,2
541,1641,3
541,223,4
541,1265,3
541,1588,3
541,1136,4
541,2858,1
541,2396,4
541,34,3
749,2085,3
541,880,4
541,435,2
749,2018,1
541,2053,1
749,596,1
541,546,3
541,512,4
1448,2337,1
541,1690,1
1448,3684,3
1448,832,1
1448,2420,3
1448,481,2
1448,848,4
541,327,1
541,1676,3
541,2094,3
1448,2419,1
1448,1711,1
1448,1401,4
541,185,4
541,3269,4
541,1320,4
1448,3480,1
1448,3173,3
1448,3198,3
1448,271,3
541,196,3
541,2012,1
544,1932,3
544,1380,1
544,1032,3
541,2105,1
541,426,3
544,364,2
544,1028,4
544,900,4
544,2096,4
1448,3591,1
1448,1124,4
1448,1586,2
541,329,4
541,2011,2
541,3660,3
541,2699,4
541,2046,3
541,2021,2
1448,2250,1
1448,3844,3
544,73,2
544,1035,2
544,2080,1
544,2971,1
544,2078,3
544,1947,3
1448,57,4
1448,506,1
1448,885,3
541,2054,4
749,1812,2
541,1527,2
541,2600,4
544,1029,2
544,2565,4
544,1282,1
544,1022,2
544,938,4
544,595,1
541,2985,4
541,1396,2
541,2140,3
541,1653,3
541,780,1
1448,1611,1
1448,461,3
1448,428,3
1448,3107,3
541,1580,3
1448,3176,3
1448,3448,3
541,2657,3
541,3175,2
541,2916,4
541,3702,3
541,1356,1
1448,3211,1
1448,2433,3
1448,1476,3
1448,531,1
1448,3259,2
541,1584,4
541,1127,2
541,480,1
541,1210,2
541,32,1
1448,3251,1
1422,2412,2
1448,1061,1
541,1270,4
541,2529,2
541,589,4
1448,1954,4
1448,592,4
1448,1298,1
1448,1589,4
541,1214,2
541,1200,4
541,541,3
541,1196,1
1448,3498,4
1448,346,2
541,2092,4
541,631,3
541,239,1
1422,273,3
541,13,1
541,2123,4
541,1030,4
541,1064,3
1448,2001,4
1448,2919,1
1448,431,3
1422,2875,1
541,3034,4
541,1405,1
541,1688,4
541,2090,3
541,48,4
1448,1810,4
1448,766,2
1448,2551,4
1448,22,1
1448,1120,4
1448,988,3
541,661,1
541,1566,2
541,2141,2
541,1033,3
541,1025,2
541,2078,4
541,2139,1
541,2294,3
541,2394,3
541,313,2
1422,1515,3
541,1907,4
541,2087,3
541,783,4
541,364,2
541,2081,1
541,2085,1
541,2096,1
1422,3020,4
541,595,4
541,1029,4
541,2018,1
541,1023,1
541,1022,2
541,2089,1
541,594,3
541,588,4
541,2687,1
541,1223,1
541,2987,2
541,2137,1
541,745,1
541,720,4
541,2138,2
541,1148,2
541,3114,2
541,1,3
541,2355,3
541,1282,4
1422,3500,4
541,648,2
541,3481,1
541,3745,1
541,3751,2
1422,2429,3
1422,253,4
1422,2112,1
541,1097,3
541,1028,1
541,2728,3
541,471,3
1218,691,4
541,260,2
541,1193,1
1448,2076,2
1448,2718,3
1448,358,4
1448,3685,1
1448,2243,4
1448,1653,3
1448,628,1
2859,3147,2
2859,1391,3
2859,2470,4
2859,2301,4
2859,1374,1
544,919,3
544,551,1
544,899,2
544,914,1
544,594,3
544,588,3
2859,2423,2
2859,2115,2
1448,3252,1
1448,1466,4
2859,3448,3
1448,55,3
1448,300,4
1448,161,1
1448,943,1
1218,1544,1
1218,1831,1
1218,1198,4
1448,3255,4
1448,3094,2
1448,2738,3
1448,3138,1
549,1873,2
1448,1179,2
1448,175,2
1448,1729,2
1448,3386,3
1448,2194,2
1448,269,2
1448,2071,2
1448,3272,4
1448,2712,1
1448,3526,4
1448,2022,4
549,2037,2
549,3804,1
1448,1396,4
1448,1366,1
1448,3655,3
1448,2739,3
1448,1962,3
549,2367,1
2859,2791,1
549,2014,3
549,1030,1
1448,590,2
1448,1099,4
1448,1784,1
549,2535,3
549,2040,1
549,2789,3
549,2090,2
549,1380,1
1448,3424,4
1448,2427,3
1448,2743,3
2859,1296,1
1218,2430,4
549,3040,3
549,2779,3
549,1125,3
549,2991,4
549,3639,2
549,3635,3
1448,3296,1
1448,1682,3
1448,1747,1
1448,3168,3
1448,2282,3
549,1350,2
549,3760,3
549,2137,4
1448,2352,1
1448,1897,3
1448,3019,2
1448,1059,3
1448,3169,2
549,1077,1
1448,58,3
2859,2064,3
2859,1291,2
2859,1270,4
2859,2918,4
549,2109,1
549,3034,1
549,1997,1
1448,2926,2
1448,1956,1
1448,3194,3
1448,1678,4
1448,1955,2
549,3671,2
549,3396,2
2859,1242,4
1448,1185,3
1448,2114,1
549,1387,1
549,2971,3
1448,509,2
549,1278,4
549,1080,4
549,3421,2
549,1294,3
1218,3844,1
1448,3408,2
1448,529,3
549,2819,2
1448,1094,4
1448,1584,2
1448,1393,4
1448,1186,4
1448,1674,3
2859,1198,1
549,1136,3
1448,293,1
549,3433,4
549,3432,3
549,2460,1
549,3767,4
549,3390,2
549,2164,3
1448,2890,2
1448,3426,2
1448,2065,3
1448,1097,2
1218,2956,1
1218,1948,3
1448,2329,3
1448,150,1
1448,1103,3
1448,2291,3
1448,2313,1
1448,235,4
549,3442,1
549,2902,3
1218,2406,2
1448,1272,1
1448,3246,1
549,2950,2
549,2404,3
549,2786,4
549,2260,2
549,2147,3
549,2862,4
1218,2272,3
1218,1193,4
1448,3098,3
1448,337,4
1448,25,2
1448,1704,4
549,3313,2
549,3331,4
549,2639,4
549,3707,1
1448,2289,1
1448,1968,3
549,2146,4
549,1974,2
1448,1961,4
1448,3078,1
549,2513,4
549,2143,3
1448,920,1
549,2790,3
1218,2474,4
549,3844,2
549,3725,2
1448,562,4
1448,1411,3
1448,3359,2
1448,1952,3
549,3423,1
549,1346,1
549,1101,3
549,2846,2
1448,1293,3
1448,2908,1
1448,3370,2
2106,525,1
549,2453,3
549,2749,4
549,2376,4
549,3478,1
1448,1242,2
549,2734,1
549,3016,1
2106,340,3
1448,3471,3
1448,34,4
1448,1673,3
1448,3037,2
1448,3095,1
549,3142,4
549,2097,2
549,2420,2
549,1124,2
549,2114,2
1448,1694,2
549,2048,2
549,2474,3
549,3550,1
549,3479,4
1448,1245,1
549,2745,1
549,1347,4
2106,3699,3
1448,2501,3
1448,866,1
1448,3741,4
549,3684,2
549,2401,2
549,1130,4
549,3734,3
549,1298,3
1015,2279,3
1448,1084,1
1448,3214,3
549,2312,1
549,3111,3
549,1246,2
549,1321,3
1218,3405,2
1218,932,3
2106,529,1
549,2987,3
549,2076,1
549,3211,1
1448,1090,2
1015,3935,1
1448,247,1
1448,1247,1
549,1961,1
549,1295,2
1448,1208,1
1448,1222,4
549,2467,1
549,1957,3
549,3360,2
549,1960,1
549,1185,1
2106,1120,2
1448,3006,1
1448,2028,2
549,1090,3
549,1305,4
549,1258,3
1448,2804,3
1448,919,2
549,1293,4
549,3098,1
549,1231,4
549,2130,3
549,2313,4
549,2020,2
549,3068,3
2106,612,2
2106,1956,1
549,2859,2
549,1238,2
549,2070,4
1448,908,1
549,1224,1
549,1228,1
549,3090,3
1448,3350,3
1448,318,2
1448,1196,1
1448,1225,1
1448,111,4
549,1225,3
1448,1193,2
1448,527,3
1448,912,4
549,3408,1
1448,2324,2
1448,593,1
2106,2422,3
2106,2420,3
2106,473,3
549,1099,4
549,2633,4
549,944,1
549,920,3
549,965,1
549,954,3
549,2366,3
549,3462,1
1218,3186,1
549,919,1
549,2899,1
549,905,4
549,950,4
549,1256,3
2106,767,3
549,898,3
549,1029,2
549,596,2
549,943,4
1422,802,1
1422,2120,1
549,2201,4
549,2018,4
549,2430,4
549,2099,3
1448,1717,3
549,953,1
1448,724,2
2106,867,2
549,2204,2
549,1269,4
549,3870,3
1448,3709,4
1448,1332,2
1448,2120,3
1422,1093,2
1422,43,2
549,2102,1
549,1282,3
1218,3147,3
1448,1974,4
1448,2713,1
1422,524,4
549,1068,3
549,912,1
549,3435,2
549,2203,2
549,1254,4
549,1284,1
549,913,4
549,923,2
549,1212,4
1448,3264,1
1448,2976,2
1448,532,1
1422,1711,4
1448,2004,3
1448,3918,2
1422,1693,3
1422,1027,1
1218,3869,2
1218,370,2
549,1016,1
549,1019,1
549,948,1
549,1103,1
549,915,2
549,3516,2
549,2096,4
549,2087,2
549,2565,4
549,1022,3
549,3549,1
549,3088,2
549,2662,1
549,1032,3
549,969,3
549,1012,2
549,3379,3
2106,3128,3
549,3871,4
549,3801,4
549,899,3
549,952,2
549,1203,4
549,916,2
549,900,2
549,1945,2
549,1237,1
1218,1404,3
549,3600,4
549,3520,3
549,2136,1
549,1951,1
549,1013,3
549,1010,1
1448,3081,1
1448,1334,2
1448,2657,3
1448,1130,3
549,1025,4
549,3168,4
549,2135,1
549,2870,3
549,2085,3
543,1726,3
1448,1347,2
1448,2003,3
1448,2747,3
549,1017,3
549,902,2
549,1023,1
549,2993,2
549,3873,2
549,1028,1
549,3653,3
549,2078,1
549,914,3
1448,2746,2
1448,253,3
1448,3693,2
549,1947,2
549,2949,3
543,886,4
1448,2710,2
1448,968,3
1448,2118,1
1448,3016,2
1448,2459,1
549,2947,4
549,2529,3
543,104,1
549,3788,3
549,1333,2
549,2857,4
1448,3273,3
1448,2826,1
1448,2867,3
1448,188,4
1448,1407,2
1448,1645,3
1448,1215,1
1448,2789,1
549,1952,3
549,2728,2
543,1753,2
1448,1982,2
1448,1261,4
1448,1994,4
549,1949,3
549,1304,4
549,924,4
543,2706,3
549,750,3
549,1204,4
549,1247,4
549,1207,1
549,3469,4
549,3468,2
1448,1345,2
1448,1321,4
1448,2455,2
543,2006,1
1448,1997,1
1448,1350,3
1448,1330,2
1448,1340,1
1448,1333,4
549,1084,4
543,2700,4
1448,2160,1
1448,2648,2
1448,1258,4
1448,3476,1
1448,3917,3
1422,3176,4
1448,1278,1
1448,1387,3
1448,1219,4
1448,2366,2
543,1004,2
1422,3107,4
1422,991,4
543,2411,2
543,1562,1
543,3113,1
543,71,1
1422,205,3
1422,3255,2
543,423,2
543,2468,3
543,1599,2
543,3841,2
543,1100,2
543,168,3
1448,1191,3
543,544,1
543,2421,2
543,1752,4
1448,3142,1
543,3257,1
1422,249,2
543,849,1
543,459,1
543,2409,3
543,153,4
1448,581,4
1448,3281,3
543,1616,1
543,485,3
543,548,3
543,44,4
1448,1856,4
1448,2064,4
543,466,2
543,1479,4
543,208,2
1422,3250,1
1422,1721,3
1422,534,1
543,434,3
1422,354,3
1422,3174,2
543,533,3
543,2616,2
549,838,2
1448,246,1
1422,412,4
543,1918,2
543,387,1
543,552,1
543,2405,4
549,112,3
549,1442,1
543,479,4
543,2376,4
543,3274,3
549,230,2
549,280,4
1422,3100,3
1422,3060,1
543,1597,2
543,2403,1
543,3638,1
543,1754,4
543,2002,4
1422,151,1
1422,3418,2
543,2094,4
543,1375,2
543,95,1
543,736,2
543,1801,1
1422,1747,4
1422,1094,3
549,2770,2
543,3020,1
543,3107,2
543,1049,3
543,1792,4
549,3263,1
549,1027,2
1422,3271,1
543,1377,1
543,1552,4
543,1769,4
543,493,4
543,145,1
543,1608,2
1422,1393,2
549,187,4
1422,1682,2
543,511,2
543,2802,2
543,165,3
2106,2261,3
549,271,2
543,3082,3
543,3769,1
543,648,1
543,2826,4
1422,2427,3
1422,1179,1
1422,17,4
1422,1357,2
1422,337,1
543,1370,1
543,288,2
543,2990,3
543,1954,3
1422,3147,2
543,10,3
543,2115,4
1218,1660,1
1422,2959,3
543,2476,3
543,380,3
543,2273,1
549,783,1
543,3444,2
543,2457,4
543,2406,2
1422,1704,3
1422,150,2
1422,2336,2
1422,2890,2
549,291,4
543,3740,3
543,353,3
543,3836,3
543,1047,2
1422,1213,1
549,851,2
543,474,2
543,733,4
543,2167,2
543,2001,3
1422,2028,2
1422,3260,3
543,163,3
543,592,4
543,2353,1
543,2490,1
543,555,4
543,21,2
1422,608,3
543,3418,2
543,2000,2
1422,593,1
1422,318,1
1422,527,1
543,1220,3
543,457,4
544,2330,3
543,1912,4
543,2194,2
543,2028,4
543,1291,1
542,648,1
543,1242,1
543,1036,4
543,110,2
1422,2289,3
543,1198,4
543,1197,2
543,858,1
542,3624,4
542,3481,1
543,487,1
543,432,1
543,416,2
1422,2098,1
543,210,1
543,1379,1
543,2478,4
543,266,3
543,996,4
543,1378,2
1422,2015,1
1422,1028,2
1422,1010,1
1422,2136,1
543,2401,1
543,383,4
543,368,2
543,303,1
543,2922,3
543,2951,4
543,590,3
1422,3507,3
1422,2035,4
1422,2078,3
1422,2946,2
543,553,4
543,2921,3
543,3671,2
543,3508,1
542,3,4
542,1544,4
1422,1304,3
1422,1276,4
543,1201,1
543,3681,4
1218,647,4
542,524,4
1422,2518,1
1422,2001,2
542,3450,2
542,3173,3
543,1275,1
1218,123,1
1422,1663,3
1422,3210,1
1422,1220,4
543,2253,2
543,1702,2
543,810,1
542,70,2
543,673,1
543,1126,4
543,3489,2
543,2162,4
1422,1288,3
542,3535,2
542,480,2
543,2015,3
543,2143,3
542,1580,4
1422,2051,3
1422,2016,3
1422,1011,2
1422,2055,1
543,2193,3
543,2105,2
543,60,4
543,653,3
543,2005,2
543,317,3
542,3555,3
542,3566,1
542,2455,3
1422,2095,3
1422,2040,3
1422,1007,3
1422,3506,4
1422,1380,4
1422,1194,2
1422,2014,4
542,3793,2
542,1965,4
543,2161,2
543,2100,3
543,2087,2
543,367,4
543,3479,3
542,3578,1
542,110,3
542,1673,4
542,589,1
542,1249,1
543,2174,2
543,1967,2
543,2797,1
1218,78,4
543,66,2
543,2643,3
543,405,1
542,3160,4
543,546,4
543,2322,3
543,880,2
542,2858,4
543,327,2
543,2808,2
543,3802,2
543,2642,4
543,2450,2
543,1591,2
543,1882,3
543,338,3
543,737,3
543,504,1
543,435,3
543,172,4
543,1831,3
543,256,4
543,1037,4
543,185,2
542,3946,4
1422,3040,2
1422,2109,3
1422,2779,4
1422,1125,1
1422,3836,2
1422,3363,4
1422,3244,4
1422,3671,3
1422,1073,3
1422,3037,1
543,2986,4
543,1371,2
543,3269,1
543,1544,2
543,379,2
543,748,4
543,173,2
542,3863,3
543,3697,4
543,1779,4
543,1917,4
543,2054,3
1422,3421,3
1422,1080,4
1422,1278,4
1422,3362,3
1422,2788,3
1422,3396,2
1422,1294,4
542,3879,1
542,3897,3
542,3948,2
543,1205,1
543,2311,2
543,1391,1
1422,1292,1
1422,1234,1
1422,1136,1
543,2012,3
543,316,4
543,780,3
543,3698,1
543,3033,3
543,329,1
543,2641,2
543,1876,1
543,3863,4
543,198,3
543,2628,1
543,788,1
543,2046,3
543,442,3
543,1573,4
543,2407,3
543,2011,4
543,426,1
543,1376,2
543,2140,2
543,1676,3
543,2640,2
543,3704,2
542,780,4
542,1721,4
542,1884,2
543,480,2
543,3527,1
543,2916,3
543,671,1
542,2959,2
542,1432,4
543,1748,4
543,1374,1
543,3702,1
543,1097,2
543,3793,3
543,2529,4
543,1580,3
543,1584,1
543,2985,3
543,32,1
543,3703,1
543,2571,3
543,3471,2
543,589,2
549,2687,4
543,1200,4
543,541,1
543,260,1
543,1196,3
549,3246,3
549,1401,3
549,553,4
543,2119,2
543,2113,1
543,12,3
543,1389,2
549,348,3
544,1272,2
543,2149,1
544,1294,4
549,535,3
544,356,1
544,1090,2
543,2338,1
543,3840,2
543,1623,2
549,595,4
544,2944,3
544,969,2
544,3836,1
549,1411,3
543,1388,2
549,337,4
549,2310,4
543,2793,4
543,2668,3
544,1299,4
549,1546,2
549,1095,1
544,912,4
544,1204,3
544,1210,2
544,1196,4
544,750,3
544,1262,4
543,2121,4
543,2448,2
543,2148,2
543,1644,4
543,3709,1
543,2026,1
543,196,4
549,3213,4
549,3728,1
543,2900,3
544,1233,1
543,2328,2
543,273,1
543,2787,2
543,2367,4
543,330,2
543,2004,1
549,1266,2
543,2717,2
543,2327,3
549,2761,2
543,2513,1
543,1320,4
544,2016,4
549,720,4
543,3264,3
543,177,1
543,2517,2
549,318,3
544,1007,1
544,2012,2
544,368,2
543,1329,3
543,3919,4
544,1201,2
543,407,4
544,3671,4
549,1234,4
543,253,2
544,1304,3
544,3037,2
544,1283,3
544,3873,2
544,1008,1
544,3030,1
543,799,1
543,2657,1
543,70,2
543,188,3
543,2617,2
543,1771,4
549,1073,2
549,1009,2
549,2528,2
549,1371,4
549,3638,3
549,2034,4
2076,1997,2
543,1342,2
543,1215,1
543,1645,4
549,1206,2
549,2640,4
549,260,4
549,2116,4
549,3702,1
543,1717,2
543,2003,2
543,1347,4
543,1407,2
549,2409,1
549,3194,3
549,2524,4
543,1991,3
543,3550,2
543,2118,2
549,3167,2
549,1954,4
549,3198,2
549,3135,4
549,3471,3
543,3917,1
543,3499,2
543,1994,2
549,2138,4
549,1082,4
549,3655,3
549,3363,3
543,2716,4
543,1214,1
543,2901,4
543,3018,1
543,1261,1
543,1982,1
543,1327,3
549,3152,3
549,3359,1
549,1244,4
549,1208,3
549,3735,4
544,1097,4
549,1193,1
549,3730,2
549,858,2
549,1221,2
544,1084,1
544,1198,2
544,1221,2
544,2194,4
549,3766,1
543,454,4
549,2410,3
549,2403,1
549,2411,1
549,3389,1
543,1270,3
543,1210,1
549,2741,1
549,3441,1
549,2989,3
549,1587,4
549,2414,2
549,2115,4
549,2990,4
549,3029,2
549,2193,4
549,3527,4
549,592,4
549,3197,1
549,1275,2
549,2194,1
549,1198,3
549,1242,4
549,2872,4
549,1291,4
549,1222,4
549,1218,4
549,3391,3
549,1381,3
549,3041,1
549,2382,1
549,3042,3
549,3690,2
549,3689,4
549,2381,4
549,2383,2
549,2380,2
549,2379,4
549,2458,1
549,2471,2
549,2050,2
549,2088,3
549,2473,4
549,2259,2
549,1330,1
549,3385,4
549,1091,1
549,3394,3
549,2478,1
549,3710,3
549,2405,3
549,2378,3
549,2717,4
549,2369,1
549,2794,3
549,2372,4
549,2735,3
549,2044,1
549,3395,2
549,2375,1
549,3846,1
549,2286,3
549,3399,2
549,3525,3
549,2133,2
549,1135,3
549,2134,1
549,1378,3
549,3497,4
549,2418,3
549,2301,3
549,2245,1
549,2457,1
549,2470,4
549,2469,2
549,3308,1
549,2001,2
549,2416,4
549,2262,2
549,3740,4
549,2150,2
549,2145,1
549,2736,1
549,2518,1
549,2247,1
549,2073,4
549,3397,1
549,2111,3
549,2406,3
549,3591,1
549,2371,3
549,3422,4
549,1958,4
549,3448,1
549,3398,4
549,2423,3
549,2144,3
549,2100,4
549,2867,4
549,3524,4
549,3552,1
549,1081,4
549,2081,4
549,2290,3
549,3087,2
549,3685,2
549,2750,2
549,2797,4
549,2746,3
549,3491,1
549,2003,3
549,3210,2
549,1211,3
549,2918,2
549,2926,1
549,2065,4
549,3039,3
549,3868,1
549,2000,4
549,2243,1
549,1968,2
549,1297,2
549,1663,3
549,3343,3
549,3361,3
549,3072,4
549,2973,2
549,2795,4
549,2463,4
549,1285,1
549,2174,3
549,3608,2
549,3526,3
549,921,2
549,1307,2
549,3104,4
549,2716,1
549,1220,1
549,2915,4
549,2352,1
549,3424,1
549,1079,2
549,3543,4
549,2248,3
549,2064,3
549,3613,3
549,1288,1
549,1394,4
549,1197,4
549,2804,4
549,544,1
549,3257,3
549,1882,3
549,2701,4
549,3802,3
549,420,2
549,466,1
549,996,2
549,517,4
549,3020,3
549,376,4
549,533,2
549,1833,1
549,1912,2
549,465,3
549,780,3
549,1619,4
549,12,3
549,2462,1
549,2995,4
549,188,2
549,724,4
549,1339,3
549,2710,3
549,2906,1
549,1100,3
549,1475,4
549,1835,4
549,2340,3
549,7,4
549,539,2
549,2424,1
549,3614,1
549,1722,1
549,1408,3
549,2502,2
549,762,3
549,998,4
549,2027,1
549,2616,2
549,259,3
549,999,2
549,2268,4
549,1729,1
549,555,4
549,1500,1
549,1785,1
549,2580,3
549,2408,3
549,2643,4
587,356,3
549,2642,3
549,1373,2
549,2615,4
549,2668,2
549,2054,3
549,3701,2
549,3033,3
549,3698,1
549,1375,3
549,2256,3
549,2021,4
587,3253,4
549,3070,2
549,2407,3
549,2613,1
549,2641,3
549,2011,4
549,2105,4
549,3704,2
549,1376,3
549,3576,4
549,2455,3
549,1374,4
549,3699,2
549,2985,4
549,1097,4
549,610,3
549,1270,1
549,1240,3
549,2968,4
549,1199,2
549,1196,4
549,541,4
549,3703,2
549,1274,1
549,3386,4
549,427,3
549,2389,4
549,2903,3
549,880,1
549,1752,1
549,1869,1
549,132,2
549,2122,1
549,540,2
549,2523,4
549,1055,4
549,3584,1
549,2505,3
549,1831,3
549,423,2
549,1479,3
549,1438,2
549,217,2
549,1995,2
549,2719,4
549,338,4
549,3355,3
549,3557,1
549,1686,3
549,3764,2
549,2315,2
549,1717,1
549,3708,3
549,1687,3
549,2263,1
549,1352,4
549,2126,4
549,3697,2
549,407,1
549,2211,1
549,1597,4
549,2181,2
549,1754,1
549,95,4
549,3273,4
549,2956,1
549,2803,3
549,2802,3
549,2267,1
549,165,2
549,1332,4
549,521,3
549,992,1
549,3063,2
549,3005,3
549,3249,4
549,1608,1
549,3623,4
549,1647,2
549,288,2
549,731,2
549,1518,4
549,1047,4
549,2179,1
549,2177,2
549,2617,1
549,2180,2
549,2753,3
549,481,4
549,2841,3
549,3686,1
549,3770,1
549,3810,2
549,2527,2
549,1092,1
549,3219,2
549,3529,4
549,353,1
549,89,4
549,2346,4
549,2273,4
549,1003,3
549,1892,2
549,2009,1
549,3706,4
549,2349,4
549,3015,4
549,3256,4
549,3101,1
549,2184,4
549,2182,4
549,1370,2
549,2353,3
549,1645,1
549,3102,2
549,2110,1
549,906,4
549,377,2
549,1824,1
549,931,4
549,2183,3
549,2118,4
549,474,4
549,1407,1
549,2551,4
549,1994,3
549,2178,1
549,3420,2
549,3476,1
549,2764,4
549,3204,4
549,3044,1
549,2202,2
549,373,2
549,1625,4
549,1127,2
549,1343,1
549,1086,2
549,933,4
549,3763,4
549,3849,4
549,2952,2
549,2176,2
549,1344,3
549,2550,3
549,3267,3
549,2206,3
549,3403,2
549,3203,2
549,3505,2
549,866,4
549,2212,3
549,2554,3
549,2208,2
549,2553,3
549,2227,3
549,6,3
549,1610,2
549,1674,2
549,2288,3
549,1200,2
549,2391,3
549,2871,3
549,2278,3
549,561,1
549,47,1
549,1036,4
549,1227,4
549,2917,4
549,457,3
549,3334,4
549,2983,1
549,929,4
549,930,4
549,2762,1
549,3551,1
549,2210,3
549,1953,3
549,903,3
549,1089,4
549,2186,3
549,50,3
549,1267,4
549,928,4
549,111,4
549,1252,2
549,1260,3
549,1219,4
549,904,2
549,1214,2
549,1617,4
549,707,1
549,173,3
549,2153,3
549,1867,2
549,1562,2
549,1591,2
549,2720,4
549,547,4
549,836,3
549,704,3
549,761,1
549,1894,2
549,798,3
549,316,4
549,434,1
549,10,4
549,362,1
549,1552,4
549,464,2
549,733,2
549,2167,4
549,1015,2
549,1049,3
549,349,1
549,1037,4
549,1917,3
549,2094,3
549,1762,4
549,1603,3
549,748,4
549,3269,3
549,2393,1
549,329,3
549,1676,4
549,1372,2
549,1320,1
549,1573,3
549,1527,4
549,198,1
549,1748,2
549,1921,3
549,1356,4
549,1909,2
549,589,2
549,2571,4
549,2916,3
549,741,4
549,1215,3
1181,521,2
549,3489,4
549,2253,2
1181,185,2
549,2628,2
549,2,3
549,1707,2
549,1853,3
549,19,1
549,1855,4
1181,146,1
1181,743,1
1181,305,1
1181,277,2
1181,2717,1
549,1839,2
549,1887,1
545,2763,3
545,3114,3
549,432,2
549,87,4
549,2953,1
549,419,1
549,1353,3
549,355,1
1181,2413,2
1181,203,2
549,2354,1
549,1445,2
549,429,3
549,1837,1
549,1772,3
545,24,2
549,1167,2
545,2901,1
545,1959,1
1181,2942,3
1181,2002,1
549,542,2
549,444,4
545,3752,2
549,1431,3
549,234,2
545,2720,1
545,2392,2
545,2761,4
1181,1515,1
1181,2541,1
1181,338,3
549,586,4
549,2587,2
549,153,4
549,3,3
549,1461,4
545,2716,1
1181,415,4
1181,1614,2
1181,1503,4
549,216,3
545,2712,4
549,2335,1
545,2828,3
549,2485,4
549,2581,1
545,3543,3
545,2369,4
545,2881,3
549,1409,3
549,2266,1
549,157,2
545,3751,1
549,1677,2
549,2683,3
549,3258,4
1181,719,2
545,2355,2
549,1057,1
1181,1128,4
1181,2495,1
1181,3718,4
1181,365,1
1181,2163,3
549,333,1
545,2997,3
549,2060,3
549,1753,3
549,2385,4
545,2683,2
1181,46,1
1181,24,1
1181,1390,4
545,2858,4
549,231,1
549,788,2
549,2805,2
549,597,2
549,468,1
549,513,2
549,552,4
549,435,2
549,413,2
1181,2598,2
1181,436,3
1181,2699,2
545,3354,2
549,3254,3
549,1848,1
549,2772,3
549,1513,1
549,3243,1
549,537,4
549,2572,2
549,500,3
545,3745,1
549,2387,3
549,725,2
545,648,3
545,3481,1
549,612,2
549,2567,4
549,2012,2
549,2496,3
549,2860,2
1181,2688,2
1181,3387,2
1181,1836,1
549,585,3
549,1919,4
549,339,1
1181,2143,1
1181,217,2
545,158,4
549,3712,1
549,356,4
549,2793,4
1181,2789,1
549,543,3
549,1566,2
549,104,3
545,1961,2
545,1092,4
1181,2378,4
1181,1422,1
549,2718,4
549,1485,4
549,2706,3
549,1777,3
549,1377,2
549,2302,4
545,1968,1
1181,2702,2
1181,2794,3
545,356,2
549,708,1
549,380,3
549,1569,1
1181,2040,2
1181,3525,4
1181,2520,3
549,410,3
549,1391,4
549,367,4
549,3253,4
1181,369,1
1181,3423,4
1181,472,3
1181,1405,3
549,1476,4
549,3809,3
549,785,4
549,3255,1
549,663,3
549,1517,4
549,852,1
549,3358,3
549,440,4
1181,144,4
1181,1488,3
549,2883,3
549,3052,3
549,2384,2
549,3466,2
549,180,4
549,492,2
546,1984,3
546,2710,1
546,3300,3
1181,3262,1
1181,2417,1
1181,2560,3
546,2874,1
546,902,4
1181,3425,2
1181,372,1
546,1197,3
546,1210,4
546,1196,3
546,2628,4
546,260,4
1181,1593,2
1181,2375,3
1181,1130,3
546,1254,4
1181,2466,1
1181,2013,1
1181,2181,3
1181,637,1
1181,2136,2
1181,2146,4
1181,3764,1
1181,3249,2
1181,1461,1
1181,135,2
549,2124,3
549,441,4
549,357,3
1181,2836,3
1181,3449,3
1181,2,4
1181,7,4
549,1854,3
549,588,3
549,799,2
549,497,1
549,2321,3
549,1732,4
549,1845,3
549,39,3
549,837,3
549,1641,2
1181,1346,4
1181,3812,3
549,223,3
549,2108,3
549,471,2
549,1923,4
549,1449,3
549,2355,1
1181,1701,1
1181,3771,2
1181,2418,3
1181,468,1
1181,2956,4
1181,289,2
549,2395,3
549,700,1
549,2700,2
549,1,3
549,1265,2
549,2396,4
549,1223,2
549,2599,1
549,745,2
549,3114,2
549,2324,3
549,2997,2
549,1148,2
546,2660,4
549,3502,2
546,916,1
546,933,3
549,2269,1
546,3035,3
546,1178,4
546,2664,3
1181,1513,1
1181,316,2
1181,2283,3
546,899,3
546,1248,1
546,910,3
546,904,1
546,3344,3
546,2365,4
546,3600,3
549,2236,1
1181,382,2
1181,3770,1
546,3806,2
549,270,4
546,2554,2
549,1801,4
549,1727,4
546,3604,3
546,968,2
549,2188,2
549,46,4
549,24,2
546,1028,2
546,1010,1
546,1018,4
546,2085,4
549,1586,3
549,351,2
546,3633,3
546,1017,3
546,1025,4
549,2688,2
549,436,2
546,2729,1
546,1947,1
546,3507,3
1181,252,4
549,1876,4
1181,585,3
1181,2133,4
549,1918,2
549,2429,1
1181,2752,3
546,2529,1
546,2078,2
549,2431,3
546,1023,1
549,282,3
546,3296,4
549,1488,2
546,911,1
549,2447,2
547,1265,1
549,3262,4
549,3500,4
549,3477,2
549,1624,1
546,1247,2
546,924,2
549,2297,3
549,3045,1
549,424,1
1181,2297,2
1181,2581,2
1181,1689,4
546,1949,4
549,382,1
549,1416,2
546,1267,3
546,750,2
549,2002,1
549,430,4
547,2011,4
549,802,1
549,1680,3
549,361,2
549,2541,3
546,1821,4
546,1513,3
547,780,4
1181,1611,4
1181,2470,4
1181,2004,1
546,3247,2
547,3070,3
549,3141,4
549,100,2
547,1527,3
549,1836,1
549,1817,2
549,1711,4
546,1391,4
547,1909,4
1181,1613,4
547,2021,3
547,3770,2
1181,253,4
1181,610,1
546,788,4
546,552,2
546,441,1
546,1405,4
549,1404,3
547,1129,1
547,3527,2
547,2657,3
547,1573,1
546,344,2
546,224,2
549,2849,2
547,2527,2
547,480,2
547,3699,4
1181,3844,2
1181,2255,4
1181,2710,4
549,3272,1
549,3252,2
549,832,3
549,1701,1
546,1020,2
546,218,1
547,1127,2
547,2640,2
546,305,3
547,3702,2
549,2023,1
549,1810,2
549,580,1
549,454,3
549,3261,3
1181,1669,4
1181,2718,2
1181,1399,2
547,32,3
547,1584,2
546,1911,4
549,1825,3
549,224,1
549,805,2
547,3471,1
547,2571,2
547,1200,3
546,2718,3
546,500,2
546,156,4
549,372,1
549,43,2
549,253,4
547,3703,1
547,1214,3
547,541,2
547,1196,1
546,187,3
546,2723,1
546,417,3
549,22,2
549,2112,4
546,585,3
546,1777,2
546,342,3
549,105,2
549,1482,2
546,539,1
546,1441,2
547,2393,1
547,1371,2
547,1375,2
547,1356,3
547,1374,4
547,1372,3
547,1376,4
547,1373,4
546,3261,2
546,1875,1
549,3107,1
549,1639,1
549,988,3
1181,3550,4
1181,3254,4
1181,2301,1
1181,1821,3
546,543,4
546,2295,1
549,94,3
549,11,1
549,1841,2
549,1061,1
546,2629,2
546,2699,4
546,3712,4
547,60,4
547,590,1
549,1805,1
549,1183,2
546,1648,2
546,122,4
546,3255,3
547,1580,4
1181,2860,4
1181,3478,1
549,3186,4
547,2916,3
546,3253,1
546,663,4
546,2622,4
549,2272,2
549,1093,3
549,3723,1
549,222,4
549,1480,1
546,1732,1
546,171,1
1181,3619,3
547,296,1
546,11,2
546,2700,3
546,1569,2
546,597,1
547,318,1
547,608,1
549,1306,1
549,507,4
549,159,1
1181,231,2
1181,2252,4
546,3809,1
546,3358,3
546,1883,4
546,356,1
546,2671,1
546,1042,4
546,1806,2
549,3426,3
549,1840,3
549,590,2
549,3105,4
546,3108,3
546,368,3
546,2589,2
546,440,4
549,628,1
546,52,1
546,380,2
549,2975,2
547,1635,1
550,1196,3
550,1228,2
550,1252,3
549,1051,2
549,1589,2
546,588,4
546,45,3
546,799,3
547,589,4
547,1240,1
1181,2090,3
549,431,4
549,1268,3
549,2702,2
546,1747,2
546,2355,2
546,1580,3
546,357,2
546,348,3
547,357,4
546,1923,3
546,1784,2
1141,708,3
1141,205,4
1181,1457,2
1181,1810,2
547,3479,4
546,497,3
1141,1556,1
546,1517,4
546,2759,2
546,2502,4
546,2542,4
547,377,1
549,3100,2
547,39,3
1141,2724,2
1141,2273,4
549,2231,3
546,2321,4
546,1824,3
546,125,4
549,1584,1
546,2395,1
546,1966,1
549,892,3
546,1449,4
547,2248,1
1141,524,4
1141,112,2
1141,2354,1
549,1884,1
549,1678,1
549,508,1
546,3175,4
546,2289,3
546,1500,1
546,34,1
546,1060,2
547,25,3
547,17,2
547,265,1
549,1190,1
549,1120,3
549,1784,4
549,1059,4
1141,3100,2
546,1,3
546,1188,4
546,232,4
546,1175,4
546,235,1
1181,2240,1
547,2020,2
547,2291,3
547,1172,4
547,2919,1
1141,2054,1
1141,3450,3
1141,1457,3
546,2599,3
546,223,3
546,3114,2
546,2997,2
549,3060,2
549,1393,3
549,2329,3
549,509,4
1181,339,4
1181,3497,4
546,2396,3
546,2324,3
549,1747,3
547,912,2
549,3108,4
549,2071,4
1141,1654,4
547,1247,2
1141,3751,4
1141,1020,1
549,875,2
549,45,1
549,1396,2
546,1191,2
546,549,2
1181,1018,4
549,1542,2
549,1094,3
549,1704,3
546,206,1
549,2501,1
549,16,3
549,3418,3
549,2282,3
549,300,2
1181,2889,3
1141,1394,3
546,3077,4
546,246,3
546,2693,4
546,1361,1
1181,3109,1
549,412,2
549,2024,1
547,1148,2
547,745,4
546,3825,1
549,293,3
549,17,2
550,2645,2
546,3598,4
550,50,3
550,904,3
549,150,4
549,1179,2
549,21,3
1181,2281,3
1181,1840,3
1181,2729,1
550,2761,3
550,1280,4
550,1217,2
550,1197,1
550,1243,4
549,281,4
549,1357,1
549,1682,4
549,1834,1
549,800,1
550,483,3
550,1224,4
550,318,3
549,2912,4
546,3942,3
546,3941,1
546,3933,3
546,3931,3
549,1673,4
549,1060,3
549,314,1
546,1977,3
546,1986,2
546,1972,4
546,3940,3
546,3939,3
546,3938,2
546,891,4
546,3799,4
549,529,1
549,2890,4
549,1719,4
1181,3141,2
1181,3221,3
1181,371,2
546,1969,1
546,1976,1
546,2456,2
546,1970,1
549,34,2
549,36,2
549,25,4
1181,1735,1
1181,3087,1
1181,2496,3
546,611,2
546,3922,2
546,3921,3
546,1971,4
546,3354,1
549,32,4
549,1358,2
549,994,2
546,3918,4
549,1392,2
546,3286,3
546,1544,4
546,2135,1
546,1327,3
549,235,2
549,1245,3
549,678,3
547,2987,3
547,3793,2
1181,2527,4
546,804,4
1181,1367,3
546,2399,1
1181,2539,4
546,1973,2
549,1176,4
549,2289,1
546,3923,2
546,70,3
548,3535,4
547,2396,3
549,593,1
549,527,1
1181,728,4
1181,3734,1
546,366,3
546,3287,1
546,3928,3
549,608,3
549,1213,3
546,3917,3
549,296,3
548,3787,1
546,2033,1
548,3301,4
548,3852,3
547,2734,3
1141,32,3
549,1812,3
1181,2062,4
1181,3259,1
1181,1013,2
1181,3500,3
546,2657,3
546,3675,1
546,266,3
547,3174,3
546,524,3
546,144,2
546,480,4
546,2455,1
548,3555,4
548,3755,3
548,3578,3
547,2716,3
547,3578,2
547,3175,3
546,1129,3
546,1035,1
546,3753,1
548,3298,1
548,3408,3
548,3624,3
1141,1748,3
546,2454,4
546,1261,1
546,3927,2
546,1673,3
549,3751,1
549,3793,2
1181,1016,3
548,3793,3
546,3793,3
546,551,2
547,1911,1
1181,1713,3
546,1282,4
546,3930,1
546,2291,1
546,1249,3
546,3481,4
547,3754,4
548,3481,1
548,3751,3
546,3160,2
546,3751,1
546,1259,1
546,3578,2
1181,490,3
1181,2021,1
1181,3110,1
547,2147,1
546,908,1
546,2858,3
546,110,4
549,277,1
547,2997,3
549,2399,1
549,1544,4
546,1092,3
546,1617,2
549,2456,2
549,3926,3
549,3937,3
546,920,2
546,2539,4
546,3438,4
549,1970,1
549,2241,1
549,3155,1
549,2792,4
547,260,4
549,1286,1
549,266,4
547,2872,2
547,110,1
551,3157,2
547,1544,2
547,527,2
549,3510,4
549,3918,1
549,3450,1
548,3911,3
549,490,3
549,524,3
549,648,4
548,3897,2
548,3893,4
548,3948,2
551,2506,3
551,468,1
549,2454,2
549,144,3
549,70,1
549,1035,1
549,480,3
1181,785,2
1181,2180,3
1181,2469,2
550,11,1
550,1220,2
551,2671,2
551,3450,1
551,339,4
549,3627,4
549,2657,1
549,3927,2
548,2571,1
548,858,2
549,661,4
549,1466,3
549,1580,4
549,3624,2
550,1279,1
550,3070,4
548,2130,1
548,175,2
548,110,1
551,597,3
549,3920,3
549,110,1
549,3917,4
549,1129,1
550,2109,2
550,2371,3
550,3157,3
550,1073,4
551,2978,3
549,2291,2
549,2791,2
549,551,2
550,3200,2
550,356,4
550,3039,2
550,1171,4
550,2001,2
549,2160,4
549,3947,2
549,3932,2
551,1569,3
551,1580,3
549,1600,1
549,2948,3
549,1259,4
549,1249,2
551,417,4
551,587,3
1181,1476,3
1181,2245,2
1181,3263,3
1181,2048,1
1181,2572,4
1181,2085,3
551,21,3
551,2384,2
549,1248,2
549,908,1
1141,2968,4
551,552,1
1141,2762,4
551,368,3
1181,2440,4
1181,999,2
551,1923,4
549,1658,3
549,1210,1
549,2413,1
549,1186,3
549,736,3
551,3178,1
549,3688,3
549,3082,4
549,1721,4
551,440,1
551,3052,3
551,2324,3
1141,1013,4
1141,2059,3
551,52,3
551,1784,1
1181,597,2
1181,1135,3
1181,2134,1
1141,648,2
1141,3623,3
1141,3793,2
1181,441,1
1181,1395,2
1181,2518,1
1181,3138,1
1181,1271,3
1181,2420,2
1181,2407,2
1181,261,2
1141,2097,1
551,1356,4
1181,3809,3
551,492,2
551,1245,3
551,2321,4
551,3044,2
1181,491,2
1181,2385,3
1181,141,2
551,356,2
551,3526,4
551,1959,2
551,3763,2
551,1171,4
551,828,2
551,3671,4
550,1028,3
550,3104,3
550,728,1
550,1916,4
551,538,2
551,1958,4
1181,440,2
550,1923,4
551,3175,2
551,1960,2
551,2294,2
551,3952,3
1181,2302,2
1181,2371,1
1181,3269,3
1141,3446,4
551,2928,2
551,1124,2
551,2137,1
551,1387,2
550,3052,3
550,892,2
550,440,4
550,2100,4
550,3253,3
551,43,4
551,262,4
550,367,2
550,2390,4
550,3108,1
550,1077,1
1181,2125,4
1181,781,3
1181,3723,4
551,3074,2
551,2150,4
551,1077,1
550,2926,3
550,2081,3
550,1784,3
550,2352,2
550,1845,3
550,2243,2
1141,2616,1
1141,2759,4
551,1747,3
551,3418,3
550,1968,3
550,2144,3
551,3510,1
551,3685,3
551,1968,4
550,2003,4
550,497,2
551,357,3
550,441,2
551,3699,3
550,21,3
550,1948,2
551,1186,3
550,3060,4
551,2100,3
551,3159,3
1181,1482,3
1181,412,2
1181,2247,1
550,1188,2
550,2797,4
550,2321,3
550,1285,3
550,3037,2
551,1954,1
1010,3513,3
1010,3755,4
550,125,2
550,1883,1
550,3255,3
550,1307,4
550,2108,2
550,588,1
550,357,2
550,3814,1
551,364,3
551,2194,3
551,448,3
551,2018,2
551,1883,3
1010,3793,4
1181,2779,1
1181,2262,3
551,261,1
551,3448,1
551,1610,1
551,1094,1
550,1963,4
550,3481,1
550,39,1
551,2268,4
551,1693,1
550,3685,1
550,1079,2
550,2918,1
550,348,3
550,1259,4
550,2080,2
550,3751,3
550,1270,3
550,2716,3
550,1162,4
1181,145,3
1181,3264,4
551,1608,3
550,1500,2
551,497,2
551,508,3
551,3421,1
551,337,1
550,1265,1
550,2174,1
550,1885,3
550,2248,3
550,1288,3
551,2890,2
551,3163,1
551,3251,2
551,1408,2
1912,1279,3
551,1073,3
551,1955,3
551,3334,3
550,3424,2
550,2064,4
550,2791,1
1181,2491,1
1181,2239,2
1181,3036,4
1181,932,4
1181,1841,2
551,34,4
551,11,2
550,3035,3
550,1244,4
550,1,1
550,3671,2
550,2973,4
551,3347,4
550,2102,2
550,3114,1
551,1278,4
551,475,4
551,1963,1
551,1682,3
550,1256,1
1181,2738,4
1181,1006,3
551,1961,4
551,588,3
551,1357,1
1912,3125,2
550,3307,4
550,1278,2
550,1292,4
550,2324,4
550,3072,3
1912,2520,4
551,2081,3
550,1273,3
550,34,3
550,1294,1
550,1394,2
550,3421,4
550,3028,2
551,1834,2
551,2750,2
551,1288,3
551,509,3
551,2852,4
550,2863,2
550,2599,3
550,1304,2
550,2858,3
550,1234,3
550,745,2
550,1230,1
550,1537,2
550,2300,4
551,2068,3
551,2243,1
1181,991,4
1181,1268,2
1181,2294,3
1181,76,2
1181,1190,2
1181,2078,3
1181,3591,3
551,3160,4
551,3255,2
551,1271,1
550,1223,1
550,3022,3
550,3897,3
550,1148,3
551,2391,1
551,1721,2
551,2289,3
551,1584,1
1181,2081,1
551,1680,4
551,1265,1
551,2065,4
551,1635,3
1181,2781,1
1181,1008,3
1181,861,4
1181,3446,1
551,3006,4
551,457,3
551,1674,3
551,348,3
551,3578,1
1912,193,4
551,1758,2
551,1246,4
551,3507,4
551,3100,3
551,2437,2
551,3062,1
551,1224,1
551,3504,4
1912,555,2
1181,493,1
1181,113,3
1181,2690,3
1181,2099,3
551,1270,4
551,1222,4
551,3147,3
551,1748,4
551,1196,1
551,3098,3
551,1641,2
551,515,4
551,3342,3
551,2970,3
1181,1027,4
1181,2528,1
1181,342,3
1181,2022,2
1181,2474,4
1181,11,3
551,1302,2
551,1080,2
551,914,4
551,2070,2
551,2020,3
551,1358,2
551,3201,1
1181,3813,2
551,1673,3
551,3068,3
551,2912,3
551,32,3
1912,105,3
551,1393,1
551,3072,4
551,1307,1
551,1249,2
551,2791,2
551,2130,3
551,1251,3
1912,2572,2
551,58,4
551,924,4
551,3037,2
551,1294,3
1181,2714,2
1181,1124,1
1181,2331,3
1181,3066,2
1181,1286,4
550,1235,4
551,3360,3
551,3034,3
551,2966,4
551,1639,3
551,2442,3
550,455,3
550,1642,3
550,1221,3
550,7,3
551,2571,4
551,3814,1
551,1179,2
1181,492,1
551,1213,3
551,3361,3
551,1263,1
551,3114,4
551,1183,1
551,589,2
551,3246,1
551,1300,2
551,1208,1
551,2028,2
1181,2945,2
551,1304,4
551,1956,3
551,2501,1
551,3090,1
551,3897,4
1181,298,3
551,1041,1
551,1219,2
551,2686,2
551,85,2
551,1095,4
551,2762,1
551,909,1
551,800,1
551,1235,3
551,3683,3
1181,3465,1
551,1247,3
551,2692,3
551,265,1
551,2973,2
551,2997,2
551,1242,4
551,1299,2
551,1207,3
1181,3587,2
551,3260,2
551,1282,4
551,3152,2
1181,3102,3
551,903,1
551,904,3
551,750,3
551,2396,4
551,3811,3
551,910,1
551,3185,4
551,908,3
1181,731,3
551,1225,2
551,2858,1
551,3105,1
551,920,2
551,1090,3
1181,3135,1
1181,94,4
1181,2757,4
551,1193,1
551,912,2
551,1929,3
551,527,1
551,1204,2
551,923,4
1181,2109,1
1181,2433,2
1181,2104,4
1181,2077,3
1181,3074,3
1181,1958,2
551,3916,2
551,3893,4
1181,69,3
1181,3052,4
551,1374,4
551,1230,2
1181,1192,3
1181,1321,2
1181,68,4
551,1210,2
1181,421,3
1181,2747,1
1181,3145,3
551,593,1
551,1293,2
1181,1121,1
1181,1042,3
1181,1511,1
1181,3211,3
1181,805,4
1181,1302,1
1181,1870,1
1181,2150,3
750,1956,3
750,1242,4
750,1186,2
750,3363,4
750,318,1
750,515,1
750,926,4
750,1172,4
750,3260,2
750,3089,1
750,908,2
750,1957,3
552,110,2
552,1339,1
552,1199,1
750,1945,1
750,1237,2
750,2858,2
750,1296,3
750,920,4
552,3204,3
750,593,4
750,527,2
750,608,2
750,1104,1
552,2453,4
750,1217,4
750,1213,2
750,1221,2
750,923,2
750,919,1
552,1848,3
552,3005,1
552,1220,2
552,2917,1
552,1772,4
552,1336,4
4387,52,4
552,423,2
552,3444,4
1737,3697,1
1737,2269,1
1737,355,4
1737,168,2
1737,60,4
1737,2986,1
1737,564,4
1737,842,4
1737,748,3
552,3394,1
1737,1126,1
1737,3274,3
1737,2688,2
1737,2328,1
1737,786,3
1737,1092,1
1737,153,4
552,2259,2
552,2035,1
552,2710,4
552,3671,4
552,2167,1
1737,2976,4
1737,2676,2
1737,662,3
1737,2094,2
1737,3243,4
1737,1027,4
1737,1440,3
552,2034,1
1737,1342,3
1737,784,4
1737,1515,4
1737,256,3
1737,2975,4
1737,2155,4
1737,1593,2
1737,3257,3
1737,423,2
1737,1920,2
1737,673,4
552,3705,1
552,141,2
552,1333,1
1737,208,1
1737,466,4
1737,15,2
1737,1379,1
1737,1713,1
1737,303,4
1737,485,1
1737,1806,3
1737,2514,4
552,3740,3
552,65,4
1737,2860,3
1737,1855,4
1737,2004,3
1737,379,4
1737,2822,3
1737,507,1
1737,435,3
1737,1590,4
1737,886,2
1737,3712,1
576,3624,1
1737,691,4
1737,2861,2
1737,20,1
1737,2710,4
1737,2770,1
1737,1909,2
552,2797,2
1737,333,3
1737,2712,3
1737,218,4
1737,653,3
1737,1422,2
1737,3264,2
1737,1544,2
1737,1550,3
1737,3176,3
552,155,3
1737,1717,1
1737,1690,2
1737,315,2
1737,3838,2
576,1302,4
576,2352,3
576,1956,2
1737,2683,3
1737,2485,4
1737,1917,4
576,3360,4
1737,1866,4
1737,3254,2
1737,410,1
1737,724,3
1737,3869,2
576,2064,2
576,2716,4
576,1197,3
552,1441,3
1737,434,1
1737,420,3
1737,2759,1
1737,372,2
576,3098,4
576,1210,2
576,2791,1
576,1307,2
1737,122,2
1737,512,4
1737,376,2
1737,3614,1
1737,1336,4
1737,230,4
552,3516,1
552,2314,3
552,1332,2
1737,1100,3
1737,2961,2
1737,1792,4
1737,2722,3
1737,3113,1
576,1674,1
1737,2429,4
1737,95,1
1737,2490,2
1737,2432,3
576,1231,1
576,1957,4
552,2997,4
552,2174,1
1737,587,4
1737,2718,1
1737,1762,2
576,1198,1
576,1225,4
1737,849,2
1737,1479,1
1737,5,4
1737,2315,2
556,3033,1
556,2034,4
1737,2541,1
1737,2699,4
1737,2433,2
1737,1833,2
1737,1391,2
1737,1876,4
1737,2340,2
552,3285,3
1737,292,2
1737,22,3
1737,257,4
1737,227,4
1737,548,1
1737,1888,4
552,153,3
552,1562,3
552,592,3
1737,426,4
1737,2231,3
1737,2539,1
1737,3020,1
1737,574,2
1737,2605,2
1737,1769,2
1737,3247,3
1737,2059,4
1737,2393,3
553,2321,2
556,2012,2
552,1092,3
1737,1385,4
556,2011,2
556,1356,4
556,2009,2
552,674,3
1737,1676,2
556,3175,3
556,1580,2
556,671,3
1737,489,3
1737,24,3
1737,277,3
1737,1518,1
1737,799,3
1737,1405,1
556,2010,2
552,145,2
552,2967,4
1737,736,3
552,3107,3
1737,1647,2
556,924,2
1737,586,3
1737,1569,3
1737,1895,1
556,750,3
1737,1754,4
552,3401,3
1737,330,3
1737,441,3
1737,464,2
556,3877,4
1737,145,4
1737,852,2
1737,198,1
552,1490,4
1737,212,4
1737,70,1
1737,1918,2
1737,158,2
1737,1821,2
1737,1892,4
1737,2060,4
1737,805,3
1737,1597,4
1737,3082,1
556,2531,2
556,2532,1
1737,2502,3
1737,1459,3
1737,3809,1
1737,2428,1
1737,2046,2
1737,2709,1
1737,442,4
1737,266,2
556,1100,1
556,3705,4
552,2153,4
552,3105,3
556,1831,2
1737,802,1
1737,2278,3
1737,349,3
1737,1527,2
1737,648,4
1737,2236,1
1737,10,2
1737,1513,4
552,3548,4
552,2827,2
1737,141,4
556,1586,3
552,1784,2
552,3524,1
1737,2694,3
1737,1370,4
1737,253,4
556,1371,2
1737,1722,1
1737,2496,3
552,2707,1
552,2458,4
556,2628,1
552,952,2
552,748,2
556,2105,3
552,1215,4
1737,597,2
1737,16,3
556,3638,3
1737,1573,1
1737,780,1
1737,2567,3
1737,2294,1
1737,2089,2
1737,2394,1
556,1373,4
556,2528,2
1737,2916,2
1737,2889,2
1737,3450,4
556,1573,4
1737,1645,4
1737,2706,1
1737,350,2
1737,539,2
1737,2273,4
1737,377,4
552,150,1
552,2320,1
552,1694,3
556,329,3
1737,3175,2
1737,1580,3
556,1372,2
1737,3174,4
1737,2671,3
1737,2334,3
556,3256,2
1737,500,3
1737,62,1
552,1021,4
1737,366,2
556,2115,1
1737,2572,4
1737,1673,3
556,1375,3
556,592,4
1737,2002,1
556,1376,4
1737,2006,1
1737,1042,4
1737,76,4
556,474,2
556,2640,4
1737,3081,3
1737,368,4
1737,1268,3
1737,543,2
556,1036,1
556,2529,3
552,3706,3
556,1374,4
556,1200,4
556,1222,3
556,2366,3
556,1304,3
556,457,4
552,1499,3
556,1291,2
556,1287,3
556,2949,2
556,2948,2
556,1240,3
556,1214,4
552,1693,3
556,2947,4
556,1387,3
556,2571,2
556,589,1
552,11,1
552,1321,1
552,2793,4
556,260,4
556,1196,3
556,969,1
556,1198,1
556,3604,1
556,1416,3
556,1093,2
556,2135,1
552,1225,3
556,901,3
556,938,1
556,1081,1
556,2746,1
552,2748,1
552,2971,4
553,2829,3
553,2436,4
556,3549,1
556,2565,3
556,1035,2
553,3258,2
553,370,4
556,3545,1
552,1214,2
552,1200,1
552,1690,2
1737,785,3
1737,2978,4
1737,2883,3
553,1711,1
552,808,2
1737,11,3
1737,524,2
1737,380,3
1737,553,4
553,586,1
1737,1608,3
1737,364,2
552,3841,4
552,1608,1
1737,357,4
1737,480,4
1737,1748,4
553,500,2
1737,778,1
1737,1729,1
1737,1610,2
1737,733,4
1737,1215,4
1737,3255,4
553,2683,2
553,417,4
1737,1682,2
1737,1777,1
1737,3256,3
1737,1372,3
552,2846,4
553,2622,2
552,2124,2
552,3710,1
552,410,3
553,1414,1
553,3247,3
552,1127,4
552,1459,2
553,492,3
553,371,4
552,2505,3
552,3153,3
552,2475,3
552,2311,2
552,1019,4
552,1609,4
552,924,2
552,2826,2
552,999,1
552,3420,2
552,2072,1
552,3262,4
552,3479,2
552,784,3
552,3039,4
552,2808,2
552,1721,2
553,2539,4
1737,2355,2
1737,344,4
1737,231,3
1737,361,1
1737,3252,1
1737,2395,1
1737,3044,2
1737,356,3
1737,1753,4
1737,39,4
1737,21,2
1737,2707,4
1737,3108,2
1737,1883,3
1737,17,3
1737,3052,1
1737,1343,3
1737,1732,3
1737,1500,3
1737,1517,3
1737,440,1
1737,590,1
1737,2169,4
1737,2291,3
1737,2353,3
1737,1784,3
2478,3871,4
1737,2125,1
2478,1927,4
553,587,1
2478,945,3
553,532,2
553,2124,2
2478,3932,4
553,2837,1
2478,1258,3
2478,1337,1
1181,3507,2
553,1923,3
1181,955,1
1181,1982,4
1181,2140,2
553,52,2
1181,561,3
1181,1966,1
553,2700,3
553,2324,4
1181,1345,3
553,551,3
553,497,1
1181,3792,1
1181,2795,2
1181,897,1
553,1392,2
1181,62,2
1181,3412,3
1181,1022,4
1181,1517,1
1181,2138,3
1181,2124,1
1181,3699,2
1181,1923,1
1181,2764,4
1181,1693,1
2478,3032,4
2478,1676,1
1181,1940,1
1181,3105,1
1181,1186,1
1181,595,3
1737,1694,1
1737,104,3
1737,508,3
1737,1584,1
553,232,4
1181,3668,1
1737,1923,1
1737,2599,2
1737,110,4
1181,223,1
1181,948,1
1181,2398,1
1181,85,3
2478,3175,2
2478,1584,1
2478,1374,2
1737,1625,1
1737,180,4
1737,2693,4
1737,2321,3
1737,741,1
1181,314,4
1181,2759,2
2478,3755,2
1737,32,3
1737,3100,4
1737,1266,3
1737,1407,3
1737,3147,4
553,1701,2
553,838,3
1737,457,1
1737,2268,2
1737,2580,2
1181,3396,3
1181,2926,2
1181,3100,2
1181,3253,3
1181,976,3
1737,3499,3
1737,3418,4
1737,2997,3
1181,3424,2
1181,535,2
1181,156,1
553,585,2
1737,2959,3
1737,1912,3
553,410,2
553,345,4
553,1747,2
1737,2700,3
1737,3114,1
1737,3253,3
1181,1113,4
1181,1941,2
1737,2890,4
1737,25,2
1737,1265,2
1181,2139,4
1737,593,2
1737,608,4
1737,1704,4
1181,3018,3
1737,1213,3
1737,589,4
1737,2571,4
1737,2028,2
1181,534,2
553,3255,3
553,1784,4
553,2384,3
1737,1617,1
1737,2762,4
1737,3250,3
1181,2068,3
1737,1089,4
1737,2761,3
1737,29,3
553,357,2
553,1883,4
1181,594,3
1181,3230,4
1737,527,1
1737,296,2
553,892,4
553,348,4
553,39,4
553,2690,4
1181,1305,4
1181,3072,3
1181,1187,3
1181,1997,1
1737,1772,3
553,2395,3
553,1612,4
553,728,2
553,1265,1
553,811,4
1181,475,1
553,21,4
553,235,2
553,1885,1
553,2599,3
553,2396,1
553,3083,4
1181,1246,2
553,2858,3
553,3175,1
1181,1189,2
1181,1281,4
1181,2074,3
1181,1411,3
1181,952,2
1181,1333,1
1181,1054,2
1181,2131,3
1181,1203,4
1181,116,4
1181,3350,2
1181,3213,3
553,745,1
553,1734,2
553,1148,4
1181,3654,4
1181,3451,2
1181,1303,1
737,1,3
1181,1931,4
1181,957,2
1181,941,4
553,1959,3
553,3072,3
1181,3296,2
553,1097,2
1181,1348,3
737,3685,4
1181,1243,4
1181,1936,3
737,1079,4
1181,951,3
553,2696,2
553,1210,4
737,1278,1
737,1223,2
1181,3496,1
1181,28,3
1181,1933,3
1181,2891,1
1181,104,2
1181,1129,2
556,2450,2
737,3476,4
556,2041,2
556,258,2
556,2953,2
556,2047,1
556,158,4
556,673,1
1181,160,3
1019,2035,2
1019,2136,2
1019,2078,1
1019,1010,3
1019,1028,3
1019,2780,3
1019,3507,4
1019,3028,4
1181,3060,2
1181,3751,4
554,3948,3
1181,912,1
1181,3873,2
1181,1304,4
1181,105,4
1181,1084,3
1181,3204,2
1181,2917,4
1181,2076,1
1181,1171,1
556,1848,1
1019,2389,2
1019,1562,3
556,2046,3
556,2043,1
1181,3671,3
554,2763,2
1181,3683,2
556,1030,2
556,2093,3
554,2700,2
554,3176,3
554,2702,2
556,2052,1
556,2090,1
556,2014,4
556,2083,2
556,1031,1
556,2005,2
556,2095,2
1019,2616,3
1019,3272,1
558,2971,4
554,2762,3
554,2724,4
554,2396,2
554,3185,4
556,2050,3
556,2082,1
556,1033,1
556,1007,4
556,1011,3
1019,2112,3
1181,3566,4
1181,2352,2
1019,2023,1
556,586,2
556,1013,2
556,2054,4
556,1967,3
556,317,1
554,24,1
1019,999,3
1019,869,1
556,1460,3
556,1018,1
556,2141,3
737,2303,3
554,3753,1
554,1959,2
1181,417,4
554,2734,2
556,2057,3
556,2015,3
556,2161,2
1181,1562,2
1019,3729,3
554,2805,3
554,3160,4
554,785,1
554,2390,4
1019,2268,1
1019,1466,1
556,1016,4
556,3398,1
556,917,3
1019,2511,3
1019,3744,4
1019,1729,3
554,2688,1
554,2716,2
554,3578,4
556,3397,1
556,1024,3
556,2140,2
556,616,1
556,1019,4
556,531,4
556,2102,1
556,1014,3
1181,2016,2
1181,1230,4
554,2712,1
554,2959,1
737,923,2
556,1017,4
556,2048,4
1019,2580,4
554,2336,1
554,3113,2
554,2605,1
556,783,3
556,2081,4
556,588,3
556,2899,3
556,2139,2
556,364,1
556,1022,1
554,2881,3
556,2096,2
556,1032,2
556,2078,4
556,2087,3
556,1029,3
556,262,1
556,2085,1
556,2138,3
554,223,1
554,3203,2
554,2722,4
1181,2858,1
554,2770,4
554,2908,2
556,3034,2
556,1282,1
556,1097,3
554,3285,3
556,2018,3
554,2683,4
554,2699,4
1181,2792,4
1181,3701,2
1181,926,4
558,364,4
556,594,3
556,596,2
556,919,3
556,595,1
554,2706,3
554,2826,3
554,2858,4
1181,1019,4
554,1101,4
554,838,4
554,593,4
2627,3618,4
2627,3317,2
2627,3302,2
2627,3536,1
554,1193,1
554,2437,3
554,1457,2
2627,235,3
2627,2395,1
2627,1175,1
2627,441,1
737,1242,1
2627,3007,4
2627,3328,3
556,2150,3
556,1220,3
556,348,2
556,2395,4
556,2108,3
556,3072,3
556,3061,4
556,2359,1
556,1028,3
556,1968,2
555,2294,2
555,783,4
555,2081,2
555,1907,4
555,364,1
555,2987,4
555,588,3
555,3213,3
555,1282,1
555,2761,4
555,1,1
555,1148,3
555,745,2
555,3114,2
556,3363,4
556,2174,4
556,3396,3
556,1078,4
556,1,4
556,3526,2
556,2716,1
556,1080,4
556,3814,2
555,3325,4
556,2791,3
556,2788,2
556,1269,4
555,3798,1
556,1270,1
555,3744,4
555,3483,1
558,2692,3
558,541,3
558,900,1
555,3745,3
556,909,1
556,951,1
558,1267,3
555,3755,1
555,3566,3
556,1394,4
556,1294,1
556,905,2
555,3512,3
558,2573,3
555,3578,4
555,3408,4
556,910,4
556,1136,3
555,3793,4
555,3751,2
555,3481,4
555,3783,1
555,3893,2
555,3911,1
555,3897,4
556,48,2
556,2405,1
555,1136,1
555,1909,4
555,908,3
555,1210,2
555,1617,2
555,153,1
555,1027,3
556,2469,1
556,597,4
556,2369,2
556,1088,3
556,1339,3
556,956,1
556,3259,1
556,3524,1
556,2424,3
556,3614,2
556,2145,1
556,2941,3
558,647,3
556,1286,2
558,2427,1
558,1183,4
556,361,3
556,1380,3
556,852,4
558,2944,1
558,2662,3
558,2202,2
556,708,1
556,539,4
556,838,3
556,3099,3
556,2406,2
556,2502,1
556,587,1
556,377,4
558,1272,1
558,1208,1
558,2890,2
556,440,4
556,1441,2
556,933,1
556,900,1
556,2080,1
556,356,1
556,342,2
556,357,4
556,3244,4
558,2908,1
558,1219,4
556,1226,2
556,914,1
556,943,3
556,215,1
558,1947,4
558,272,3
558,2997,4
556,911,3
558,3365,4
2665,2654,1
558,1266,1
558,457,1
558,1950,1
556,497,2
556,1307,1
556,1188,2
556,1247,1
556,930,1
558,899,3
558,1228,1
556,39,3
556,28,3
558,1270,1
558,1635,1
556,915,2
556,3668,2
556,899,4
556,1296,1
556,3097,1
556,898,4
556,1265,1
556,916,4
556,912,1
558,3543,4
2665,2227,3
2665,3742,3
2665,2221,4
558,904,1
558,1263,1
558,1952,2
558,1304,1
558,954,3
558,1617,2
558,246,3
558,2762,1
556,1947,2
556,2099,2
556,1197,1
558,750,3
558,1704,2
556,3812,4
558,3360,3
556,2116,1
556,1210,3
558,1252,4
558,3545,1
626,2858,3
558,50,4
558,2013,3
558,2628,3
558,2640,2
558,986,2
558,1129,3
558,2987,2
558,480,2
558,3699,4
558,2528,1
558,2871,4
558,260,1
558,1262,2
558,2424,1
558,2447,3
558,2302,1
558,2469,2
558,1485,1
558,2100,3
558,2406,2
558,3052,1
558,367,3
558,3712,4
558,1028,1
558,3507,4
558,2331,2
558,440,3
558,597,4
558,141,2
558,1569,3
558,2779,2
558,3868,3
558,2797,2
558,1042,1
558,39,1
558,2407,2
558,3526,3
558,1663,4
558,21,4
558,357,4
558,356,4
558,587,2
558,223,2
558,2918,1
558,1968,3
558,1265,2
2860,2268,4
558,3685,4
558,1278,4
2860,6,2
558,3671,4
558,1235,2
558,3088,3
2860,866,1
2860,47,1
2860,164,4
2860,50,4
2860,2952,1
2860,2917,1
558,909,1
2860,942,2
2860,1260,2
2860,1227,3
2860,3435,2
558,1220,4
558,1080,1
558,3072,4
558,3361,4
558,2599,4
558,1136,1
558,1197,1
558,1294,2
558,3536,1
1217,648,4
1217,3755,2
558,1307,4
1217,3159,4
558,2396,2
1217,3578,3
1217,3751,1
558,1394,2
558,1234,4
558,1244,4
558,2973,4
1217,2375,2
558,1230,3
558,1292,2
1413,3515,2
1413,3300,4
1413,3302,3
1413,3185,1
1413,3618,3
558,910,1
558,2324,1
1413,3317,1
1413,3795,2
1413,3793,3
1413,3408,1
1413,3720,4
1413,3571,4
1413,3749,1
712,1673,4
712,551,2
712,2791,3
712,1259,3
712,2291,2
1130,1234,4
712,1500,4
712,1249,4
558,3259,4
558,1758,4
558,58,3
558,3620,4
558,2988,4
558,2996,3
558,1633,3
558,1271,1
558,1683,2
558,3251,2
558,350,1
558,3148,3
558,3448,2
558,2333,1
558,3255,1
558,1611,4
558,562,3
558,3147,1
558,3108,3
558,2068,2
558,2686,1
1317,3635,1
558,805,1
558,1660,4
558,218,1
558,2245,4
558,2433,4
558,3211,3
558,11,4
558,509,4
558,1885,2
558,2243,4
558,2734,2
558,2730,2
558,1962,4
558,3071,2
558,345,2
558,1747,4
558,1046,4
3970,3266,3
558,1357,3
558,1794,4
558,592,2
558,62,4
558,1411,1
3970,3578,4
558,1542,2
558,2194,3
558,3178,3
558,3724,3
558,3386,3
558,1082,3
558,2272,3
558,2268,3
558,1955,3
558,475,2
558,590,4
558,235,3
558,3405,1
558,3424,3
558,1834,3
558,1295,2
558,2312,1
558,3214,2
558,300,3
558,1097,1
558,1246,1
558,36,4
558,3870,2
558,1179,2
558,529,3
558,1719,1
558,150,4
558,926,1
558,1393,3
558,3094,2
558,1498,2
558,3359,3
558,534,4
558,3105,3
558,3296,1
558,3006,3
558,2130,4
558,3471,2
558,3350,2
558,2132,3
558,1784,1
558,2028,3
558,1302,2
558,3271,1
558,299,2
558,3451,1
558,1186,1
558,2929,1
558,1594,3
558,3260,4
558,1960,2
558,1094,1
558,1103,3
558,3468,1
558,3068,4
558,1961,2
558,3363,2
558,1953,2
558,2352,3
558,1694,2
558,1096,1
558,953,3
558,515,2
558,994,2
558,25,3
558,1300,2
558,1185,3
558,1957,3
558,3811,4
558,1939,3
558,2313,2
558,1231,4
558,919,1
558,1956,4
558,1203,1
558,1242,1
558,920,3
558,1247,4
558,2289,3
558,1293,2
558,1104,2
558,1090,1
558,1224,2
558,1193,2
558,1873,2
558,912,1
558,1084,2
558,1358,3
558,527,2
558,1225,3
558,608,3
558,265,1
558,3095,2
558,1949,2
558,1196,4
558,1945,3
558,593,1
558,924,2
558,318,4
558,923,1
558,1207,2
558,3134,4
558,1299,2
560,160,1
560,1867,4
557,164,1
558,3342,4
557,2076,1
557,913,3
557,1252,1
557,904,2
557,1212,1
557,1617,3
560,2368,4
560,3314,4
557,745,1
557,1274,3
557,1223,1
557,1148,3
560,1388,2
560,2531,1
557,2012,3
557,316,4
557,1320,4
557,1690,1
557,1876,4
560,1373,2
560,1882,2
560,533,4
557,780,3
557,3033,2
558,3594,3
557,2628,4
557,2600,1
557,2011,3
558,3173,4
557,3793,4
558,804,1
558,266,3
558,2241,1
557,2985,3
557,1573,4
557,480,2
557,1396,1
557,1584,4
560,2530,3
560,2524,2
557,1580,2
557,3527,1
557,2287,2
557,3700,4
557,1374,1
557,1301,2
557,1210,4
557,1127,2
557,2661,3
557,3070,2
558,1035,3
560,836,3
557,2916,1
558,3450,3
558,3927,2
558,648,1
557,32,4
557,3471,2
560,172,2
557,1097,4
557,741,3
558,524,4
560,3802,2
557,1240,3
557,1214,2
557,924,2
558,2291,4
558,2966,1
557,260,1
557,1200,4
557,750,1
557,1270,2
557,541,2
557,589,2
560,1037,2
560,3139,2
558,1673,3
558,908,1
558,1269,4
558,110,3
558,2791,1
558,1259,3
560,95,1
560,2532,1
560,2993,4
560,1917,3
560,3638,4
558,2858,2
557,3893,4
560,2641,2
560,3807,1
560,2013,3
560,1371,4
557,1721,2
557,3160,3
557,1196,4
558,111,3
558,913,3
557,1198,1
557,2505,1
560,736,4
557,356,2
558,1198,2
558,1958,4
558,1233,4
560,1320,3
560,329,1
560,2288,1
560,2535,3
560,1544,3
560,1377,1
560,1586,1
1597,2952,2
560,2370,1
560,2617,1
560,786,2
560,3441,3
560,316,4
560,2115,4
560,2363,4
560,2527,3
1470,1379,1
1470,691,3
1470,52,4
1470,2141,2
1470,1584,3
1470,457,1
560,292,3
560,1676,4
560,2414,4
560,2640,2
1655,3174,3
560,648,2
560,1833,2
560,353,2
560,2528,1
560,1527,1
560,3633,3
560,1129,4
560,10,1
1470,897,1
1470,2421,3
1470,361,3
1470,2948,3
1470,1952,3
560,3702,2
560,2989,3
560,1372,1
560,3178,1
560,780,1
560,2991,1
560,3635,2
560,2949,1
560,2393,3
560,3639,2
1470,2003,4
1470,1198,4
1470,3923,4
1470,628,1
560,2948,1
560,3082,3
1470,3461,2
1470,1756,4
1470,27,1
1470,3321,3
1470,2027,4
560,1275,2
560,1580,4
560,1518,4
560,1375,3
560,2006,4
560,2406,2
1470,3717,2
1470,3593,2
1470,3623,2
1470,3793,3
1470,3316,3
1470,3578,4
1470,3755,3
1470,3275,3
560,2985,1
560,2058,3
560,2951,4
560,2763,2
560,1222,4
560,2662,4
3410,1449,2
560,1374,4
560,1127,4
560,1356,2
560,480,1
560,2366,4
560,1610,2
560,3062,4
560,377,3
560,2916,3
560,2193,2
560,1287,2
560,3418,3
560,3654,4
560,1627,2
560,1240,3
560,1387,3
560,589,1
560,3366,4
560,1221,4
560,457,2
560,1304,2
560,2571,3
560,110,3
560,1220,2
560,2692,4
560,1214,2
560,1210,3
560,3703,2
560,2019,1
560,1196,4
560,2028,4
560,858,2
560,1233,4
560,1198,3
560,258,2
560,2043,4
560,2017,4
560,653,1
560,2021,4
560,60,3
560,788,2
560,2161,2
560,2015,1
560,3153,3
1105,1584,2
560,367,1
560,247,4
560,2622,3
560,2140,4
560,1019,2
560,2173,1
1105,1210,2
1105,1200,1
1105,1097,4
1105,3471,1
1105,2714,2
1105,2701,4
1105,2763,3
1105,2806,3
560,260,1
560,2968,2
560,1073,1
1105,2395,2
1105,2485,4
1105,2013,1
1105,2598,3
1105,3219,3
1105,2805,2
1105,913,2
1105,2761,4
1105,785,4
1105,2688,1
1105,233,1
1105,2428,1
1105,2881,1
1105,2433,4
1105,3203,1
1105,2770,2
1105,2706,2
1105,2699,3
1105,2517,1
1105,1690,2
1105,2163,1
1105,1320,2
1105,2710,1
1105,1346,1
1105,2657,4
1105,968,3
560,1193,3
560,2921,1
560,1957,4
1105,2003,4
1105,2118,3
1105,1350,4
1105,2746,4
1105,2455,3
559,2291,3
559,1183,3
559,1265,2
559,2396,3
559,446,3
1105,1982,4
1105,2553,4
1105,1345,1
559,1188,3
559,17,1
1105,3476,2
1105,3499,1
1105,1997,3
1105,1278,2
1105,1258,4
1105,2716,3
1105,1333,3
559,3536,3
1105,1387,3
559,2762,1
1105,1228,1
1105,3363,4
1105,750,1
1105,3360,3
1105,924,4
559,457,1
1105,1214,3
1105,1219,3
559,1674,4
559,924,3
559,593,3
1105,2804,2
559,1483,3
1105,928,1
559,3370,3
1105,1193,2
1105,1206,4
1105,904,3
1105,923,4
1105,1196,1
1105,318,1
1105,593,3
1105,260,3
563,2643,1
563,3401,3
563,3593,4
1105,527,4
563,2807,4
563,3572,3
563,1720,1
563,2498,4
563,737,2
563,1862,1
563,1882,3
563,546,3
1105,1207,3
563,692,3
563,2656,2
563,1590,4
563,2808,4
563,66,1
563,405,3
563,172,4
563,519,1
563,160,2
560,2628,3
560,1914,1
560,1200,3
560,2781,4
563,2851,2
563,3661,3
563,2456,2
563,880,4
563,504,3
563,2701,1
563,3864,1
563,1762,1
563,3190,4
563,2450,3
563,3663,3
563,2549,3
563,2827,4
563,2322,3
563,185,2
563,2053,1
563,2642,1
563,1831,4
563,3664,1
563,1373,3
1105,1500,2
1113,3578,2
1105,2000,1
1105,1729,4
1105,1466,3
1105,2912,1
559,3176,2
559,185,4
1105,1179,3
1105,2194,1
1105,2130,2
559,1961,1
1105,2391,4
559,1185,3
559,3700,3
1105,910,3
1105,1234,3
1105,1089,4
1105,1953,3
1105,3735,3
559,1641,1
1105,2917,1
1105,3362,2
563,3758,2
563,849,4
563,173,1
563,611,3
563,1591,1
563,2408,3
563,3024,2
563,1917,4
1105,1084,3
1105,858,4
1105,3304,4
1105,1221,4
563,2365,4
563,3660,4
563,2901,3
563,338,3
563,2668,1
563,379,1
563,2364,4
563,2038,2
1105,3646,4
1105,2858,4
563,435,3
563,1690,1
563,2526,2
563,3878,3
563,2615,4
563,3326,3
563,2091,4
563,2900,4
563,196,4
563,332,4
563,2986,2
563,2658,1
563,3354,2
563,2666,1
563,2034,3
563,1603,1
563,1037,1
563,1391,2
563,2665,3
563,2525,2
563,1320,3
563,3697,2
563,1544,3
563,327,1
563,3662,2
563,3698,1
563,1876,4
563,2232,1
563,3826,3
563,76,3
563,1570,3
563,674,4
563,748,2
563,1779,2
563,3926,2
563,2672,4
563,2393,2
563,2530,3
563,2531,3
563,2094,2
563,2699,2
563,2428,3
563,2377,2
563,3937,4
563,1676,3
563,1924,3
563,24,4
563,329,3
563,3770,1
563,2012,3
563,1371,1
563,512,4
563,780,3
561,2162,2
561,126,4
561,2161,2
563,2533,1
563,2346,3
563,2011,3
563,2311,3
563,2532,2
563,2046,3
563,316,1
563,1306,4
561,2762,2
563,3827,1
563,3300,4
563,2009,4
563,2663,3
563,2117,1
563,1375,2
563,2528,4
563,2657,4
563,3033,2
563,3638,1
563,3927,3
563,1573,1
563,1909,1
563,968,3
563,2407,1
563,2613,3
563,2527,1
563,3070,1
561,1197,3
563,1580,3
563,3156,3
563,3863,2
563,3503,2
563,1527,1
563,3375,1
563,2641,4
563,2600,3
563,1334,2
561,1407,1
561,1717,4
563,2661,3
563,680,3
563,2455,3
563,198,2
563,2985,1
563,1372,4
563,3704,3
563,1077,2
563,3701,1
561,50,2
561,2710,3
561,2324,3
561,1704,3
563,480,4
563,2640,3
563,2454,2
563,2287,4
563,1356,2
563,3175,4
563,3032,2
561,32,1
563,1129,4
563,1965,2
563,3702,3
563,3793,1
563,2288,2
563,2662,3
563,3527,4
563,3699,4
563,1215,4
563,3576,2
563,2916,2
563,2363,4
563,2529,4
563,1921,1
563,1376,3
563,3700,3
563,1584,3
563,1748,1
563,1232,4
563,1374,4
563,1301,1
563,2010,4
563,2554,1
563,1253,3
563,2660,1
563,1200,3
563,589,1
563,924,2
563,1206,4
563,1270,3
563,2553,2
563,1127,3
563,32,2
563,2664,1
563,2571,3
563,3658,4
563,1214,1
563,1196,3
563,3471,2
563,1199,4
563,750,4
563,29,2
563,541,3
563,3703,3
563,1240,1
563,810,4
563,3439,1
563,3440,2
563,3889,3
563,3877,2
563,2162,1
563,2143,4
563,2017,3
563,2399,4
563,2253,3
563,126,2
563,3489,2
563,1702,4
563,3438,1
563,2054,4
563,653,4
563,1009,1
563,2,3
563,2628,2
563,2015,2
563,2105,1
563,2021,3
561,3190,2
563,2100,2
563,1967,3
563,3479,4
563,1019,1
563,367,1
563,2161,2
563,2193,1
563,2005,4
563,2140,1
563,3153,1
563,1097,2
563,2872,3
563,2174,4
563,260,1
563,1073,4
563,2797,2
563,2968,1
563,2354,2
563,631,4
563,888,2
563,673,3
563,2566,3
563,558,2
563,1205,4
563,1024,2
563,2495,4
563,1489,4
561,3238,1
561,3299,1
563,3615,2
563,1023,4
563,2876,2
563,2700,4
563,2899,4
563,1405,4
563,13,1
561,3616,1
563,3945,1
563,3054,4
563,3799,3
561,3273,2
563,1920,1
563,48,2
563,1030,3
563,2141,1
563,2116,1
563,3611,3
563,1033,2
563,3759,4
563,2090,4
2436,1584,3
561,3301,3
563,661,2
563,610,3
563,1025,3
563,1688,4
563,709,1
561,3717,4
563,3725,2
563,2189,4
563,2048,1
563,3034,3
563,2089,2
563,2078,2
563,2033,4
563,616,2
2436,1179,4
2436,2987,2
561,3623,1
563,3775,4
563,2085,3
563,2294,1
563,3745,4
563,2139,4
563,3776,4
563,783,4
563,2394,2
563,1566,2
2436,3683,4
2436,1252,4
563,3000,3
563,2137,3
563,1274,4
563,2081,1
563,741,1
563,364,4
2436,3638,1
563,1907,3
561,3948,4
561,3481,3
561,3408,1
563,2857,3
563,588,2
563,2096,2
563,2355,2
563,2087,2
563,2987,1
563,2099,4
563,2138,3
563,1032,2
2436,260,1
2436,3471,1
2436,3702,2
2436,1206,1
563,595,3
563,1148,2
563,720,2
563,1022,1
563,3429,2
563,745,1
563,2080,1
563,1223,4
2436,1373,2
2436,2054,2
2436,1375,2
2436,3033,4
2436,2105,3
2436,3704,4
2436,1376,1
2436,1374,2
2436,2985,2
2436,2117,1
2436,1129,1
2436,2455,2
2436,541,3
563,1,2
563,3114,2
2436,1097,3
2436,1270,1
2436,1240,1
2436,1831,1
2436,1544,4
2436,780,3
2436,3697,4
2436,2094,4
2436,849,1
2436,2393,2
2436,329,2
561,3173,4
561,648,4
2436,1372,2
2436,1909,2
561,3753,3
561,3510,1
561,3751,3
561,3889,1
561,3897,1
561,1010,1
561,3826,2
561,1097,3
561,1961,3
561,262,3
561,300,4
566,1590,3
566,1373,1
566,172,3
566,1917,3
566,1037,1
566,849,3
566,66,1
566,1591,1
566,185,2
566,173,2
566,2986,2
566,2672,4
566,1924,4
566,1779,1
566,338,3
566,1371,1
2106,1888,4
566,1690,2
566,2628,1
566,2525,1
566,1320,4
566,2377,1
566,3697,4
566,3638,4
566,2012,4
566,674,1
566,2668,1
566,3770,1
566,198,4
566,2533,3
566,2613,2
566,780,3
566,3033,3
566,2641,3
566,442,1
566,329,2
566,2311,3
566,316,3
566,1375,3
566,1573,1
566,2393,2
566,2105,2
566,2528,1
566,3701,2
566,2021,3
566,3704,4
566,2116,1
566,2117,2
566,1376,2
566,610,2
566,1372,3
566,2640,1
563,1266,2
562,1954,1
562,1277,2
562,3418,4
562,1604,1
562,1291,3
566,2455,1
566,1527,1
566,3699,1
566,1909,3
566,3527,3
566,1653,2
566,2985,4
566,3576,4
566,2529,4
566,1580,4
566,1396,3
562,1197,4
562,457,2
562,1222,2
562,3827,4
562,3267,2
562,1201,1
562,1953,4
562,3578,3
566,1097,3
566,1215,2
566,3702,4
566,2363,4
566,3793,4
566,1129,1
566,2287,1
566,3703,2
563,923,1
566,1374,2
566,741,3
566,3471,3
566,1210,3
566,1199,1
566,1200,4
566,1127,2
566,2916,3
563,594,4
563,1029,1
566,589,4
566,2571,3
566,32,1
566,924,4
566,1206,3
566,1270,2
2106,628,2
566,750,3
566,260,1
566,29,1
566,541,3
566,2664,2
566,1214,4
566,1196,1
2106,1658,1
562,3703,2
562,2947,2
562,110,3
562,2948,1
562,1200,3
562,2019,2
562,1304,2
562,969,4
562,1214,1
562,1240,4
562,940,4
562,393,2
562,1387,3
562,858,4
562,1221,3
562,2028,4
562,1196,4
562,3405,4
562,260,1
2106,662,3
563,2018,1
563,596,1
566,1503,1
566,520,4
566,2794,3
566,275,4
562,514,1
562,3529,1
562,3101,3
563,1282,1
563,3159,4
562,1339,2
562,1198,4
563,2687,4
563,3751,3
4084,3457,1
4084,3509,2
4084,3512,3
4084,3747,1
4084,648,3
4084,3173,2
4084,3534,3
566,2468,1
566,2088,2
4084,3300,1
4084,3624,2
563,2761,2
566,518,1
566,3688,2
566,784,3
563,2912,3
4084,3510,1
4084,3578,1
4084,3751,3
4084,3753,4
4084,3159,2
563,451,4
563,2927,1
563,1237,4
563,1212,2
2106,3210,2
563,2762,1
563,1653,4
563,3457,2
563,893,3
563,1358,1
563,2124,1
563,2448,2
563,1396,4
563,1210,1
566,107,4
566,3243,2
566,2717,3
566,3752,3
566,216,3
566,3387,1
566,1760,4
566,415,4
566,1461,3
2106,514,2
566,2252,1
566,1064,2
566,3500,3
566,2004,2
566,2796,1
566,2598,4
566,2375,4
566,370,4
2106,337,4
566,231,4
566,3146,2
566,413,4
566,801,2
566,330,4
566,3841,1
566,3258,2
566,5,4
566,248,3
566,3,4
566,2148,4
566,3388,2
566,3869,2
566,1457,4
566,2405,2
3792,3536,2
566,2054,1
3792,277,1
3792,914,2
3792,1035,4
566,550,3
566,1526,1
566,2372,1
3792,1923,3
3792,534,1
566,2378,4
566,2249,2
566,1711,4
566,2752,4
566,1379,1
566,312,3
566,1091,1
3792,2944,4
566,3045,4
566,3301,1
3792,2858,1
566,3040,3
566,2683,4
566,2792,4
566,586,1
566,414,4
566,2014,3
3792,2728,4
566,295,2
566,3524,3
566,2867,1
566,542,3
566,2622,4
3792,3600,1
566,2255,3
566,2163,4
566,1391,4
566,410,4
566,1010,2
566,1378,2
566,468,1
566,2002,3
2106,2321,2
566,1753,4
566,3247,4
566,2423,4
566,1020,1
566,1016,1
566,171,4
566,552,4
566,2134,3
566,2286,3
566,2011,2
566,2735,2
564,1952,1
564,1337,1
564,3061,1
564,1035,2
564,1221,4
564,150,3
564,2067,1
564,1927,4
564,1945,4
564,2028,4
564,1219,2
564,920,4
564,3152,3
566,2699,2
566,2657,1
566,2247,3
566,2413,2
566,2470,1
566,2369,2
566,3450,3
566,543,4
566,1405,3
566,2111,3
566,445,1
566,1958,1
566,3712,3
566,1513,2
566,2457,3
566,500,2
564,2762,1
564,3471,2
566,785,3
566,1377,3
564,3545,3
564,910,1
566,3086,1
566,2133,2
3792,1201,3
566,3308,4
566,3398,4
566,1569,1
564,1097,3
564,1250,4
3792,47,2
564,2324,1
564,3469,2
564,593,1
564,2996,2
564,3250,3
564,1262,4
564,1212,4
564,1873,3
564,527,2
564,1193,2
564,923,1
564,1204,1
564,3196,2
566,372,3
566,380,3
564,3435,2
564,246,2
564,750,3
566,104,1
564,1207,2
564,1196,2
564,1304,4
566,3087,2
566,3614,3
3792,3296,2
564,912,1
564,318,4
566,3591,1
566,2100,4
566,3693,2
566,1866,1
566,3622,4
566,1713,2
564,3217,4
564,3062,2
564,3916,1
3792,1221,1
566,1485,4
566,2001,1
3792,720,1
3792,903,1
3792,858,3
3792,3271,4
566,2463,2
566,3760,4
3792,3266,3
566,3715,1
3792,978,1
566,3617,1
566,322,1
566,1395,4
566,2003,4
566,1257,1
2050,1912,1
2050,1197,2
2050,916,2
2050,1230,3
2050,969,2
3792,3861,3
2050,928,1
564,1961,4
564,2339,3
564,2529,3
564,2023,2
564,2432,1
3792,648,2
564,1210,3
564,2078,1
566,3052,1
566,2371,2
566,2406,1
566,3809,4
566,2870,1
566,11,4
566,1777,4
566,2145,2
566,3104,1
566,39,3
566,440,1
566,1028,4
566,141,4
566,2359,3
566,3448,3
566,3397,1
566,3174,3
566,357,3
566,3255,4
566,1171,3
566,2000,3
566,2746,3
566,1194,4
566,1297,2
566,2302,1
566,1125,1
566,3358,1
566,471,2
566,3548,1
566,356,3
566,1824,4
566,2282,1
566,441,4
566,21,1
566,2352,3
566,2108,2
566,551,4
566,1732,4
566,3671,3
566,3108,1
566,663,1
566,1883,3
566,2795,2
566,799,3
566,180,3
566,3929,4
566,2174,1
566,1963,1
566,2797,4
566,1073,3
566,1261,3
566,3072,3
566,2064,3
566,1083,2
566,514,1
566,3253,2
566,1220,2
566,2946,2
566,1784,1
566,2915,3
1124,3133,3
566,3396,4
565,3555,1
565,3409,1
1124,69,2
566,223,1
566,1077,2
566,3424,4
566,946,2
566,1500,2
566,2542,4
565,1580,1
565,2455,4
565,3510,1
566,3868,3
566,2791,2
565,3793,3
565,480,4
565,1673,1
566,3088,4
566,3361,1
1124,1748,3
566,3035,4
565,3481,3
565,2291,2
565,3578,4
565,1249,1
566,2659,1
566,2289,2
566,2300,2
566,1197,1
566,3114,4
1124,3147,2
565,589,1
565,1466,1
565,3918,4
565,2791,2
565,3917,3
565,1259,3
1124,3671,3
565,2858,1
566,3362,1
566,2858,1
566,1294,1
565,1197,4
565,1992,4
565,175,2
565,366,1
566,2804,2
566,2997,3
566,1288,1
566,910,1
566,1,2
1124,735,3
566,1278,4
566,1256,4
566,1136,3
566,1148,1
565,1097,4
565,2253,4
566,1223,1
566,1831,4
566,1240,3
566,2170,1
566,1198,4
566,2261,4
566,912,2
1124,904,4
1124,1219,1
1124,3680,3
2665,3309,4
2665,3306,1
1546,1955,1
1546,2374,4
1546,2146,4
1546,1959,4
1546,3844,4
1546,3071,4
1546,3684,1
1546,592,1
1546,3109,1
1546,1302,4
1546,2929,4
1546,2734,4
1546,3098,3
1546,2739,1
1546,1961,2
1546,1962,4
1546,1246,1
1546,1097,3
1546,1222,3
1546,3360,2
1546,3138,1
1546,2745,2
1546,1674,2
2665,3140,4
2665,1067,2
2665,3012,2
1546,1090,3
1546,1299,3
1546,1196,3
2784,1586,3
2784,151,2
2784,1408,2
2784,1183,2
2784,356,1
2784,2890,1
2784,1391,1
2784,1544,4
2784,2094,3
2784,316,3
2784,780,1
2784,1573,4
2784,1527,1
2784,1584,2
2784,1580,3
2784,480,4
2784,3897,2
5620,2002,2
5620,786,1
5620,95,3
2106,2622,1
567,2369,1
567,3543,3
5620,3107,3
5620,733,1
5620,2353,4
5620,1610,1
5620,185,3
5620,1676,4
5620,379,1
5620,24,1
5620,316,2
5620,1580,2
567,673,4
5620,1396,1
567,1606,3
567,455,1
5620,592,4
567,1359,1
567,1030,3
5620,303,1
567,2088,2
567,2405,3
567,2735,2
5620,3513,3
567,208,4
567,2135,1
567,464,4
2106,94,2
567,1587,2
5620,2906,2
567,3489,4
567,3807,4
567,1377,2
567,2105,1
567,303,2
567,2640,1
567,1967,1
567,1261,3
567,2193,1
567,1073,1
567,1580,3
567,3168,1
567,2161,3
567,2406,3
567,733,2
2106,605,1
567,1129,2
567,590,4
567,3104,3
567,3479,3
567,2968,4
567,592,1
567,2871,3
567,1287,2
567,1196,4
567,1291,1
567,969,1
2106,1484,2
567,1197,2
567,919,2
567,2366,3
567,1198,1
567,2872,3
567,3702,1
567,3703,4
567,3704,4
567,2119,2
567,2644,2
567,1339,3
567,2645,1
567,168,2
567,260,4
567,3699,3
567,316,1
567,2628,2
567,1376,4
567,1375,4
567,1374,3
567,1373,2
567,2393,4
567,329,3
567,1371,1
567,1372,3
567,1356,2
567,2143,1
5675,222,3
587,2134,4
5675,1721,1
5675,1661,2
587,3263,3
587,1380,3
587,708,3
587,3033,4
587,3208,3
5675,509,4
5675,3100,4
587,639,4
587,1057,3
587,1194,4
587,1441,2
587,2145,2
567,110,3
567,3434,3
5675,3250,3
5675,3260,2
5675,474,1
567,1961,2
587,3544,4
587,3591,4
587,3618,2
567,2402,4
587,3812,3
587,1701,2
2106,1651,2
587,2746,3
587,1405,3
567,1210,2
5675,1,4
587,3178,3
587,2133,2
5675,1393,1
587,1485,1
587,156,2
587,562,2
587,492,3
587,3500,2
5675,994,3
587,3450,3
587,2416,3
587,2261,1
587,663,4
587,278,3
587,1732,4
587,2751,1
587,2301,4
587,2750,3
587,180,2
587,574,3
587,588,2
587,915,1
587,2926,4
587,3552,3
587,2470,2
587,2144,4
587,514,2
587,1171,2
587,3526,3
587,1968,1
587,471,3
587,2109,2
587,2065,3
587,1175,3
587,2324,3
587,2248,3
587,1885,2
587,3362,4
587,3422,1
587,1963,2
587,3671,3
587,1079,4
587,232,4
2106,3480,2
2106,2794,4
568,349,4
568,1788,4
568,1408,2
568,2006,3
568,480,4
568,1610,3
568,733,2
568,110,2
568,2028,1
568,2571,4
568,3418,1
5675,2440,1
568,3893,3
5675,2703,1
568,858,1
568,1617,1
5675,3509,4
568,318,2
568,3198,3
568,1955,2
5675,2500,3
5675,3389,1
5675,2995,3
5675,2978,4
568,1086,4
568,904,4
568,1252,1
568,593,1
568,527,3
568,356,1
568,124,2
568,1010,3
4386,3623,1
1837,1501,1
1837,1804,1
1837,42,2
1837,3764,4
1837,762,3
1837,170,4
1837,1352,2
1837,707,1
1837,2387,1
1837,259,1
1837,81,1
1837,521,1
1837,2605,4
1837,1918,3
1837,1647,4
1837,2002,1
1837,2616,1
1837,1627,3
1837,2280,3
1837,3272,3
1837,2561,1
1837,2112,3
1837,1732,4
1837,1711,3
1837,1447,1
1837,999,2
1837,1785,2
1837,164,1
1837,1805,2
1837,367,4
1837,1645,1
1837,2278,2
1837,555,2
1837,1617,2
1837,2952,4
1837,1729,4
1837,3266,1
1837,405,2
1837,880,2
1837,519,2
1837,2448,4
1837,172,1
1837,1590,4
1837,2808,4
1837,185,1
1837,173,4
1837,338,1
1837,379,3
1837,3802,1
1837,1037,4
1837,1882,4
1837,1831,3
1837,3697,3
1837,3662,1
1837,435,4
1837,504,3
1837,1876,1
1837,196,3
1837,3661,2
1837,2986,2
1837,2681,2
1837,748,4
1837,2722,1
1837,332,1
1837,1603,4
1837,2393,2
1837,3474,2
1837,780,2
1837,2428,4
1837,442,4
1837,1573,4
1837,2600,1
1837,671,1
1837,1306,4
1837,1909,3
1837,1527,3
1837,1356,1
1837,198,2
1837,1396,3
1837,1921,4
1837,1175,2
1837,1570,1
1837,432,1
1837,2701,2
1837,416,1
1837,383,1
1837,996,1
1837,553,2
1837,458,3
1837,2012,2
1998,1678,1
1998,47,2
1998,32,2
1998,3260,4
1998,3034,4
1998,3396,3
1998,357,4
1998,3552,4
1998,2529,4
1998,62,4
1998,1682,2
1998,2406,4
1998,1220,2
1998,2857,1
1998,3061,4
1998,3098,4
1998,3685,4
1998,3039,2
1998,1663,2
1998,1610,1
1998,2125,4
1998,3105,3
1998,1954,3
1998,1912,4
1998,2746,3
1998,2194,1
1998,3809,3
1998,2321,1
1998,3168,3
1998,2099,1
1998,508,3
1998,2078,2
1998,934,4
1998,2690,4
1998,918,3
1998,2291,3
1998,1036,3
1998,1012,4
1998,1580,2
1998,3733,3
1998,1961,2
1998,1641,1
1998,3451,2
1998,3702,2
1998,1099,4
1998,1077,3
1998,597,2
1998,3405,2
1998,2728,4
1998,1307,2
1998,3148,1
1998,2102,4
1998,3037,3
1998,1500,4
1998,2670,3
1998,3408,3
1998,2662,3
1998,3424,2
1998,1950,4
1998,1226,3
1998,1747,1
1998,1028,3
1998,976,1
1998,1376,4
1998,1387,3
1998,1186,4
1998,2184,3
1998,1086,4
1998,337,3
1998,3068,4
1998,2791,4
1998,2132,1
1998,1953,4
1998,2150,1
1998,1210,3
1998,300,4
1998,1293,4
1998,911,2
1998,1197,3
1998,3551,1
1998,2571,1
1998,1234,2
1998,971,1
1998,2716,4
1998,1080,2
1998,2915,2
1998,17,3
1998,1253,3
1998,1948,3
1998,1394,3
1998,1206,2
1998,1946,4
1998,909,3
1998,2947,2
1998,914,2
1998,2863,3
1998,1233,4
1998,1096,1
1998,953,2
1998,1,4
1998,1270,3
1998,34,4
1998,3028,3
1998,3090,1
1998,3132,1
1998,3011,4
1998,1674,4
2272,3578,3
1998,1103,3
1998,3341,4
1998,1278,1
1998,590,3
1998,1276,3
1998,3735,2
1998,2359,1
1998,3334,1
1998,2324,1
1998,3543,1
1998,1957,1
1998,265,2
1998,3873,1
1998,1244,1
1998,2137,2
1998,1262,2
1998,926,3
1998,497,3
1998,3361,1
1998,2501,4
1998,1242,4
1998,1947,2
1998,928,4
1998,3072,3
1998,1296,4
1998,1235,1
1998,1029,2
1998,3359,2
1998,921,1
1998,2788,2
1998,596,3
1998,527,1
1998,920,2
1998,3668,3
1998,3163,3
1998,1198,2
1998,933,4
1998,2804,4
1998,903,2
1998,1303,4
1998,3088,4
1998,2366,4
1998,678,4
1998,1333,3
1998,593,1
1998,1136,2
1998,1283,2
1998,922,1
1998,902,1
1998,3006,1
1998,3789,3
1998,2019,1
1998,898,3
1998,1247,2
1998,1084,3
1998,720,2
1998,945,2
1998,1104,3
1998,1256,3
1998,1927,3
1998,2300,1
1998,919,4
1998,955,2
1998,750,1
1998,1188,2
1998,1267,2
1998,1225,1
1998,1221,3
1998,910,3
1998,1219,2
1998,745,1
1998,905,1
1998,912,2
1998,1204,2
1998,3095,1
1998,923,2
1998,1252,2
1998,858,3
1998,3097,4
1998,3549,4
1998,3199,1
1998,2941,2
1998,3675,4
1998,901,4
1998,1022,4
1998,935,1
1998,900,3
1998,2096,4
1998,2565,4
1998,938,1
1998,899,3
1998,2087,1
1998,1032,2
1998,2080,4
1778,585,2
1778,2195,2
1778,1380,3
1778,1895,1
1778,2797,3
1778,1307,2
1778,762,4
1778,532,1
1778,2001,1
1778,2616,4
1778,2000,1
1778,2985,1
1778,1499,4
1778,640,3
1778,423,3
1778,1644,2
1778,1515,1
1778,786,3
1778,292,1
1778,95,1
1778,225,4
1778,165,1
1778,662,4
1778,3763,4
1778,1370,4
1778,161,1
1778,1036,3
1778,3461,2
1778,1214,1
1778,256,2
1778,2986,4
1778,849,3
1778,519,4
1778,1862,1
1778,172,4
1778,24,3
1778,196,4
1778,1320,4
1778,2778,4
1778,434,2
749,160,3
3266,1354,1
749,3706,1
749,3386,4
749,1804,4
749,42,1
749,2126,2
749,2616,1
749,2112,3
749,1396,2
749,3938,1
749,3941,4
1666,3753,4
570,3948,2
570,3785,4
570,3889,3
570,3536,1
570,3825,4
570,3916,4
570,3897,4
570,3434,4
570,2882,4
570,3436,2
570,885,4
570,209,1
570,537,4
570,27,3
570,2432,4
570,79,3
570,2023,3
570,1884,3
570,1876,3
570,2541,3
570,3053,4
570,1836,3
570,372,3
570,273,2
1678,3882,3
570,2688,1
570,253,3
570,382,2
570,458,3
570,168,3
570,1918,3
570,292,4
570,2712,3
570,2252,4
570,1027,4
570,340,4
570,3848,1
570,781,1
570,22,1
570,3176,1
570,24,1
570,832,1
570,802,2
570,1093,4
570,1833,1
570,1620,4
570,2112,3
570,2771,3
570,2190,4
570,3259,3
570,261,4
570,451,3
570,2447,4
570,1735,4
570,230,2
570,271,4
570,62,2
570,3270,1
570,94,2
570,454,3
570,590,2
570,3100,2
570,805,2
570,1271,3
570,1054,4
570,1673,1
570,450,3
570,431,2
570,1758,2
570,517,4
570,2427,4
570,1678,4
570,350,3
570,1268,1
570,1693,4
570,161,2
570,2125,2
570,531,1
570,34,4
570,507,2
570,2336,2
570,1810,3
570,3477,1
570,2268,3
570,2890,2
570,1682,1
570,3105,4
570,3386,1
570,1635,2
570,1704,2
570,3147,1
570,593,4
570,2324,3
570,110,4
570,296,2
570,529,4
570,150,2
570,2858,1
570,2028,1
570,1213,2
570,527,4
570,1556,3
570,2297,4
570,697,2
570,239,3
570,3257,2
570,804,1
570,2485,3
570,550,3
570,2558,4
570,788,1
570,1453,1
570,638,1
570,3,4
570,2316,3
570,3269,3
570,74,2
570,122,3
570,1043,3
570,3528,4
570,105,2
570,1479,3
570,1496,4
570,539,3
570,1801,1
570,266,1
570,3261,1
570,1888,2
570,1569,3
570,2506,1
570,237,1
570,2875,4
570,1498,4
570,2424,2
570,1835,3
570,498,1
570,1441,4
570,2572,4
570,587,3
570,597,4
570,1183,3
570,339,4
570,2502,4
570,1339,3
570,362,2
570,543,1
570,380,2
570,708,1
570,1059,4
570,224,2
570,1777,2
570,11,3
570,3108,2
570,1895,1
570,252,1
570,2006,2
570,2671,2
570,39,2
570,353,1
570,163,4
570,440,3
570,377,1
570,265,2
570,222,2
570,1721,1
570,838,4
570,1680,4
570,2340,1
570,17,2
570,1639,3
570,356,3
570,1408,2
570,555,2
570,25,3
570,3046,2
570,1393,3
570,2291,3
570,2692,1
570,293,2
570,2396,1
569,3889,4
570,3945,4
569,3945,2
570,2092,4
570,3054,1
570,673,2
570,1405,2
570,1688,4
570,1881,2
570,558,4
570,1920,3
569,485,1
569,2090,4
569,1196,1
569,902,3
569,3623,1
570,2096,3
570,2033,1
570,2394,3
570,1033,2
570,2089,2
570,1032,1
570,2081,3
570,661,4
570,2085,2
570,610,2
570,3213,2
570,1025,1
570,2987,2
570,783,1
570,1274,3
570,1907,4
570,588,2
570,2087,3
570,2080,1
570,595,2
570,2294,3
570,2018,2
570,2700,3
570,594,4
570,2687,2
570,2078,2
570,2138,4
570,2355,3
570,3799,2
570,3484,4
570,3534,2
570,3513,1
570,3173,3
570,648,1
570,3745,3
570,3594,3
570,3753,1
570,3793,4
570,3624,2
570,3160,4
570,3751,3
570,3481,4
570,3578,1
570,3510,4
570,1210,2
570,2792,4
570,2694,4
570,1645,4
570,858,1
676,2791,3
676,3484,3
676,3316,2
676,3285,1
676,3301,4
676,3298,1
676,3623,1
571,1648,3
571,628,1
571,3267,2
571,1597,3
571,454,3
571,2058,4
571,1805,1
571,1732,4
571,1047,3
571,161,3
571,2353,2
571,16,4
571,1407,1
571,3256,1
571,377,3
676,3510,1
571,3476,2
571,6,1
571,190,2
571,3044,4
571,1845,2
571,474,2
571,1358,1
571,733,1
571,293,1
571,47,2
571,1610,3
571,1249,2
571,457,4
571,866,1
571,593,3
571,1089,1
571,608,3
571,50,2
571,2762,4
571,3147,3
571,1617,4
571,164,3
571,1179,1
571,707,4
571,2138,1
571,260,1
571,1967,4
571,2453,2
571,2193,3
571,2105,2
571,2021,3
571,2054,1
571,2173,4
571,2143,4
571,2968,3
571,2140,4
571,3479,4
571,2100,1
571,2797,3
571,1097,3
571,2872,4
571,2161,1
571,2174,3
571,3573,1
571,546,3
571,1882,1
571,172,3
571,2827,4
571,2053,3
571,2448,2
571,160,4
571,173,4
571,1831,1
571,2701,3
571,737,2
571,2986,2
571,1591,4
571,1037,4
571,1590,4
571,379,1
571,1779,3
571,2232,3
571,2428,2
571,196,4
571,185,4
571,1544,3
571,435,1
571,2722,4
571,3697,3
571,849,1
571,748,4
571,2600,3
571,1391,4
571,3156,3
571,1917,3
571,442,2
571,1603,4
571,338,1
571,788,3
571,2094,1
571,3269,2
571,1876,4
571,780,3
571,2012,3
571,1676,1
571,24,3
571,2393,3
571,1909,4
571,2046,3
571,1356,3
571,316,4
571,76,3
571,2699,2
571,329,1
571,741,4
571,3175,2
571,1921,2
571,1573,2
571,1396,1
571,1580,4
571,1653,2
571,1527,1
571,2916,2
571,29,2
571,1306,2
571,480,3
571,1584,3
571,2571,2
571,1748,1
571,589,3
571,1702,4
571,1525,2
571,673,2
571,3489,2
571,2,3
571,1583,1
571,2162,4
571,653,2
571,558,3
571,367,1
571,1848,3
571,2628,1
571,1920,4
571,247,1
571,2253,4
571,3466,2
624,920,4
571,1162,3
571,2124,4
571,1073,1
571,1955,3
571,1210,4
1952,3793,2
1952,3481,1
1952,3747,1
1952,3578,3
624,919,2
624,1254,1
624,1103,2
624,1276,1
624,1080,1
624,1278,2
624,1272,3
624,3591,4
624,2301,1
624,2133,2
624,2110,1
624,2474,3
624,3448,3
624,3087,2
624,1130,2
624,2990,1
624,3524,3
624,2134,2
624,2420,3
624,1347,3
624,2746,1
624,3308,4
624,2470,1
624,1135,2
624,1101,2
624,1124,4
624,3101,2
624,3684,2
624,3706,4
624,3701,1
624,2145,3
624,2985,2
624,2423,2
624,2240,2
624,3608,4
624,2406,1
624,1298,2
624,592,2
624,2064,3
984,2161,1
624,1663,2
624,3347,1
624,2144,2
624,2288,1
624,1321,1
624,2312,1
624,3039,1
624,2745,1
624,2915,3
572,3616,2
572,3285,4
624,1246,1
624,3526,2
572,3225,3
624,3210,3
624,1962,1
624,1296,4
624,1674,3
572,3745,2
572,3623,4
572,3177,4
624,3424,2
572,3793,1
572,3578,3
624,2248,2
624,2987,2
624,3552,2
572,3916,3
572,3861,2
572,3408,1
572,3594,2
572,3615,2
624,3361,1
624,1079,2
624,2020,4
624,1090,1
624,1961,1
572,2820,4
572,1294,4
572,1374,1
572,2006,3
572,810,1
572,1097,3
572,1975,3
624,2243,2
2176,3033,3
2176,1196,1
2176,1270,1
2176,1673,2
984,1129,3
984,2240,2
984,2745,1
984,2420,3
984,2988,1
573,3418,1
573,1240,1
573,2692,2
573,3702,2
573,1912,4
984,1293,1
573,2366,3
573,260,2
984,3360,1
573,225,2
573,454,4
573,2267,1
573,230,2
573,161,3
984,3104,2
573,1625,3
573,377,2
573,3176,1
573,1343,1
573,589,4
573,1834,3
984,1263,2
573,2571,4
573,3044,3
573,190,2
573,866,3
984,1408,2
573,608,2
573,593,3
573,1617,3
573,2762,1
573,678,1
984,3927,2
573,3435,1
573,919,1
984,2642,1
984,2641,2
573,2314,3
573,110,3
573,2844,4
573,902,2
984,1374,2
984,1199,1
984,541,1
984,3703,4
573,1193,4
573,1721,3
573,2280,1
984,1603,4
984,316,3
984,1876,4
664,1704,2
664,3683,4
664,608,1
664,969,2
664,1658,4
664,541,4
664,111,4
664,2762,4
664,1305,3
664,3342,1
664,3608,3
664,52,4
664,500,1
664,2926,2
664,45,2
664,2795,1
664,1641,1
664,2915,3
664,2174,2
664,3760,4
664,223,3
664,2716,1
664,1923,4
664,356,2
664,2918,2
664,441,1
664,3253,4
664,1079,3
664,3104,3
664,2359,4
664,1307,3
664,3363,2
664,2355,4
664,898,1
664,34,4
664,2352,4
664,2289,1
664,1772,1
664,1392,3
664,3671,4
664,3685,2
664,3543,4
664,1235,3
664,2361,4
664,3362,1
664,2599,3
664,1234,1
664,3421,2
664,1,1
664,1197,2
664,3114,2
664,2997,4
664,1136,4
664,1256,3
664,1230,3
664,3504,4
664,1951,1
664,2081,4
664,1083,4
664,364,3
664,595,1
664,1220,4
664,1947,2
664,919,2
664,3898,1
664,3617,3
664,3185,3
664,3317,4
664,648,3
664,3535,2
664,1466,4
664,2455,2
664,1129,3
664,1965,4
664,3159,1
664,2160,4
664,480,1
664,1035,4
664,2791,2
664,110,2
664,589,3
664,2858,2
664,3929,2
664,3285,3
664,3752,2
664,3324,2
664,3754,1
664,3565,3
664,3821,4
664,3895,1
664,3798,2
664,3785,2
664,3273,2
664,3824,1
664,3354,3
664,3484,3
664,3301,3
664,3827,3
664,3863,1
664,3948,4
664,3893,4
664,3618,1
664,3952,4
664,3751,2
574,3006,2
574,2599,1
664,3852,4
574,246,2
574,2997,2
574,296,2
574,1,1
574,1213,3
664,3408,4
664,3481,2
574,1089,4
574,2966,3
574,608,1
574,527,4
664,3911,4
574,50,1
574,318,1
574,593,2
574,2858,4
664,3897,4
664,2664,1
664,2396,3
664,296,4
664,908,2
664,1213,2
664,1206,3
664,1084,4
574,3426,3
574,1961,3
574,1243,2
574,2405,4
574,1274,1
574,32,4
664,1288,3
664,2692,4
664,922,1
664,1266,3
664,1219,1
664,1952,3
664,260,3
664,1244,3
664,1262,2
664,3468,1
664,1247,3
664,904,3
664,3095,3
664,2324,4
664,3265,3
575,2387,1
664,1252,3
664,1204,4
664,1267,3
575,1594,4
664,1207,1
575,597,1
664,923,3
3840,1265,3
575,260,3
575,1676,1
575,1371,2
575,1376,1
575,1060,2
3840,1093,3
3840,595,2
3840,588,1
3840,592,1
3840,3253,2
575,3793,3
575,2987,2
575,2762,2
575,3798,1
3840,2890,2
575,3623,2
575,2394,1
575,2716,2
575,2580,1
575,2688,1
575,1093,2
575,2959,4
575,2605,2
575,2881,4
575,1035,3
575,3755,2
575,3555,1
575,3745,1
575,1616,2
575,1432,2
575,3113,2
575,2616,3
575,786,3
575,153,3
575,485,1
575,1918,2
575,3697,2
575,1377,2
575,165,4
575,420,1
575,95,1
575,292,3
575,1792,3
575,1370,4
575,1833,3
575,2334,3
575,648,1
575,457,4
575,1608,2
575,733,1
575,288,3
575,2763,1
575,1610,3
575,1722,2
575,349,4
575,377,2
575,3256,1
575,2353,1
3840,2858,2
575,3869,2
575,1020,1
575,2861,2
575,552,4
575,2002,1
575,2539,3
575,368,2
575,500,2
575,1569,4
575,2502,2
575,344,3
575,539,3
575,1885,4
575,367,4
575,1747,4
575,2321,3
575,1641,1
575,380,1
575,3255,1
575,1777,4
575,1042,3
575,3052,2
575,2355,1
575,356,2
575,1923,3
575,3253,4
575,588,1
575,1468,3
575,1265,3
575,1,2
575,2858,4
575,2700,3
575,2396,3
575,223,1
575,2997,1
575,3825,2
575,3513,4
575,3753,3
575,3298,3
575,3578,4
575,3510,4
575,519,1
3840,3424,1
575,2701,3
575,173,3
575,3802,3
575,1917,4
575,1831,4
575,1544,3
575,1690,2
575,442,1
575,329,1
575,1876,2
575,2393,3
575,1909,2
575,1527,1
575,2012,2
575,780,2
575,1372,3
575,2916,1
575,1580,2
575,3269,3
575,316,4
575,1356,2
575,1573,4
575,3175,4
575,1584,4
575,589,1
575,480,3
575,2571,4
575,1396,1
575,2642,2
575,2643,4
575,2408,3
575,3698,3
575,1373,3
575,3704,2
575,2311,4
575,1375,4
575,2641,3
575,2011,3
575,2985,4
575,1374,1
575,1097,3
575,1240,1
575,1210,4
575,541,2
575,1270,3
587,1285,2
587,2788,2
587,1288,2
575,3895,3
587,1080,4
587,1394,3
587,1230,3
575,3946,2
575,3879,2
575,3898,4
575,3863,4
3840,2827,1
575,3893,4
3840,1917,2
575,3916,3
575,3948,1
3840,788,3
3840,1580,1
575,1297,1
3840,2571,2
575,920,3
575,1196,4
575,110,2
575,2628,1
953,589,2
953,2571,2
953,1253,4
953,1200,2
953,1732,4
953,1500,1
953,2912,1
953,2542,2
953,6,4
953,1089,1
953,50,2
953,296,1
953,1213,2
953,608,4
953,318,2
953,2237,2
953,3091,4
953,3747,1
1077,968,1
1077,1729,3
1077,2096,1
1077,3578,3
1077,1610,3
1077,2791,4
1077,2398,2
1077,3098,4
1077,3266,3
1077,555,4
1077,902,2
1077,953,2
1077,6,4
1077,1517,1
1077,34,4
1077,509,3
1077,1673,2
1077,2529,2
1077,3196,4
1077,3871,3
1077,2983,2
1077,300,1
1077,2664,4
1077,235,1
1077,272,2
1077,17,3
1077,1944,1
1077,1785,2
1077,2912,4
1077,1333,4
1077,1,4
1077,2336,2
1077,2949,1
1077,2948,2
1077,3546,4
1077,1036,1
1077,920,1
1077,1968,1
1077,3608,3
1077,1095,1
1077,3421,3
1077,2730,3
1077,1150,3
1077,1913,4
1077,3089,3
1077,1912,4
1077,3606,4
1077,47,1
1077,1247,3
1077,2318,3
1077,1256,4
1077,1289,3
1077,1282,2
1077,1411,3
1077,2997,3
1077,3090,4
1077,2442,4
1077,1222,2
1077,1175,2
1077,2677,1
1077,3201,1
1077,1225,1
1077,1207,2
1077,3364,2
1077,2104,2
1778,1640,3
1778,2413,2
1165,778,4
1113,3454,1
1113,3355,2
1113,3177,3
576,10,2
576,316,2
576,1372,4
576,1580,3
576,112,2
576,329,4
1015,3754,1
576,60,4
576,590,1
576,1356,2
576,2916,4
576,480,4
576,3175,2
1015,3794,2
576,223,2
576,232,3
576,1641,2
576,2289,1
2323,1998,3
1015,3852,2
2323,2523,4
1015,3598,1
1015,3408,2
576,1,1
576,34,1
576,1265,4
2323,3590,3
2323,1388,2
576,3114,3
576,2396,3
2323,2409,3
2323,3732,3
2323,3724,4
2323,2034,1
2323,1194,1
2323,2531,3
2323,1331,1
2323,2013,4
2323,2789,2
2323,2535,3
2323,1380,1
2323,2367,3
2323,2779,2
2323,3672,3
2323,3812,4
2323,2730,2
576,3471,1
576,1077,3
576,3699,4
2323,3040,3
2323,3099,4
576,1270,1
576,589,1
576,1097,4
2323,3244,3
2323,2901,3
2323,3726,2
576,260,1
576,2571,1
576,1253,1
576,924,1
576,541,4
576,1196,1
2323,2347,3
2323,3200,4
2323,1953,2
2323,3671,1
2323,3198,3
2323,3194,4
2323,1206,2
2323,3204,2
577,3701,2
577,2917,1
577,3019,2
2323,1148,1
576,3072,2
576,920,3
576,2371,4
577,555,3
576,2628,3
577,1729,4
577,1089,2
577,296,4
576,2065,2
576,2471,3
577,2115,4
577,1580,2
577,3633,3
576,1293,3
577,377,4
577,380,2
577,3527,2
577,2529,2
577,349,3
577,3062,2
577,592,1
577,2948,1
577,1129,4
577,474,3
577,2949,2
577,2951,1
577,3763,3
577,2194,3
577,457,2
577,2947,2
1383,3040,2
577,1953,3
577,1240,2
577,1197,4
577,2028,2
1383,2657,3
1383,3498,3
1383,2991,1
1383,2009,4
577,1387,1
577,1196,2
577,858,3
577,1214,2
577,2347,1
577,1221,2
577,1198,2
577,260,4
1383,2779,2
1383,3635,3
577,2792,4
577,2469,3
577,3448,1
577,2407,1
577,2417,1
1383,2346,4
1383,1345,1
577,3524,4
577,2797,3
577,2423,2
577,2406,1
577,2100,3
577,2371,4
577,2111,3
577,1395,4
577,1663,1
577,2518,3
1383,2109,4
1383,1125,1
577,1958,2
577,2110,1
577,2000,4
1383,1954,3
1383,1073,4
577,2243,4
577,2174,2
1404,3949,4
577,2150,2
577,3685,3
577,3868,3
577,1307,2
1383,2347,3
577,1220,2
577,2915,1
577,3210,4
577,2064,2
577,3543,3
577,3361,4
577,1270,4
577,3072,2
577,1394,1
577,1288,3
577,2804,4
577,141,4
1383,2950,4
1383,444,3
577,3255,2
577,2302,1
1383,2154,2
1383,2168,2
577,2108,1
577,1476,3
577,3253,1
577,1517,3
577,3108,1
1383,3705,3
1383,15,3
1383,2468,4
577,1500,4
577,2355,4
577,1641,2
1383,1353,4
577,1923,4
577,1060,3
577,342,3
577,2359,3
577,497,1
577,2700,4
577,2289,4
1383,2506,3
577,2396,3
577,1265,4
1383,207,1
1383,1894,1
577,2997,2
577,1,1
1383,1888,3
1383,1801,4
1383,2875,4
1383,236,1
1383,3436,4
1383,736,1
1383,1409,3
1383,2497,3
1383,804,1
577,3535,2
1383,2316,1
1383,3528,4
1383,613,4
577,1552,3
577,2600,3
577,1092,3
1383,252,3
1383,140,4
1383,1597,3
577,832,4
577,1608,3
1383,539,4
1383,7,2
1383,1479,4
577,587,4
1383,468,2
577,1573,1
577,733,2
577,288,4
577,1909,4
1546,2321,2
577,1370,2
1383,2297,4
1383,708,1
1383,1380,1
1383,2340,4
1546,1682,2
577,2058,1
1546,1777,2
577,1343,4
577,3267,3
1383,451,1
1383,266,2
1383,237,3
1383,1564,1
1383,361,4
1383,2671,4
577,2916,2
577,1610,4
577,2278,4
577,1407,4
577,16,2
1383,1777,2
1383,3614,1
1383,1441,2
577,2571,4
577,593,1
577,47,1
577,50,1
577,1617,4
1383,3259,1
1383,697,1
1383,1835,4
1383,351,2
1383,1535,1
1383,597,1
577,1747,3
577,21,1
577,2427,1
1383,2424,2
1383,1339,4
577,3176,3
1383,543,1
1383,377,3
577,1682,1
577,337,4
577,2268,1
577,1094,3
1383,440,4
1383,11,4
577,1673,3
577,235,4
1383,1569,1
1383,932,1
1383,58,3
1383,105,3
577,3060,4
577,1784,2
577,300,1
1383,587,1
1383,357,1
577,1179,3
1383,3244,1
1383,3358,2
1383,1721,1
1383,2943,2
577,150,2
1383,356,2
1383,39,4
1383,151,4
1383,471,1
1383,2941,4
577,1466,2
615,2396,1
577,508,4
577,1834,3
577,3100,4
651,2531,4
651,3697,1
1383,915,3
1383,907,1
1383,2108,4
1383,943,1
577,2291,4
577,1095,1
577,2890,3
651,2524,3
651,3082,4
651,2376,4
577,1704,1
577,1233,2
577,529,3
577,2959,1
1383,247,1
1383,2291,2
651,2105,4
651,2989,4
577,1213,4
577,2858,2
577,527,2
577,608,3
1383,509,4
651,1606,1
651,2990,3
577,2324,1
577,1358,2
651,3639,3
577,1694,4
651,2763,3
578,2395,1
578,3114,2
615,1097,2
578,2997,3
578,2324,2
578,2028,4
578,1358,1
578,1704,4
578,1215,4
578,1912,2
578,265,1
651,3042,1
577,1219,4
577,1961,2
577,1201,4
578,2762,4
578,36,1
651,3804,3
651,1381,4
578,2599,2
577,1210,2
577,1278,4
651,3690,2
651,3689,3
578,1233,2
578,608,3
578,2858,2
578,593,1
615,1676,2
615,95,2
615,786,2
615,2628,2
578,1213,2
578,1617,1
578,318,1
578,296,3
615,165,3
615,466,4
615,1573,3
615,3107,4
1383,3457,1
1383,3299,3
2574,750,1
2574,2300,3
615,380,3
1383,3784,3
651,1772,2
1383,3301,2
651,3392,3
615,1527,3
651,1503,3
578,3948,4
578,3897,2
651,153,4
2574,2987,2
2574,1291,3
615,10,3
615,1722,3
615,2278,2
651,2468,4
651,520,3
2574,1196,1
2574,2366,4
1383,3513,2
615,377,4
615,2916,1
651,2471,3
2574,969,3
2574,1262,3
2574,260,4
578,2598,3
615,1370,2
615,21,3
578,858,1
615,1580,2
578,3608,3
1383,3555,4
1383,3317,1
615,589,3
578,786,3
578,527,3
651,3388,1
651,1091,1
970,1562,1
970,9,3
970,160,2
970,1382,3
970,3841,3
1383,3618,2
1383,3298,2
2574,1,3
2574,3421,1
970,849,4
970,2253,3
970,2808,4
970,1591,1
2574,1077,3
651,3590,3
970,2720,3
970,798,1
970,3802,3
970,1772,2
970,2986,3
970,886,4
970,42,4
2574,933,1
2574,1278,1
651,3235,1
970,1385,2
970,420,1
970,2722,4
970,1391,4
970,20,2
970,172,4
2574,1172,4
651,2259,1
970,173,1
970,485,2
970,998,3
2574,2935,1
651,3600,2
970,2126,1
970,384,1
970,1100,4
970,168,3
970,303,1
970,1831,2
970,315,3
1383,3852,2
2574,3929,4
2574,3037,3
2574,1244,2
651,2478,1
1383,3536,3
970,1918,4
970,153,2
970,1752,3
970,170,2
970,548,4
970,466,2
970,1690,3
970,3257,3
970,1438,1
651,2735,4
2574,1641,3
2574,909,3
2574,3671,1
970,1627,1
970,434,2
970,2616,2
970,3697,3
970,3208,4
970,1320,1
970,1431,2
970,1379,2
2574,1256,4
2574,2321,4
970,996,4
970,227,4
970,459,4
970,1917,3
970,1432,2
970,1377,1
970,3020,2
1383,678,1
651,2717,4
2574,3629,3
651,2792,3
970,2002,2
970,70,2
970,288,1
970,423,4
970,1792,1
970,1544,4
651,3506,3
1383,1203,2
1383,1230,1
651,2772,2
970,1552,3
970,376,2
970,208,1
970,511,1
970,786,1
970,387,2
970,1479,1
970,517,1
970,1616,2
970,494,4
970,95,3
970,1754,1
970,442,1
651,2378,4
651,3525,3
970,2094,3
970,1599,4
970,1833,4
970,1488,3
970,1049,3
970,2334,2
970,2023,3
970,353,2
651,3693,2
1383,900,2
970,1687,4
970,1801,3
970,2006,3
970,1876,3
970,507,1
970,165,4
970,1586,1
651,344,4
651,3688,2
1383,1292,2
579,2890,2
970,1518,1
970,2617,2
970,809,2
970,145,1
970,3274,4
970,552,4
651,1380,3
651,1194,2
579,2571,2
970,2167,1
970,1676,4
970,780,3
970,1573,3
579,2762,2
970,1527,2
970,71,4
970,3107,4
970,1722,4
970,368,4
970,316,4
651,2794,1
970,648,2
970,653,1
970,1047,1
970,3418,2
970,2353,4
970,198,3
970,2427,1
970,10,1
579,1036,1
579,1196,2
970,1370,1
970,2058,1
970,1580,4
970,555,3
970,380,4
970,474,1
970,349,3
970,3178,1
970,1608,4
970,3256,3
970,493,2
970,480,4
970,2916,2
970,21,4
651,2375,4
970,2028,1
970,1277,3
970,1912,3
970,110,4
970,1389,3
970,2643,1
970,2422,1
970,3877,4
651,3243,1
651,1378,1
579,2379,1
970,2815,4
970,3710,2
970,2642,2
970,3667,1
970,2404,3
970,2816,2
970,3584,1
970,2468,1
651,2752,3
651,3040,1
651,2793,4
1383,2324,2
579,2792,1
579,3688,3
970,2411,4
970,2421,4
970,2403,1
970,2373,4
970,2402,1
970,2475,2
579,2375,1
579,2416,3
970,2802,4
970,1587,4
970,3698,2
970,2956,3
970,2405,1
970,2641,2
970,2410,2
970,2735,3
651,2255,2
651,2241,1
651,2369,1
579,3685,1
579,2423,2
579,2795,1
970,3197,1
970,3444,1
970,2376,2
970,3740,3
579,2518,3
579,2371,2
579,2011,3
970,2990,2
970,2193,4
970,1378,1
970,3029,1
579,2001,2
970,2989,2
970,3441,2
970,2001,2
970,3704,3
1383,3394,2
1383,1091,1
651,2457,2
579,3552,2
579,3210,4
579,3039,1
579,2751,1
970,2985,4
970,2457,1
1383,3708,1
1383,2259,1
579,2915,1
970,2000,3
970,1240,3
970,1196,2
970,1374,1
651,2416,4
651,2177,1
2841,2610,3
579,1663,2
1383,3395,1
1383,3388,3
1383,3715,3
579,1220,3
579,2791,1
1383,2072,2
1383,3385,3
1383,2475,1
1383,2802,1
1383,2639,3
579,1968,4
579,1307,2
970,3452,1
2841,1446,1
651,597,2
651,2001,4
651,3619,3
2841,2664,1
579,3928,3
579,3937,4
2841,1162,2
2841,2762,4
1383,2478,3
1383,3387,2
1383,3206,3
1383,2942,2
1383,2615,4
651,1010,1
651,3087,1
2841,950,3
2841,1283,4
651,2134,3
651,2301,1
651,500,1
1383,1216,4
1383,3707,3
2841,2020,1
651,3809,2
651,3760,3
651,2469,3
651,2111,1
579,1373,3
579,329,1
579,2393,1
579,1356,2
579,1375,2
579,1371,2
579,1372,2
579,1374,4
651,3524,3
651,2371,4
651,1125,4
651,2447,1
2841,928,3
2841,908,4
579,1625,2
1383,2517,3
1383,3791,1
1383,2151,1
579,457,1
651,3552,3
651,2011,4
579,2599,2
651,2145,4
651,3255,1
2841,1235,4
651,2262,1
579,2858,4
579,223,2
579,1,2
651,1135,2
651,3253,2
579,923,1
651,2247,1
2841,1212,4
579,1704,1
579,589,3
579,1265,1
651,1517,4
651,3210,4
579,1213,2
579,2395,4
651,2736,2
651,1923,3
579,1617,4
651,2463,1
579,2072,4
579,2987,4
579,3619,4
579,3868,4
579,2918,4
579,1376,3
579,2716,3
579,1210,3
579,2000,2
579,1291,3
579,1198,4
2841,3916,1
651,348,3
651,1958,3
651,3039,2
651,3608,3
1383,2405,3
1383,2374,3
1383,3649,1
1383,2513,2
651,2144,1
579,322,4
579,1911,2
1383,1088,3
1383,3688,3
651,2926,1
579,1270,3
1383,2001,3
1383,2054,3
1383,3846,3
651,3507,1
651,1963,4
579,367,3
651,2352,1
651,3421,4
651,2915,1
651,2795,1
579,1097,1
651,2065,3
651,1257,4
651,1968,1
651,3836,3
651,2150,3
651,3396,4
579,3363,3
579,593,1
651,2918,2
651,3685,3
3192,3033,4
3192,1356,4
3192,2985,3
579,104,4
651,3361,2
3192,2640,2
3192,3704,2
651,1079,2
3192,3793,2
651,2791,1
3192,1127,4
3192,1584,3
3192,924,1
3192,1210,4
3192,1240,1
3192,1214,4
3192,1206,4
1383,2794,2
1383,1173,1
1383,3844,1
3192,1213,1
1383,1378,4
1383,2989,3
1383,2457,3
1383,2990,2
3192,2431,3
3192,2539,4
3192,2335,2
651,2064,2
651,1747,2
651,1784,1
651,1948,3
3192,216,3
1383,2752,4
1383,2641,4
3192,344,4
3192,2502,1
1383,1101,3
1383,2418,3
1812,2051,1
651,1080,1
1383,3033,2
1383,2146,3
1383,3478,4
3192,1777,4
3192,2124,2
3192,69,2
3192,585,3
1383,2470,1
1383,3087,3
3192,587,4
3192,141,1
1383,3016,1
1383,2551,3
1383,2371,1
1383,2003,1
1383,2420,4
1383,3501,4
1383,2134,1
1383,1135,1
1383,3109,4
1383,2469,2
1383,2245,2
3192,3253,1
3192,380,2
3192,785,3
1383,3524,4
1383,2406,2
1383,2011,4
1383,3591,3
1383,2407,4
1383,2262,4
1383,3251,3
3192,101,4
3192,1784,4
1383,2100,1
1383,3448,3
1383,2247,4
1383,1663,4
1383,2423,1
1383,2145,2
1383,3398,3
3192,551,2
3192,356,2
3192,1060,4
3192,2355,1
3192,2321,1
3192,2289,3
3192,2700,4
3192,1,1
1383,3101,1
1383,3684,1
1383,3211,4
1383,2746,1
1383,1081,4
1383,2739,3
1383,592,1
1383,2463,2
1383,2240,1
1383,2852,1
1383,1305,3
1383,2455,3
1383,1994,3
1812,1126,1
1383,1291,4
1383,2065,1
1383,1961,3
1383,1210,1
1383,1321,4
1383,3071,4
1383,2797,2
1383,3070,2
1383,2352,2
1383,3072,4
1383,1962,1
1383,3608,4
2859,953,3
904,586,4
904,3263,3
904,3261,4
904,3614,4
904,3255,4
904,45,2
904,1476,4
904,1732,4
904,3358,4
904,543,2
904,2289,2
904,3253,4
904,39,4
904,1517,1
904,34,4
904,1265,3
904,2044,4
904,2072,2
904,3715,3
904,1091,3
904,3033,3
904,2796,1
904,3524,1
904,2134,4
904,2245,2
904,2369,2
904,3685,1
904,2423,4
904,2371,2
904,3210,2
904,2301,4
904,2915,1
904,3552,2
904,1288,3
904,1968,1
904,3104,1
904,1394,4
904,3506,4
904,3363,2
904,1136,2
904,1234,4
904,3362,2
1034,1307,3
1034,1242,4
1034,1228,2
1034,1225,1
580,750,1
580,2944,2
580,1262,1
580,3062,4
580,1204,1
580,3654,3
580,3768,2
580,3766,2
580,2815,1
580,2402,4
580,2404,2
580,1205,4
580,2816,2
580,3441,2
580,3137,2
580,2476,1
580,1298,1
580,2972,4
580,1196,1
580,1960,2
580,3448,4
580,1289,4
580,2897,4
580,1222,3
580,1210,3
580,1224,2
580,3811,1
580,1299,4
580,1217,4
580,1200,2
580,2075,3
580,3091,1
580,1242,2
580,1090,4
580,3342,4
580,685,3
580,402,3
580,858,4
580,1046,2
580,3597,1
580,3037,2
580,62,2
580,3095,2
580,1589,3
580,2519,1
580,1617,2
2106,3185,3
2106,1043,2
2106,1682,3
2106,3071,4
2106,2391,3
2106,3103,4
2106,3624,2
2106,3252,3
2106,2399,3
2106,1961,1
2106,516,1
2106,317,1
2106,27,3
2106,62,3
2106,2528,4
1120,940,3
2106,2112,4
2106,2291,2
2106,2546,3
2106,1870,1
2106,442,4
1120,748,2
1120,953,2
1120,954,3
2106,2036,1
2106,2071,4
2106,489,3
2106,1411,4
2176,1210,1
624,2762,3
2176,2926,2
2176,2427,3
2176,1080,1
2106,1006,1
2176,2857,1
2176,1625,4
2176,1199,3
2176,32,1
2832,1256,1
2832,3424,2
2832,2064,2
2832,3307,3
2176,1635,1
2832,923,2
2176,1258,4
2176,3019,4
1584,3160,3
2176,260,3
2176,1136,4
2176,1193,2
2106,86,2
2176,2788,4
2176,1089,3
2176,1090,1
2176,2890,2
581,3809,3
2176,1228,2
581,11,1
581,21,3
581,1454,1
2106,3098,4
581,1042,3
581,34,2
581,440,4
581,2321,1
581,1784,2
2176,318,2
581,3257,2
581,3,4
581,168,1
581,2497,3
581,2822,2
581,1409,2
2176,2324,3
581,1888,2
581,2875,3
581,3269,1
581,892,2
2176,2759,1
581,736,4
581,1835,4
581,1569,4
581,39,4
581,852,3
581,539,1
581,802,1
581,597,2
2106,748,2
2106,1517,4
581,1721,1
581,2125,3
581,1393,1
581,17,1
581,356,1
581,1265,2
2106,1672,3
2106,2126,4
581,2485,1
581,2013,4
581,2581,3
581,3175,3
581,2716,4
581,3564,4
581,3159,4
585,3481,1
581,2722,3
585,3146,2
581,2694,3
581,3155,4
2106,2028,3
581,1198,2
581,733,2
581,521,2
581,1907,1
581,2754,2
3224,3859,2
1639,1389,1
1639,2756,1
1639,1591,3
1639,2475,1
1639,479,2
1639,2421,1
1639,485,1
1639,2735,1
1639,3257,2
1639,2126,1
1639,1917,3
1639,2989,4
1639,2613,4
1639,2376,1
1639,2985,4
1639,1129,3
1639,2490,1
1639,474,2
1639,1220,2
1639,1291,1
1639,3053,1
1639,3114,3
3454,2686,2
1244,2455,1
1244,3947,2
583,903,1
583,904,1
583,1089,4
583,457,1
583,1617,2
583,2762,3
583,3699,4
583,428,3
583,590,1
583,3255,2
583,2262,3
583,2145,4
583,3526,4
583,337,3
583,62,4
583,350,1
583,509,2
583,2125,4
583,1584,2
583,953,2
583,948,2
583,2348,4
583,1396,1
583,1674,2
582,1210,4
582,3471,3
583,1246,2
583,300,1
582,2050,4
582,1193,3
583,3471,2
583,1096,3
583,3296,4
583,2000,4
583,1968,3
582,1270,3
582,1961,2
583,111,1
583,1962,2
583,2268,3
583,1784,2
583,3147,3
583,2352,2
583,25,2
583,919,2
583,1393,2
583,2020,4
583,32,3
583,1961,2
583,296,1
583,2248,1
583,1242,2
583,150,3
583,1704,3
583,1213,1
583,608,1
583,2028,3
583,593,3
583,527,4
583,1196,3
583,923,2
583,145,1
583,1240,3
583,1094,1
583,2736,3
583,858,3
583,3251,3
583,2023,3
583,2499,3
583,3148,4
1224,2395,2
1224,1635,4
583,648,3
583,3793,3
583,3578,1
583,3753,2
583,2456,2
583,1327,1
583,804,4
583,277,1
583,2792,3
583,3,2
777,2382,1
583,1544,2
4258,3911,4
583,2241,3
584,3004,4
777,2381,2
777,2380,3
777,2422,1
777,2050,1
583,266,1
584,3408,2
583,1261,2
583,2657,3
583,3450,3
583,3513,4
584,468,2
583,2455,2
583,1965,2
583,2160,2
583,1580,4
583,3159,2
777,2374,2
777,2471,2
777,2088,3
777,2402,3
583,2291,4
583,1282,2
583,1673,4
583,1249,4
584,912,2
584,1247,4
584,2396,4
583,1035,3
583,1259,1
583,2858,4
583,589,4
583,2791,2
583,908,4
584,969,4
584,919,1
777,2411,1
777,2404,1
777,1991,2
777,2815,2
777,2048,2
777,1373,2
777,2421,2
777,3388,2
777,2379,2
584,1196,1
583,1221,3
583,2144,3
583,3102,2
583,1,1
583,1210,3
584,1580,4
584,1198,3
584,260,4
777,2123,4
777,2378,3
777,1091,1
777,2525,3
777,2717,2
777,2792,4
777,3791,1
777,3070,1
777,2375,3
777,1033,3
777,3399,3
777,2410,4
777,2134,4
777,1088,1
777,2470,3
777,2413,2
777,3688,4
777,1135,3
777,2420,2
3821,3128,2
584,318,4
584,3363,2
777,3591,4
777,2011,4
777,3033,2
777,1587,3
777,2403,3
777,2003,4
584,527,4
584,1860,1
584,593,1
584,1699,2
777,1275,4
777,2005,3
777,2001,2
777,2115,1
777,2985,2
712,2353,2
712,552,4
777,2872,3
712,380,1
712,145,4
777,3360,1
777,2114,2
777,3398,3
777,1663,4
777,3543,2
777,2414,4
712,493,3
712,6,4
712,457,4
712,1610,4
3013,2724,1
712,2253,4
712,3489,1
777,1674,1
777,3868,4
712,3440,3
712,3439,1
712,126,4
712,2162,2
712,1702,4
584,440,2
584,1097,4
777,2804,4
777,1197,1
712,1126,1
712,673,2
712,1920,2
584,2352,4
584,3101,2
584,1291,1
712,3438,2
712,653,4
712,2,3
712,317,2
712,60,4
712,367,3
777,2136,2
777,2135,3
777,1010,4
777,1013,1
777,2085,2
777,1017,3
777,2015,3
777,1025,4
4802,3566,3
777,1951,3
777,1028,3
777,1035,4
777,1947,3
777,1207,4
777,1388,1
1117,3844,2
1117,2641,4
1117,2054,1
1117,2093,2
588,2161,4
1117,3441,2
1117,3478,2
1117,2048,1
1117,1587,3
1117,3791,2
1117,2376,2
777,2367,2
1117,1101,3
1117,3033,1
588,1073,3
1117,2105,3
588,2987,2
1117,2001,2
1117,1378,2
1117,2470,2
588,1254,3
588,1204,4
1117,610,3
1117,2193,2
1117,2134,3
1117,3740,2
1117,2021,4
1117,1967,3
1117,2003,3
1117,3704,3
1117,2073,3
588,427,1
588,2338,1
777,2409,4
777,1030,3
777,1007,2
588,1711,3
1117,2005,4
1117,2161,3
1117,2746,2
1117,2115,2
1117,2990,1
1117,3448,3
1117,2406,3
1117,2247,1
1117,3591,4
1117,2081,4
588,1892,3
1117,3479,2
1117,3701,3
1117,3087,1
1117,2407,4
588,492,4
1117,2011,4
588,2206,2
1117,2734,4
588,1086,4
588,950,4
588,3801,4
1117,2797,2
1117,2100,4
1117,2985,4
1117,2065,4
1117,1298,1
1117,2000,3
1117,3526,3
777,2137,1
777,1125,2
777,1380,4
777,2109,3
588,2616,4
1117,3699,1
1117,1674,3
1117,2973,4
588,1791,3
1117,2194,2
1117,1321,1
1117,1962,1
588,1645,2
1117,1994,2
1117,3071,2
1117,1189,1
1117,1097,1
1117,2243,4
1117,592,2
588,532,1
1117,1968,4
1117,2352,4
1117,1246,3
1117,2918,2
1117,2076,3
1117,3868,4
588,1396,3
588,2268,3
588,1466,3
1117,1210,4
1117,2139,4
1117,2968,1
1244,3949,1
1117,1307,2
1117,3763,4
1117,1302,3
1117,3104,2
777,1954,4
777,3396,1
777,1073,3
777,1278,2
712,2064,1
1117,1297,2
1117,1220,3
1117,1961,3
1117,2467,2
1117,2872,2
1117,1132,3
1117,1131,3
1117,1296,3
712,246,4
1117,1127,2
1117,2174,2
1117,1291,3
1117,1079,4
1117,2915,2
1117,1264,3
588,1234,1
1117,1036,4
1117,1285,1
1117,3361,1
1117,3098,2
3509,1615,4
1117,1242,1
1117,1218,4
1117,2716,2
1117,2248,1
1117,1270,2
1117,1240,4
588,1945,4
1117,1222,1
1117,1224,2
1117,1199,3
1117,1200,3
1117,1198,2
1117,2804,2
1117,1225,2
1117,1196,4
1117,1394,3
1117,1217,2
777,1387,3
777,1136,2
588,3274,4
588,2115,1
588,2023,3
1117,3754,2
588,2641,1
1117,3826,1
588,377,1
1117,3355,4
588,2406,2
1117,3623,3
1117,3273,1
1117,3536,2
588,1291,2
588,592,1
588,2194,2
1117,3328,4
1117,3744,2
588,2000,1
588,1954,2
777,3820,1
588,1387,2
588,2947,2
588,1242,3
588,1198,1
588,1201,4
1117,3745,3
588,969,4
588,858,1
588,1304,1
673,3150,3
673,2455,4
673,3675,3
673,3936,3
673,1248,3
673,1284,4
673,1129,3
673,1212,2
3693,2712,1
585,771,4
585,3752,4
585,3354,4
585,3744,3
585,3753,3
585,3623,4
585,3617,4
586,1276,1
585,3785,1
585,3786,4
585,3861,4
585,3408,1
585,3624,4
585,3793,2
585,3328,2
586,2300,2
586,1235,2
585,2161,1
585,2005,4
585,1967,1
585,551,1
585,1073,4
585,3429,4
585,1223,1
585,1566,2
585,673,2
585,2294,3
585,3000,4
585,588,2
585,364,1
585,661,3
585,3159,2
585,2761,3
585,1,3
585,3114,1
585,745,3
585,1282,2
585,1148,2
585,3578,3
585,3751,2
585,3030,2
586,2858,1
585,2019,1
586,1148,1
586,745,3
586,2761,3
586,1223,3
585,3033,1
585,2021,1
585,2105,2
585,480,4
585,1127,4
585,1210,4
585,1965,2
585,2140,4
585,1205,2
585,2968,3
585,1214,1
585,1206,4
585,1274,1
585,1199,4
585,541,1
585,1200,2
585,924,2
585,1196,2
585,260,1
585,750,3
585,160,3
585,546,2
585,1591,1
585,1037,2
585,3156,2
585,2986,4
585,1544,2
585,2275,2
585,2722,4
585,2699,2
585,316,3
585,24,4
585,1690,3
585,2600,2
585,1391,4
760,2427,3
585,2094,4
585,1676,4
585,1748,1
585,1580,1
585,1909,2
585,2046,1
585,2916,1
585,3175,4
585,1584,2
585,1527,1
585,29,1
585,1356,3
585,671,2
585,1215,4
585,1396,1
760,2686,1
585,1732,2
585,1625,1
760,3535,4
585,3476,3
585,3052,4
585,2890,3
585,3253,1
585,1342,2
585,1923,2
585,1704,3
2078,3868,2
586,2529,2
585,2571,1
585,2395,2
586,1199,1
586,29,1
586,3471,1
586,1206,1
586,924,2
585,457,3
585,293,2
585,595,2
585,2959,3
586,2287,2
586,750,2
586,1210,2
586,2571,3
586,541,2
586,1270,2
586,1214,3
586,3703,3
585,589,2
585,2355,1
585,223,4
585,3160,1
585,47,4
585,1175,4
585,32,1
585,2700,3
585,3108,4
585,1649,1
585,1266,3
585,3267,2
585,1179,2
585,2291,3
585,2677,2
585,2028,3
585,1682,2
585,1921,1
585,2912,2
585,2692,4
585,101,1
585,2762,2
585,1188,2
585,50,3
585,2858,2
585,296,1
585,1354,4
586,1240,2
585,2997,3
585,1089,4
585,1245,4
585,1243,4
586,1201,2
585,741,4
2895,1250,4
586,110,4
586,589,4
586,1200,3
585,3117,4
586,2028,3
586,1196,3
586,260,1
585,3864,3
585,3863,1
585,3943,4
585,3911,2
585,1517,3
586,912,1
586,1676,4
586,2470,3
585,1193,3
585,1884,2
585,1270,4
585,593,1
586,2378,1
586,908,1
2078,2324,3
587,3535,2
587,1517,4
587,3040,3
587,3566,2
587,1884,2
587,2795,4
587,104,4
587,352,4
587,3052,1
587,3893,1
587,1648,4
587,1476,3
587,2290,1
587,2423,1
587,187,4
587,2463,4
587,2302,4
587,348,1
587,2836,3
587,1395,4
587,3608,3
587,2155,2
587,3039,2
587,1663,1
587,2064,1
587,1307,3
587,441,3
587,3086,4
587,1257,2
587,3129,2
587,1923,4
587,3481,1
587,3396,3
587,3868,1
587,1500,3
587,1184,3
587,1073,2
587,3200,2
587,1078,3
587,2791,2
587,39,3
587,2915,3
587,357,4
5359,1073,2
5359,2140,1
5359,2015,4
5359,2161,1
5359,2174,2
587,3424,3
587,2918,3
587,3814,3
587,69,4
587,1265,3
587,1077,2
587,1244,2
587,3504,1
587,1259,4
587,2973,2
5359,1686,4
5359,2141,1
5359,609,2
5359,3479,2
5359,2470,1
5359,2077,1
5359,1017,3
5359,2005,3
5359,2719,4
5359,273,2
5359,2560,2
5359,2793,4
5359,2004,1
5359,253,4
5359,2003,3
5359,3081,1
5359,164,2
5359,3518,1
587,3210,4
587,1256,2
587,2080,3
587,3421,1
587,1270,3
587,2300,4
5359,1244,1
587,1136,2
587,905,3
587,2987,2
587,2702,1
587,2700,4
587,2806,3
5359,839,4
5359,2412,3
5359,1556,4
5359,2422,2
5359,694,2
587,2395,4
587,1513,2
587,2394,1
5359,172,4
5359,20,2
5359,2701,4
5359,1882,2
5359,2720,2
5359,2808,4
587,2502,2
587,2734,2
587,3174,2
5359,2421,1
5359,1831,2
5359,2986,4
5359,2404,1
5359,2253,2
5359,2411,4
5359,2402,3
587,2318,3
587,2716,2
587,2333,2
587,2580,1
5359,1431,3
5359,2405,4
5359,3257,4
5359,485,4
587,233,1
587,2712,1
587,2959,4
587,1093,1
587,2772,3
5359,3082,3
587,2541,2
587,223,3
587,2037,1
587,2770,2
587,2908,1
5359,1722,3
5359,1608,1
587,2710,1
587,2997,2
587,3179,4
587,2683,3
587,2572,1
587,2492,4
587,2706,1
587,2858,2
5359,474,2
5359,3267,3
5359,3441,4
5359,3444,4
5359,95,1
5359,736,3
5359,2490,4
5359,2616,4
5359,2410,3
5359,2409,1
5359,2989,1
5359,1586,2
587,2403,3
5359,2990,3
5359,1479,4
5359,1488,4
587,912,1
5359,1378,3
5359,10,4
5359,3107,1
5359,1801,3
587,3937,3
5359,376,1
5359,2826,4
587,3524,2
587,176,2
587,1193,3
5359,3763,4
5359,1275,1
5359,2115,4
5359,1573,3
5359,1429,4
5359,2334,4
5359,368,3
5359,1597,4
5359,1866,2
5359,353,1
5359,1101,2
5359,1370,1
5359,2406,2
5359,2193,2
5359,940,3
588,3101,2
588,3102,4
588,1732,2
588,3176,4
588,1625,2
588,2571,2
588,373,1
588,1343,2
588,3529,2
588,911,2
588,1036,1
588,931,4
588,2183,3
588,2176,1
588,1674,2
588,2349,2
588,2917,1
588,457,4
588,2160,2
588,906,3
588,1264,1
588,965,2
588,933,4
588,2762,3
588,1249,2
588,1212,4
588,928,3
588,1219,4
588,904,3
588,903,2
588,1391,1
588,1037,2
588,2407,3
588,480,4
588,1573,4
588,1210,3
588,2529,1
588,2640,3
588,2657,1
588,2455,3
588,32,3
588,1584,3
588,1921,4
588,3703,3
588,260,3
588,3702,2
588,1175,3
588,1077,1
588,1214,3
588,1199,3
588,2010,4
588,1260,2
588,930,1
588,1267,2
588,913,2
588,2186,4
588,1252,2
588,3435,3
588,922,2
588,1617,4
4386,2924,1
1218,1221,2
1218,2023,2
1218,858,3
1218,3148,1
588,1810,1
588,412,4
588,1643,2
588,506,2
588,508,3
588,3246,2
588,1897,2
588,3178,4
588,1678,1
588,3078,1
588,1243,4
588,1673,1
588,1246,3
588,562,1
588,509,2
588,1955,3
588,3250,4
588,1401,4
588,1097,1
588,1784,1
588,2336,1
588,3699,4
588,1962,3
588,1535,1
588,3168,4
588,475,2
588,1957,2
588,800,1
588,3685,2
588,1594,1
588,337,4
588,1120,1
588,3471,3
588,3418,4
588,1272,4
588,953,3
588,1103,2
588,3260,2
588,3700,3
588,229,1
588,21,2
588,1834,1
588,308,2
588,1196,3
588,954,1
588,1131,2
588,1392,2
588,300,2
588,263,4
588,2067,1
588,3788,4
588,2243,1
588,902,1
588,306,4
588,971,2
1998,2948,3
1998,3936,3
588,3404,3
588,1300,1
588,1358,3
1998,1269,1
1998,589,3
1998,110,3
1998,1284,4
1998,1282,3
588,2732,4
588,2020,3
588,1132,3
588,1944,2
1998,2858,3
1998,1250,1
1998,2966,1
588,1949,4
588,3152,2
588,1179,3
588,1280,1
588,3334,2
588,926,3
588,2919,1
588,1946,4
588,527,1
588,3735,4
588,1719,4
588,1084,2
588,1704,2
588,2908,2
588,58,1
588,2132,4
588,1213,2
588,1953,2
588,296,2
588,1952,3
588,593,4
588,3683,1
588,3068,1
588,924,4
588,1185,4
588,318,3
588,3467,2
588,1208,3
588,2076,4
588,3089,1
588,608,1
588,908,4
588,1221,2
588,919,2
588,3083,4
588,1104,4
588,912,2
588,3730,4
588,923,2
588,3307,1
1437,2952,3
588,2502,3
2634,2621,4
2634,1480,4
2634,2231,1
2634,2611,3
2634,2433,1
588,1580,1
588,3451,2
2634,21,3
2634,1721,2
2634,531,4
588,1184,1
588,3396,3
588,927,4
588,497,3
2634,991,4
2634,3129,1
2634,535,3
2634,1897,2
588,3129,2
588,3812,1
588,1968,1
588,2302,2
588,357,3
588,2690,1
2634,2573,1
2634,2442,2
2634,1619,2
2634,1404,4
2634,1660,1
2634,800,4
2634,2686,1
2634,1392,4
2634,62,2
2634,1683,2
2634,155,3
588,2946,3
588,1060,3
588,1500,1
2634,1190,1
2634,3418,2
2634,1788,3
588,3552,3
588,1265,1
2634,1834,4
2634,58,2
2634,300,2
2634,1095,3
2634,25,2
588,2750,1
588,2918,4
588,3358,3
588,2463,1
2634,80,3
2634,272,4
2634,523,3
2634,1635,1
2634,381,2
2634,314,3
588,348,1
588,3072,4
588,3712,3
588,852,4
2634,230,1
2634,1465,2
2634,1784,2
2634,85,1
588,2108,1
588,52,4
588,345,1
2634,151,3
2634,534,3
2634,3713,3
588,1588,1
588,2150,1
588,588,4
2634,281,4
2634,215,3
588,1966,4
2634,806,2
2634,1183,4
2634,3148,2
2634,563,1
588,3244,1
588,1197,2
588,3060,1
588,2321,2
2634,766,2
2634,590,1
2634,2596,2
2634,2943,1
588,342,3
588,232,2
588,1747,4
2634,2168,3
2634,1466,3
2634,301,1
2634,3386,3
2634,3426,1
2634,3160,1
2634,296,4
588,3035,4
588,583,4
588,3671,4
588,2915,1
2634,1729,4
2634,1594,1
2634,2272,4
2634,475,4
2634,1673,3
588,471,1
588,915,4
588,909,1
2634,1914,4
2634,3078,2
2634,1357,4
588,2065,3
588,1270,4
2634,994,2
2634,515,2
2634,2112,2
2634,1245,2
588,1079,2
588,1537,4
588,3341,3
588,3088,1
588,223,3
2634,2291,4
2634,715,4
2634,2890,1
2634,645,4
588,1211,3
2634,1682,2
2634,41,1
2634,3271,2
588,1269,1
588,1883,4
2634,1094,2
2634,446,4
588,898,4
588,2791,4
588,2997,4
588,1307,2
588,946,1
2634,3079,3
2634,1704,1
2634,1120,3
2634,838,1
2634,337,3
2634,3105,4
588,3421,3
588,2289,1
2634,3147,2
2634,1584,2
588,1080,3
588,1394,1
588,1259,1
588,1446,2
2634,199,4
2634,2501,2
2634,150,4
588,1066,4
588,3543,2
2634,778,2
2634,263,3
2634,1719,1
588,1288,3
2634,3260,1
2634,36,3
2634,308,2
2634,2966,4
588,2300,3
588,2208,2
588,3819,4
588,1148,3
588,3629,3
588,1963,3
588,1136,3
2634,529,1
2634,509,3
2634,3006,3
2634,1213,2
2634,1179,3
588,3424,1
588,745,2
588,3067,1
2634,1694,3
2634,2028,3
2634,608,2
2634,2357,4
588,955,4
588,1244,4
588,910,4
588,2858,3
588,1294,2
588,2973,2
2634,3246,2
2634,318,1
588,905,3
588,3363,4
588,3097,1
588,3462,3
2634,1041,1
2634,306,2
588,1230,4
588,951,4
2634,3510,2
588,3578,4
588,3481,3
588,3751,1
588,945,3
588,1193,2
588,920,3
588,111,2
588,1961,4
1246,608,1
1246,1682,4
1246,36,1
1246,3271,4
1246,2686,2
1246,150,4
1246,2329,3
1246,1358,4
1246,3147,4
1246,1213,3
1246,3471,1
1246,1090,4
1246,1208,4
1246,2501,3
1246,1193,4
1246,593,4
1246,1203,2
1246,1103,1
1246,527,2
1246,296,4
1246,2478,4
1246,553,3
1246,3871,3
1246,2622,3
1246,2021,4
1246,2100,3
1246,2143,4
1246,164,3
1246,1617,1
1246,2710,1
1246,1644,3
1246,2328,1
1246,2513,1
1246,328,1
1246,196,4
1246,177,3
1246,1991,2
1246,2613,2
1246,3081,3
1246,724,3
1246,1339,4
1246,253,3
1246,366,1
1246,2003,4
1246,2633,3
1246,1645,3
1246,3785,2
1246,1407,2
1246,3499,2
1246,1997,1
1246,1333,2
1246,2807,4
1246,393,3
1246,160,2
1246,546,2
1246,3439,4
1246,1590,1
1246,2808,1
1246,1681,4
1246,204,1
1246,2720,2
1246,2701,3
1246,849,2
1246,379,1
1246,1431,1
1246,1687,4
1246,327,2
1246,1591,2
1246,168,1
1246,1606,4
1246,2253,2
1246,170,3
1246,1831,1
1246,996,4
1246,1037,1
1246,2986,2
1246,1320,4
1246,748,3
1246,466,1
1246,3438,4
1246,533,3
1246,1769,2
1246,95,1
1246,1690,2
1246,1792,4
1246,1479,4
1246,1391,1
1246,1597,3
1246,1371,1
1246,1801,3
1246,786,4
1246,464,3
1246,2881,3
1246,1385,1
1246,1378,3
1246,165,2
1246,1608,2
1246,3444,4
1246,2490,4
1246,1518,2
1246,303,4
1246,2273,2
1246,3638,4
1246,3020,2
1246,2334,4
1246,648,1
1246,1754,3
1246,1616,1
1246,349,3
1246,2527,2
1246,1101,3
1246,1047,2
1246,288,4
1246,2763,2
1246,3267,4
1246,3418,4
1246,2985,3
1246,3256,4
1246,2058,2
1246,377,2
1246,2353,1
1246,6,2
1246,1233,1
1246,2194,3
1246,2947,4
1246,457,3
1246,1200,4
1246,1214,3
1246,3793,2
1246,1912,3
1246,2028,3
1246,1036,2
1246,1610,4
1246,2692,2
1246,1221,4
1246,2278,4
1246,2140,2
1246,1205,3
1246,2141,4
1246,1405,4
1246,1920,1
1246,1064,4
1246,2495,1
1246,610,3
1246,2687,1
1246,616,4
1246,3034,2
1246,364,2
1246,2294,2
1246,1282,3
1246,2137,1
1246,595,3
1246,594,3
1246,2761,4
1246,1562,2
1246,3213,1
1246,720,1
1246,520,4
1246,1277,4
1246,1408,4
1246,2411,3
1246,1954,2
1246,2657,2
1246,2912,1
1246,2427,4
1246,3702,4
1246,3704,1
1246,3703,4
1246,2976,1
1246,2300,1
1246,3513,2
749,2113,2
749,3942,2
846,2950,2
846,2642,2
846,2471,3
749,1981,1
749,606,4
749,2122,4
749,1979,2
749,1977,2
749,1984,3
749,1980,4
749,1978,2
846,2421,3
846,2641,2
846,2735,2
846,2054,2
846,3698,3
749,1975,1
749,3843,4
846,1587,1
749,2338,3
846,1375,3
749,1976,1
846,1967,2
846,2161,4
749,2121,2
749,2717,4
846,1291,2
749,1388,4
749,2367,3
749,1983,3
749,3273,1
749,3016,3
749,2901,3
749,3535,1
749,2654,1
749,968,3
749,2782,2
749,2459,2
749,1994,4
749,1331,4
846,1334,3
846,2645,1
846,3930,2
846,2634,1
749,3214,4
589,996,4
846,1428,4
749,1034,1
749,1673,4
589,553,1
589,2012,1
589,1379,3
749,293,1
749,2916,4
589,1500,2
589,3088,4
749,1931,3
749,3072,2
749,1285,1
749,1302,1
749,3871,3
749,1199,2
589,235,3
589,2542,3
749,1103,2
749,1393,3
589,2915,4
589,2791,2
749,2176,1
589,1136,4
749,2210,2
749,2348,2
589,2355,1
589,2997,4
749,2866,4
589,352,4
589,2918,4
749,32,3
749,3683,1
749,1266,4
749,2347,2
749,246,3
749,1096,4
589,1265,3
589,1259,3
589,2858,4
589,2599,2
749,110,4
589,3114,1
749,2313,4
589,1148,1
589,2324,3
749,1201,3
749,1228,2
749,3551,4
749,1961,2
749,3360,1
749,1293,4
749,2971,4
3203,2889,4
749,1104,2
749,3114,1
749,318,4
589,160,1
589,1196,2
589,1270,2
589,2380,3
589,593,1
1778,257,4
1778,1459,4
1778,2338,2
1778,2126,1
1285,1924,3
1285,3930,1
1285,2634,4
1285,2087,2
1285,2080,1
1285,2454,4
1285,2941,3
1285,2184,4
1285,1022,2
1285,2183,1
1285,1103,4
984,1453,2
1285,3405,4
1285,2565,3
1285,2096,4
1285,2670,1
1285,2645,2
1285,1012,1
1724,648,4
1724,266,2
1724,1580,1
1285,952,4
1285,3379,3
984,520,1
1724,480,4
1285,1203,1
1285,899,1
1285,971,2
1285,969,4
984,1021,1
984,1391,2
984,784,3
1724,3450,2
1724,144,3
1285,2664,2
1285,2660,1
1285,1283,4
1724,242,4
1724,2791,3
984,2002,2
1724,2291,4
984,435,2
984,1665,4
1724,589,3
1724,1249,3
1285,904,1
1285,1945,1
984,1367,2
984,719,2
984,236,2
1285,2017,4
1724,903,2
984,252,3
1285,3737,2
1285,3168,1
984,2155,3
984,2395,1
984,1569,2
984,357,2
984,1016,3
984,3548,2
984,2080,2
984,1018,4
984,2136,2
984,1010,4
984,2863,4
984,3200,3
984,2088,4
984,3388,3
984,2163,4
984,2794,3
984,2378,1
984,2301,1
984,2001,2
984,2371,2
984,2470,3
984,2011,4
984,3591,2
984,2407,3
984,2423,3
984,2804,2
984,3217,1
984,950,1
984,897,2
984,2430,4
984,898,1
984,3334,4
984,1942,3
984,1939,2
984,1254,2
984,1212,1
984,3095,2
984,928,4
590,1171,2
590,2390,4
984,1943,2
590,319,3
590,1966,4
984,3930,2
590,1653,3
590,341,2
590,2883,2
590,1584,2
984,3549,1
984,2287,4
984,1019,4
590,2333,1
590,1408,1
590,1732,3
984,3406,1
590,1683,2
590,2437,1
984,1253,1
590,1641,1
590,551,2
984,3365,3
984,969,2
590,2427,2
590,1650,4
590,1542,2
984,1944,3
984,2664,1
984,1237,4
984,1283,4
590,39,2
590,1357,1
590,2391,2
590,2502,2
590,99,1
590,1747,3
590,501,3
590,764,3
984,922,1
984,904,1
984,3364,2
984,2019,3
590,1885,2
590,2912,3
984,2851,1
984,2521,2
590,1748,4
590,223,3
590,3281,3
590,1788,2
590,337,4
590,1649,1
590,1673,2
984,2535,2
590,649,2
590,235,4
590,535,2
590,80,2
984,3638,4
984,3812,3
984,2177,2
590,1280,2
590,1498,4
590,125,2
590,3499,1
984,2527,3
984,2640,2
590,2952,2
590,34,1
590,190,2
590,1571,4
590,1784,2
984,3066,1
984,3244,4
984,1073,3
984,3635,1
984,2779,3
984,1125,1
590,3006,2
590,529,3
590,388,1
984,3093,3
984,3074,2
590,2329,4
590,2542,2
984,2074,3
590,2291,2
590,1265,2
590,2318,3
984,2730,2
984,3198,2
590,3250,4
590,1449,3
590,3078,3
984,1955,2
984,1387,4
590,32,1
590,2571,4
590,896,1
984,1292,2
984,1206,4
984,260,2
984,3201,4
984,3730,2
984,1303,2
984,2925,4
591,898,3
591,2204,1
590,2682,2
590,1392,2
590,1,2
590,150,2
590,1730,3
590,1094,2
591,930,2
591,912,1
591,1254,1
591,928,4
590,1179,4
590,308,2
590,846,1
591,910,3
590,162,1
590,1900,2
590,1549,3
590,3083,3
590,866,1
590,581,4
984,3076,1
591,1947,1
984,3633,2
984,3073,3
590,25,3
590,2580,3
590,1734,4
591,1333,2
984,3507,2
984,2870,1
591,750,1
590,2276,4
590,3100,1
590,3007,3
984,3062,1
984,3653,4
591,1204,3
984,3654,2
590,456,2
590,114,4
984,1950,3
984,924,1
984,3789,2
591,541,4
590,1041,4
590,36,4
590,1704,2
984,3467,2
590,1266,4
590,2686,1
590,2908,2
590,2959,2
590,2966,2
590,2890,3
590,247,3
590,2575,4
590,3114,2
590,608,3
590,2762,2
590,2692,1
590,1213,1
590,1699,3
590,246,3
590,527,2
590,1354,3
984,3624,1
590,2858,3
590,483,4
590,1446,2
590,50,4
591,2583,4
590,1617,4
590,3429,3
591,2686,2
984,3510,2
590,1413,2
590,2573,3
591,913,3
590,2693,3
590,3160,3
590,3409,4
591,1680,2
591,3079,2
590,3618,4
591,3174,4
590,3509,3
590,3863,1
591,2240,4
591,1401,2
590,3287,3
591,2627,1
590,3786,2
591,1693,1
590,3566,4
1778,507,1
590,3189,4
1778,1722,3
591,2194,2
1778,10,4
591,1354,2
591,2268,2
591,3125,3
591,300,4
1778,3185,1
591,509,1
591,3135,3
591,2000,3
591,1246,3
590,3540,1
591,3765,3
591,2611,3
1778,3082,2
1778,1909,3
590,3324,2
590,3326,4
590,3553,1
591,3370,4
590,3908,2
590,3798,1
590,3565,2
590,3562,1
591,58,1
591,1584,1
590,3827,3
591,1124,3
590,3784,2
590,3594,1
591,2745,3
591,249,3
590,3534,3
590,3298,1
590,3893,1
590,3915,3
591,1954,4
590,3124,3
591,3105,3
590,3752,4
590,3512,4
590,3556,4
590,3554,2
591,3408,3
591,592,1
590,3536,3
590,3317,1
590,3624,3
591,848,3
591,1946,1
1778,511,4
590,3823,2
591,2427,3
590,3747,4
591,3871,1
591,2336,2
1778,2803,4
1778,2059,2
590,3515,2
591,1682,4
590,3408,4
590,3578,4
590,3481,1
590,3793,2
1778,371,3
591,2329,2
591,3260,1
591,25,2
591,1090,2
590,3182,1
590,3897,2
590,3538,2
590,3751,2
591,1287,1
591,3198,2
591,36,3
1778,502,2
591,1968,3
591,2291,2
590,306,3
591,1222,2
591,1674,4
591,1272,3
591,1960,2
591,110,1
591,1594,1
591,2348,1
591,1635,4
591,1299,3
591,3169,4
590,3911,1
591,1084,4
591,3360,3
591,1293,2
591,1259,2
591,17,3
591,3006,1
591,1945,4
591,3471,2
591,1203,1
591,2020,4
591,1208,2
591,1694,4
591,1231,2
591,1224,4
591,1242,1
591,1233,3
591,2028,3
591,1247,3
591,2728,2
591,1207,4
591,1193,2
591,3468,4
591,1213,1
591,1250,1
591,2966,2
591,1225,1
591,1196,2
591,318,2
591,527,4
590,1805,2
590,3948,3
590,3357,1
591,858,3
591,923,4
590,593,2
590,1097,3
590,1176,4
590,1594,4
591,2346,3
591,1683,1
591,1653,4
591,2181,1
591,1407,2
591,454,2
591,3763,4
591,3527,1
591,2916,4
591,377,2
591,3203,3
591,1834,4
591,1343,1
591,1127,4
591,1748,1
591,2206,2
591,1610,3
591,2288,3
591,1200,3
591,1845,2
591,1240,3
591,1358,2
591,457,4
591,1036,4
591,2571,2
591,2762,2
591,1219,1
591,1214,1
591,593,3
591,1252,4
591,111,2
591,908,2
591,2186,3
591,2203,4
591,50,3
591,608,2
591,1267,4
591,1212,4
591,1147,4
591,1649,2
591,1189,4
591,246,1
591,162,3
591,370,2
591,2794,2
1655,3254,1
1655,3253,3
591,344,3
591,818,4
591,2259,1
591,2792,1
591,2889,2
1655,2447,1
591,1405,3
591,2163,1
591,2424,4
591,1513,1
591,1821,2
591,500,1
591,2054,4
591,3525,2
591,2004,1
591,1918,2
591,1569,2
591,3264,1
591,2470,2
591,3254,3
591,2378,2
1655,3916,3
591,2447,4
591,2011,2
1655,3578,3
1655,3793,2
591,468,1
591,410,3
591,1958,3
591,3812,1
591,597,3
591,539,2
591,3740,4
591,333,3
591,3608,3
591,1485,2
591,1380,3
591,2145,1
591,2671,3
591,2463,1
591,3308,4
591,356,2
591,3448,3
591,3868,2
591,2111,4
591,2407,3
1340,1799,3
591,1663,2
1340,2500,4
591,671,1
591,2423,2
591,2883,4
591,2359,2
591,357,1
591,497,4
591,2321,3
591,2150,3
591,1914,4
591,39,2
591,2797,3
591,838,1
591,3039,4
591,1285,4
591,1079,1
591,2915,2
591,2174,1
591,1270,3
591,1234,3
591,2918,1
591,1923,4
591,3504,3
591,1080,2
591,3451,4
591,1288,2
591,1304,4
591,2318,4
591,1066,4
591,34,2
591,1136,2
591,2324,1
591,1276,3
591,2858,3
591,2338,1
591,3273,2
591,2311,2
591,1092,3
591,1805,4
591,3176,4
591,2076,1
591,2467,2
591,931,3
591,1964,1
591,1086,3
591,3476,4
591,924,1
591,950,2
591,903,3
591,904,1
591,902,1
591,3386,3
591,1097,4
591,1283,1
591,1617,3
591,1210,4
774,3793,3
1340,3735,3
1804,904,2
1804,2183,2
1804,2917,3
1804,3578,3
597,2987,3
597,2701,1
597,3793,4
597,2763,3
597,2700,3
597,2702,4
597,3157,3
597,2762,3
597,2395,1
597,1513,4
597,2686,4
597,2013,2
597,2598,1
597,2502,1
597,3219,2
597,2490,3
597,2734,2
597,2723,4
597,3752,3
597,913,2
597,785,4
597,3578,2
597,2716,1
597,2333,1
597,2688,4
597,2580,2
597,3175,4
597,233,2
597,2712,2
597,2959,1
597,2599,3
597,2336,1
597,2718,2
597,2759,1
597,3543,4
597,2772,1
597,223,3
597,2541,2
597,2433,4
597,3203,3
597,3016,2
597,2038,2
597,2908,2
597,2997,1
597,2694,3
597,2710,4
597,2707,2
597,2683,2
597,2858,1
597,2706,3
623,1894,1
623,2167,3
623,590,3
623,3175,4
623,592,2
623,1374,1
2057,3107,2
2057,145,2
623,1591,3
2057,1270,1
623,1917,2
2057,34,1
623,1918,2
623,1627,2
2057,3105,2
2057,2683,1
623,208,4
2057,1517,3
2057,3524,3
2057,1784,4
2057,2707,2
2057,2699,1
2057,3173,1
623,2723,3
623,1866,2
623,288,2
623,2628,3
2057,1230,4
2057,2440,4
2057,3421,3
2057,1021,4
623,2393,1
623,780,4
623,70,4
623,329,1
623,1527,4
2071,2836,4
623,1391,1
2057,3801,3
623,2001,4
623,1101,4
623,2600,1
2057,1693,1
2057,1327,3
623,733,1
623,1429,4
2071,3052,2
623,480,4
2057,11,4
2071,2501,4
2057,2858,2
2057,3649,4
2057,2329,1
623,861,3
623,1610,2
2057,1225,4
2057,2971,2
2057,1214,1
2057,2152,4
2057,2791,2
2057,3251,1
2057,969,4
592,1198,3
592,1196,2
592,260,4
592,1218,1
592,858,1
2057,344,2
2057,409,3
2057,1459,4
623,3793,4
2071,3745,1
2071,3578,3
2057,999,3
2071,3124,3
2057,3420,2
592,1500,4
592,1799,3
592,50,1
592,3623,2
592,3717,4
592,3316,3
592,3578,2
592,3793,1
592,3755,3
592,3555,4
592,3624,3
592,3452,3
5333,903,3
592,3258,2
592,2471,1
592,3614,3
592,1388,1
592,1197,2
592,1626,3
3266,1545,1
3266,501,1
3266,3534,2
593,3252,4
593,1619,2
3266,3540,3
593,369,2
593,2712,3
593,3010,4
3266,3481,2
593,350,3
593,1190,3
3266,2985,2
593,1480,1
593,991,3
593,412,4
594,1663,2
594,1883,4
594,1958,2
594,3210,3
594,2302,1
3266,3247,4
3266,22,3
594,2109,4
594,1060,1
3266,1805,1
594,2321,4
594,1968,2
3266,367,3
3266,1645,1
3266,1589,4
594,2874,3
594,2247,3
594,1395,2
594,3175,1
593,454,3
593,2341,3
593,1354,4
594,1081,1
594,2750,2
594,3396,3
594,3868,2
594,1077,2
593,2443,1
3266,1500,4
3266,3178,1
3266,1732,2
594,1934,4
594,3096,4
593,1396,4
594,348,1
594,2352,2
593,1542,1
593,2276,4
594,3507,2
594,2064,1
593,1701,2
593,1650,4
593,1897,2
593,1680,1
594,2144,2
3266,1213,1
594,2359,2
593,2437,1
593,16,1
594,3363,2
594,1078,3
594,1259,1
594,3751,2
594,39,2
594,1923,1
594,2973,3
594,3451,1
593,11,3
593,307,4
594,916,4
594,2289,4
594,2716,2
593,1747,2
593,3418,1
594,3104,3
594,21,1
594,1278,1
594,1270,2
594,3421,1
593,2427,1
593,1693,2
593,1678,2
594,1304,4
594,1028,1
594,3671,3
594,1288,1
594,909,4
594,1235,2
594,921,2
594,2791,3
594,2300,4
593,1672,2
594,1269,1
593,2433,3
593,1673,4
594,1963,4
593,358,2
594,1079,3
594,955,1
594,1256,1
594,3035,2
594,1294,4
594,3504,4
594,905,4
593,62,3
593,3148,1
593,1633,2
593,308,1
593,3174,4
594,1136,4
593,2439,4
594,951,4
594,910,3
3266,3241,4
593,778,4
593,1357,3
593,590,2
593,1183,2
594,2424,1
594,2171,1
593,1660,1
594,222,1
593,1810,3
593,2959,2
594,3614,1
3266,3948,2
593,300,2
3266,3317,3
594,3261,1
594,440,2
594,597,2
594,11,1
594,356,2
594,1639,2
594,2502,4
594,357,1
594,25,1
594,2065,3
594,377,2
594,892,4
594,3684,4
594,900,2
593,1466,3
593,150,4
594,3668,1
594,1947,3
594,898,2
594,914,2
593,1682,1
593,3115,4
593,1120,2
3266,3952,2
594,1172,4
594,265,4
594,899,2
593,1465,1
593,1834,3
593,515,1
593,25,1
594,920,3
594,945,1
594,1230,1
594,2396,3
594,1247,3
593,475,1
593,17,2
593,3176,4
1383,1307,4
1383,2890,1
594,779,1
594,427,4
593,232,2
593,2442,3
593,3083,2
594,444,2
594,3705,4
3266,3910,1
593,1271,2
593,1885,3
1383,2076,3
1902,832,3
1902,2315,4
1902,2605,4
1902,3005,1
594,2950,1
3266,3949,3
1383,595,4
1383,3111,3
594,15,3
1902,1092,1
1902,350,2
1902,1892,2
593,1094,1
593,265,3
593,2329,1
1383,3396,2
594,2629,2
1902,521,3
1902,280,4
1902,1645,3
1902,230,1
1902,2320,1
1902,1841,1
1902,481,2
1902,18,2
594,3,3
1383,1036,4
1383,1150,2
593,529,1
593,2501,1
593,2357,3
594,3394,2
594,1605,1
1383,1035,3
1383,2248,1
593,2610,1
593,2360,3
593,306,1
1902,454,2
1902,1459,2
1902,22,3
1383,281,4
594,1556,2
594,1381,3
1383,589,4
593,2682,4
593,1041,3
593,3260,1
1902,490,2
1902,3219,4
1902,3176,3
1383,1834,3
1383,1179,3
1902,600,2
1902,627,1
1902,1648,1
1383,3461,3
593,593,3
593,36,4
593,3006,2
593,1704,3
593,1280,3
593,2858,4
593,527,2
594,252,3
1902,16,3
1902,3044,4
1902,662,2
1902,1343,3
1902,1805,2
593,1233,3
593,608,4
594,2875,4
594,2671,2
594,3501,1
1902,161,3
1902,373,3
1902,628,2
1383,1259,2
1383,1674,1
1383,1240,2
594,1569,2
594,339,3
1383,2174,1
1902,2391,1
1383,1950,4
1902,293,4
1902,3147,3
1902,47,1
1902,319,4
594,708,2
1383,2728,1
1383,3037,1
1383,3260,1
1902,2542,3
1902,1625,4
1902,3728,2
594,1959,1
594,1441,3
1383,2936,2
1383,2398,4
1383,347,2
2116,3844,1
594,3524,4
2116,709,3
2116,1974,3
594,2369,2
2116,2794,4
2116,2375,2
2116,1088,4
2116,1033,3
1902,1862,2
1902,172,4
1902,160,4
594,1286,4
594,2941,1
2116,3478,4
1902,546,2
1902,2701,4
1902,3802,2
2116,2376,3
2116,1378,2
2116,1587,1
2116,3033,2
1383,2565,1
594,2243,3
594,1088,4
594,1183,2
2116,2472,3
1902,338,3
1902,2053,1
1902,185,1
1902,1779,2
1902,2322,3
1383,2644,1
1383,1300,1
1383,1235,2
1383,3741,1
594,105,2
594,2469,3
594,3099,4
2116,2989,3
2116,1101,3
593,1230,1
593,2413,3
1902,3269,4
1902,196,1
1902,1603,3
1902,1320,4
1902,788,3
1902,435,4
1902,3697,3
2116,2990,4
2116,1375,3
594,976,2
594,539,2
2116,3087,1
2116,2141,4
2116,2003,4
2116,2001,1
593,1721,3
1902,2722,1
1902,2428,4
1902,2012,2
1902,24,1
1383,3735,1
1383,1635,4
2116,3740,1
2116,2146,1
594,2942,3
594,1380,2
594,2406,4
593,3821,1
593,2023,3
593,3588,2
2116,2134,2
2116,2474,2
2116,3552,2
1902,2046,3
1902,1372,4
1902,3175,3
1902,1909,1
594,956,1
594,2100,4
594,342,3
594,3244,1
594,3199,4
1383,2788,2
2116,1967,3
1902,741,2
1902,1396,2
1902,32,2
1902,1584,4
2116,2145,1
2116,2407,1
2116,2470,3
2116,2371,3
2116,1395,2
2116,2420,1
2116,2011,2
2116,2985,2
594,497,1
594,1680,3
594,3685,2
2116,3448,3
1383,1947,3
2116,2423,1
1383,2028,4
594,2248,3
1902,3553,1
1902,3484,3
1902,3354,4
1902,3409,1
2116,2000,4
2116,3591,2
2116,3704,4
594,907,4
1902,3535,4
1902,2837,1
1383,467,4
2116,2406,4
2116,2081,3
594,3516,4
1902,3510,4
1902,3327,4
1902,3624,1
1902,3555,1
1902,3512,1
2116,3527,2
2116,3667,3
2116,1376,1
2116,2926,3
1383,296,4
1383,1176,3
594,1244,1
1902,3160,1
1902,3481,4
1902,3793,1
1902,3751,2
1902,3578,4
2116,3526,3
1383,1208,1
594,1307,2
594,1296,3
594,912,2
2116,2077,3
2116,1968,1
2116,3072,3
2116,1374,1
2116,2114,4
2116,3398,4
1383,594,2
1383,1956,4
594,3097,1
2116,2987,4
2116,3397,1
2116,1220,2
2116,1674,4
1383,2648,4
1383,745,1
594,911,4
594,902,2
594,1946,4
2116,3868,2
2116,3608,4
2116,1962,4
2116,1246,2
2116,3361,3
2116,1222,4
594,2108,2
594,969,3
594,933,2
1383,2804,2
2116,1242,1
2116,1197,4
594,1357,3
2116,1307,2
2116,2918,1
2116,2139,2
2116,1270,4
2116,1200,4
2116,1291,1
2116,1231,3
2116,1036,2
2116,1958,4
2116,1293,4
2116,3703,3
2116,1258,3
2116,1090,4
2116,1198,1
2116,1196,4
2116,541,2
594,3911,1
594,3948,1
2116,3052,4
2116,3318,4
594,527,3
2116,2701,3
594,3844,2
594,1617,4
594,3512,3
4600,3686,4
2116,1515,4
595,454,4
595,1608,2
595,163,1
595,3176,4
595,349,4
595,377,2
595,350,3
594,2915,3
595,733,4
595,2353,3
595,1834,3
595,47,1
595,1343,3
595,474,4
595,1610,2
595,457,3
595,1089,1
595,50,3
595,589,3
595,2762,2
595,3357,3
2116,1619,1
2116,2692,2
595,3252,2
595,1358,3
595,1411,2
595,2890,4
595,280,3
595,2336,3
595,2071,2
595,293,3
595,2289,3
595,508,3
595,150,3
595,337,1
595,2268,4
595,1393,3
595,2607,3
595,36,4
595,2959,4
595,1704,2
595,608,3
595,299,4
595,2028,1
595,527,2
595,2388,3
595,318,3
595,593,1
595,516,3
595,2424,2
595,586,4
595,537,3
595,1541,4
595,180,2
595,410,4
595,339,2
595,1377,2
595,218,4
595,317,2
595,492,1
595,380,2
595,450,4
1635,736,3
595,378,2
1635,2405,4
595,3263,3
595,1517,1
1635,539,3
1635,2146,4
1635,7,4
1635,1101,4
595,3247,1
595,21,2
1635,605,2
595,1569,3
1635,1339,3
595,357,3
595,588,2
1635,3614,1
595,3175,3
595,11,1
595,550,2
595,1794,1
1635,496,4
598,1610,3
598,480,3
598,21,3
598,457,2
595,371,3
1635,1457,3
598,2571,2
598,110,3
598,2028,2
1635,497,2
1635,2100,4
595,441,1
595,3255,3
595,551,1
595,1784,1
595,2324,3
595,440,4
595,3052,3
595,45,4
1635,1639,1
1635,555,1
1635,3668,4
595,235,4
595,1580,2
595,1821,1
1635,1059,3
595,3083,4
595,2359,2
1635,25,2
595,597,4
595,1885,3
1635,1947,1
595,1,4
595,345,2
1635,1393,2
1635,1172,2
595,2858,3
595,2700,3
595,2396,1
1601,3287,4
753,2555,1
595,648,2
1601,2718,4
753,2953,2
753,586,2
1601,3324,3
595,3578,2
753,3564,4
595,1210,3
1601,3751,3
595,356,2
1601,3895,3
595,3243,4
1601,3952,4
1601,3893,2
595,920,1
1601,3916,2
1601,3911,4
1601,3897,2
595,858,4
1601,3328,3
4823,3457,1
1958,3861,4
1958,3555,1
4634,1387,2
4634,1214,3
4634,2160,1
4634,1997,2
4634,2066,4
4634,1252,1
4634,1344,4
4634,541,4
4634,1097,1
4634,2797,3
4634,2174,1
716,3275,3
716,1479,2
716,2414,1
716,2470,3
716,2054,2
716,3698,4
4634,2859,4
4634,2677,1
4634,162,4
716,610,3
716,2987,2
716,592,4
716,3578,4
716,547,1
716,318,1
716,1220,4
716,2791,3
716,2716,1
716,2804,4
716,1957,4
716,44,4
716,1270,4
716,2012,3
716,2011,4
716,1663,4
4634,2194,1
4634,2268,1
4634,555,2
4634,3019,4
4634,942,2
4634,3334,1
4634,2917,2
4634,866,4
4634,1084,3
4634,3362,1
4634,608,4
4634,3735,3
4634,1617,1
4634,1179,2
4634,1953,4
596,3325,2
596,3354,1
596,3745,4
596,3594,2
596,3565,2
596,3,4
596,1544,1
596,3173,2
596,661,4
596,804,2
596,3535,3
596,3409,4
596,3534,3
596,144,4
596,648,4
596,524,2
596,1129,2
596,3751,3
596,3755,1
596,2454,3
596,1580,1
596,551,3
596,3510,4
596,1249,3
596,3555,3
596,110,2
596,1035,3
596,2291,4
596,589,1
596,1259,2
596,3793,1
596,2791,1
596,1282,1
596,2858,3
596,3578,2
3512,2880,4
596,3864,1
3512,1406,2
596,1427,3
596,587,3
596,1130,1
596,2028,4
596,3450,2
596,3363,2
4634,1198,2
4634,1262,4
4634,1196,2
4634,2077,1
4634,2871,1
606,1220,4
606,1665,4
606,1073,2
606,2078,1
606,3175,1
606,2014,1
606,1485,2
4634,1201,4
4634,2951,4
4634,1266,2
4634,3681,4
4634,1304,1
4634,3467,4
4634,3074,1
4634,3093,3
606,1777,3
606,2174,3
606,367,1
606,2431,4
606,239,2
606,3608,1
606,500,1
606,520,1
1165,1617,4
1165,111,4
1165,593,4
606,1028,4
1165,1356,1
1165,2407,3
1165,1580,4
1165,1376,1
1165,1748,3
606,2716,3
606,551,1
1165,1210,4
1165,2916,1
1165,1921,2
1165,1965,3
1165,3175,2
606,1968,4
1165,2363,4
1165,32,1
1165,2455,4
1165,2571,3
1165,968,4
1165,1240,2
1165,1301,1
1165,1270,1
1165,1199,1
1165,1200,4
1165,2010,1
1165,541,3
1165,1206,3
1165,1653,3
1165,1214,1
1165,1196,4
1165,527,2
606,1136,1
606,1197,3
606,3948,2
1165,1266,2
1165,1112,4
597,3911,4
597,1885,3
597,944,2
597,1210,3
597,2164,4
597,1961,4
597,2532,3
598,2396,1
598,2840,3
598,2700,3
598,3081,1
598,2762,1
598,2598,3
598,2686,3
598,3753,2
598,3623,1
598,3053,3
598,3354,1
598,3160,2
598,2688,3
598,2333,1
598,2716,2
598,3510,2
598,3408,1
598,2369,3
598,3203,2
598,2710,2
598,3285,4
598,2997,3
598,2683,1
598,2707,2
598,1127,1
598,2858,1
598,1198,4
598,3113,2
598,608,1
598,3098,2
598,3578,3
5653,3755,1
1125,1094,4
1125,1367,2
601,2106,1
601,1090,3
601,1222,3
2244,3325,1
2244,3565,1
2244,3579,1
2244,3562,1
601,2903,2
601,2122,1
2244,3596,4
2244,3594,1
2244,3745,4
2244,3327,3
2244,3300,1
2244,3409,3
601,3063,1
601,2126,2
2244,3553,3
2244,3534,2
2244,3793,4
2244,3535,2
2244,3755,3
2244,3578,2
2244,3160,4
601,2605,3
601,2967,2
601,2279,2
601,18,4
601,2707,1
601,1343,1
601,16,3
601,908,2
601,2762,3
601,880,3
601,1037,4
4030,3948,1
601,2628,2
601,780,3
601,2985,3
601,1909,2
601,3863,1
601,589,1
601,1921,4
601,1240,3
601,2529,1
601,1206,4
601,750,3
601,1658,3
601,2297,4
601,461,1
601,3614,1
601,1101,4
601,1094,2
601,2396,1
601,427,1
601,1092,4
601,1464,2
601,1625,3
601,1088,3
601,1487,1
601,2746,1
601,661,3
601,1947,3
601,1298,1
601,1996,4
601,2464,2
601,1644,3
601,1970,4
601,1995,2
601,1971,3
601,1969,3
601,2902,3
601,1924,1
601,1342,2
601,188,3
601,1991,1
601,3917,2
601,1985,4
601,3016,2
601,2454,2
601,2826,1
601,1347,4
601,1339,1
601,2003,1
601,2513,1
601,2716,4
601,1407,3
601,1994,1
601,1345,2
1264,3318,4
1264,3327,1
601,1997,2
601,1982,3
601,3499,4
601,3676,3
601,1219,3
601,2021,3
601,260,4
601,2100,1
1264,2762,1
601,1529,4
601,193,3
601,2386,2
1264,1513,3
601,2269,1
1264,2598,1
1264,2723,1
1264,3174,4
601,2188,4
1264,785,4
1264,2580,3
1264,2712,1
601,3791,2
1264,2759,3
601,2541,3
601,724,2
1264,3016,4
2904,2929,2
599,1944,1
599,1247,2
1264,2770,2
601,1621,2
599,1221,3
599,36,4
599,1193,4
599,1228,2
599,1276,3
601,3262,3
1264,2492,4
599,1950,3
599,2925,4
599,527,2
599,3468,1
599,1213,4
599,318,1
599,608,4
599,858,4
599,1299,2
601,1509,4
599,1673,3
599,1284,4
601,3844,2
599,2948,3
599,1282,2
601,179,1
599,2858,2
601,481,4
601,253,2
599,3420,2
599,356,3
599,2130,3
601,175,4
599,3735,2
599,908,2
599,3873,3
601,2639,2
601,2145,3
601,2734,2
601,3649,4
601,2976,2
601,3298,4
601,2702,2
601,1093,1
601,2337,4
601,2362,4
601,147,2
601,1611,3
601,3723,1
601,2435,1
601,766,3
601,1961,4
601,1678,4
601,3546,2
601,1302,4
601,1246,1
601,1584,2
601,345,3
601,1271,4
601,1954,4
601,2712,3
601,1535,3
601,1682,3
601,3408,1
601,477,3
601,3160,1
601,1673,3
601,2348,4
601,3168,1
601,3246,2
601,25,1
601,2076,2
601,778,1
601,1639,2
601,2686,2
601,2959,2
601,247,3
601,1594,4
601,2890,3
601,2291,2
601,1041,4
1952,3923,4
1952,266,3
1952,1327,1
1952,1544,3
601,1704,1
1952,3509,1
1952,2135,2
1952,804,1
1952,70,1
601,1196,2
1952,648,3
1952,144,4
1952,3535,3
1952,3755,2
1952,3555,4
601,593,2
601,111,3
1952,3624,3
1952,1171,4
1952,1580,4
1952,1965,4
601,1193,2
1952,2455,1
1952,1466,4
1952,3566,3
1952,1129,4
1952,551,4
1952,2791,4
1952,2291,3
1952,1259,1
1952,3952,1
1698,1327,1
1698,3420,1
1698,3244,3
1698,2459,1
1698,1082,2
1698,3198,4
1698,3676,3
601,1191,2
601,3680,1
601,2693,3
601,162,1
1698,2925,3
601,3327,1
601,1361,3
601,2389,3
601,998,1
1698,2682,4
601,22,4
601,1799,1
601,1805,1
601,1466,2
601,2580,1
601,866,1
601,47,1
601,3019,3
601,3783,1
2636,527,4
601,608,4
601,296,1
601,50,1
2636,50,3
601,1260,2
1698,1010,3
601,445,3
601,1311,3
1698,2160,4
2636,3481,4
601,2961,1
601,444,1
601,3511,2
601,3248,1
601,1760,3
601,762,3
1698,3627,4
1698,1247,4
601,2253,2
601,2504,4
601,370,2
601,2387,2
600,3176,3
600,968,1
601,2356,2
601,2375,1
1698,669,4
601,829,2
601,3394,2
601,203,2
601,3146,1
601,413,3
601,2088,2
601,2325,3
601,2413,4
601,1380,2
601,2478,4
601,597,1
601,2485,3
601,2581,1
601,1753,4
601,500,4
601,2518,3
601,830,3
601,1405,4
601,2424,2
601,63,1
601,1711,3
601,639,4
601,3786,3
600,2701,2
600,2987,2
601,2772,3
601,550,2
600,2961,4
601,2683,4
601,2794,1
601,1904,1
601,1884,1
601,532,4
1698,600,4
1698,2522,2
601,2029,4
601,1513,4
601,2301,3
601,3534,2
601,2134,4
600,1959,4
601,3535,2
601,344,2
601,1476,1
601,2469,2
601,2416,1
601,2407,3
601,3869,3
601,708,4
601,372,2
601,4,4
600,2716,1
600,3175,2
601,2302,1
601,449,2
601,3760,1
601,3261,4
600,2712,1
1698,166,1
601,1777,3
601,2369,3
601,3033,2
601,2736,1
600,2369,1
601,231,4
601,3591,3
600,2433,4
601,2671,2
601,2795,2
1698,2862,4
600,2683,2
601,141,2
600,2858,3
600,2706,2
601,356,4
601,2011,2
601,785,3
601,180,3
1698,2521,4
1698,2314,3
1698,202,4
601,1784,1
601,1916,4
601,2423,4
601,357,1
601,1042,4
601,2572,1
601,52,3
601,543,1
1698,419,2
601,2797,2
601,3174,1
601,671,4
601,2318,4
601,562,1
601,3526,1
1698,2434,3
601,171,1
601,3253,3
601,2657,3
601,1285,4
601,1885,4
601,2502,2
1698,2389,2
601,1517,1
601,1060,1
601,1965,4
601,2144,1
601,3608,3
601,2361,4
1698,520,4
601,1875,3
601,1500,1
1698,2822,2
601,441,4
601,2926,1
601,235,2
601,2282,4
601,2174,2
1698,63,2
601,223,3
601,1235,3
601,1923,3
1698,429,4
601,927,4
601,2681,3
601,69,3
601,2324,1
601,1288,4
601,2918,2
601,3897,3
601,2804,4
601,2858,1
601,2082,3
1698,157,1
601,3438,3
601,2081,2
601,595,1
601,364,3
601,1967,1
1698,18,2
601,551,4
601,2140,3
601,2139,1
601,3396,1
1698,1665,1
1698,2505,4
1698,761,3
601,1205,4
1698,2263,4
601,2355,4
601,1282,2
601,1,3
601,2080,3
601,1029,2
601,1022,3
601,2700,3
601,546,2
601,455,2
1698,158,3
1698,1804,3
1698,2711,4
601,2450,2
601,2723,4
601,2143,4
601,2054,1
601,2470,1
601,2,2
601,2005,4
609,3481,1
609,3578,2
1698,1020,4
601,674,2
601,2161,3
601,3175,2
601,2916,1
601,1374,1
601,1291,1
601,1073,1
601,1259,4
601,2968,3
601,29,3
601,1210,4
1698,2697,1
601,919,3
601,1197,4
601,1198,1
1698,2796,1
1698,3272,3
601,3268,3
1698,2803,4
1698,1717,3
1698,2513,1
1698,2472,1
1698,229,1
601,485,4
1698,802,1
1698,1475,3
601,173,2
601,2986,3
601,2468,1
601,2701,3
601,172,2
601,2421,3
737,1963,1
1698,2792,3
601,44,3
601,1825,1
601,3441,3
601,466,2
600,3101,3
600,904,2
1698,3079,2
1698,1974,3
601,653,3
601,3753,4
601,2617,4
600,104,2
600,440,3
600,2917,4
601,1608,3
601,288,2
1698,2060,3
737,2919,4
601,2115,2
601,737,4
1698,2387,4
1698,3005,3
1698,784,4
737,3424,1
601,648,4
601,3274,1
601,480,3
1698,366,2
601,353,3
601,70,3
1698,1011,3
601,1378,1
1698,372,1
1698,1658,2
1698,3791,1
601,2872,2
601,3740,4
601,3793,1
601,555,1
601,1215,4
601,1261,1
1698,2163,1
1698,2794,3
1698,2520,1
1698,2752,3
601,2170,4
737,2973,1
601,3706,4
601,2987,2
601,1344,1
601,1179,3
601,1617,1
601,1267,2
1698,1515,4
1698,144,4
1698,1545,3
1698,1904,3
601,1270,4
601,342,1
601,1968,3
1698,152,2
1698,1128,3
601,1097,3
601,1220,3
1698,369,2
1698,3262,3
601,3072,1
601,1307,2
1698,3688,2
1698,2171,3
1698,3686,2
1698,2590,1
1698,3812,2
1698,1613,2
1698,417,1
1698,159,2
1698,331,3
1698,585,2
1698,1092,1
1698,3614,2
1698,3423,3
1698,2134,1
1698,2476,1
1698,2738,2
1698,532,1
1698,1279,1
1698,832,2
1698,1485,2
1698,82,1
1698,1049,3
1698,1177,3
602,2672,1
602,256,4
602,2642,4
602,504,4
602,185,4
602,3696,4
602,3878,2
602,2986,1
1698,2024,2
602,3660,4
602,1690,3
602,1779,3
602,2034,1
602,3926,4
602,2275,3
602,748,3
602,2722,3
602,2665,3
602,1320,3
602,2699,1
602,3300,2
602,1924,2
602,1692,3
602,2615,4
602,1544,2
602,2530,2
602,2377,1
602,2532,1
602,3937,2
602,1371,3
602,332,3
602,1334,1
602,512,2
602,2365,2
602,2613,3
602,3638,4
602,3033,3
602,1876,2
602,788,1
602,674,2
602,3058,2
602,2054,4
1698,1027,4
1698,14,2
1698,269,3
602,3698,2
602,3032,1
602,3923,1
602,2091,4
602,3375,1
602,1676,4
602,316,2
602,198,1
602,2232,1
602,24,3
602,2628,2
602,76,1
602,3156,1
602,2554,1
602,2533,3
602,2094,1
602,2393,4
602,2661,3
1698,1810,1
602,2667,4
602,3770,3
602,718,1
602,2046,1
602,2105,2
602,3269,1
602,2012,3
602,1205,1
602,2093,2
1698,2003,1
1698,2073,2
1698,2245,2
1698,506,4
602,1375,4
602,780,4
602,2021,1
602,2346,2
602,3070,4
602,1372,3
602,329,3
602,3758,3
602,426,3
1698,1713,2
602,3704,2
602,2454,3
602,3827,1
602,2657,4
602,2528,2
602,3745,2
602,1909,2
602,1376,3
602,2116,1
602,2407,2
602,1527,2
602,2495,3
602,1573,3
602,1129,4
602,2640,3
1698,2469,3
1698,3308,3
1698,764,2
1698,3101,2
1698,1809,4
602,1748,1
602,2363,1
602,1396,4
602,1580,1
602,1306,2
602,3793,3
602,2455,1
602,3175,3
602,3927,4
602,2985,2
602,2527,4
602,2011,4
602,1653,1
602,2901,3
602,671,3
602,2117,3
602,2553,4
602,1274,3
602,1374,3
602,3699,4
1812,1680,4
1812,2639,3
602,2287,3
602,32,1
602,1127,1
602,1019,2
602,1356,1
1812,1013,4
602,3932,2
602,480,2
602,1584,4
602,2664,2
602,1077,4
602,2916,4
1698,2341,3
1698,852,4
602,3340,1
602,2529,2
602,2288,2
602,3527,2
602,1210,4
602,968,2
602,1200,2
602,1097,1
602,3702,4
602,3471,4
602,924,3
1698,1611,1
1698,3040,1
1698,1339,3
602,1214,4
602,2571,3
602,3703,3
602,3503,4
602,1206,2
602,589,3
602,2660,2
602,29,1
1698,85,2
1698,1619,1
1698,1805,4
1698,105,4
1698,2110,1
1698,1135,2
602,750,1
602,1196,3
602,1253,1
602,3701,3
602,1301,1
602,260,2
602,541,3
1698,3448,2
1698,3036,1
1698,1173,4
1698,11,4
1698,3591,3
1812,3752,3
602,858,1
602,1722,1
602,1270,1
602,479,2
602,2882,2
1698,365,2
1698,3422,2
1698,2779,2
1698,2371,1
1698,1648,4
1698,2551,2
1812,2720,2
1698,440,1
1698,141,3
1698,2302,1
1698,3854,3
1698,3552,4
1698,2870,3
1698,2690,1
1698,838,2
1812,2369,2
1812,2037,3
1698,2240,3
1698,58,2
1698,1465,3
1698,1365,3
1698,2111,1
1698,2436,1
1698,3724,4
1698,682,3
1698,1721,3
1698,766,1
1698,2247,3
1698,2739,3
1698,3015,3
1698,2736,4
1698,194,4
1698,425,2
1698,3712,3
1698,1572,2
1698,2474,1
1698,1425,2
1698,893,2
1698,574,4
1698,2557,3
1698,3524,1
1698,1395,3
1698,1693,3
1698,751,1
1698,2068,4
1698,2943,4
1698,1464,2
1698,3066,4
1698,1643,1
1698,1884,3
1698,2583,2
1698,1454,4
1698,3052,1
1698,2435,3
1698,948,4
1698,1343,1
1698,45,1
1698,1407,4
1698,515,2
1698,326,1
1698,412,3
1698,2747,1
1698,1625,1
1698,568,4
1698,1130,4
1698,2926,4
1698,2144,4
1698,3920,3
1698,735,4
1698,496,1
1698,2611,2
1698,2109,1
1698,2268,3
1698,1321,1
1698,1834,3
1698,1963,2
1698,3546,1
1698,3498,3
1698,497,1
1698,2022,2
1698,1125,2
1698,1955,3
1698,3386,1
1698,1719,4
1698,3039,2
1698,1345,2
1698,441,4
1698,3733,2
1698,1669,1
1698,2918,1
1698,2929,1
1698,1500,2
1698,1172,1
1698,1446,4
1698,3135,3
1698,16,2
1698,2313,2
1698,2282,3
1698,3169,2
1698,3499,3
1698,509,4
1698,1663,3
1698,2118,4
1698,2463,2
1698,357,3
1698,348,2
1698,2732,2
1698,1914,2
1698,3148,2
1698,1393,1
1698,1948,3
1698,1246,2
1698,2108,3
1698,1211,2
1698,1747,4
1698,3168,4
1698,3218,3
1698,1096,4
1698,1078,4
1698,2745,1
1698,1923,2
1698,1086,2
1698,3342,4
1698,1883,3
1698,1674,4
1698,1285,1
1698,471,4
1698,3521,4
1698,1350,1
1698,3360,2
1698,1131,4
1698,25,3
1698,300,3
1698,3111,3
1698,319,3
1698,2708,1
1698,2730,1
1698,2067,4
1698,41,4
1698,1682,4
1698,3728,4
1698,728,3
1698,215,1
1698,3363,1
1698,1186,3
1698,1132,2
1698,1873,4
1698,1729,3
1698,2248,1
1698,2351,3
1698,866,4
1698,1956,2
1698,2791,2
1698,2345,1
1698,1949,3
1698,2076,3
1698,1060,4
1698,1946,3
1698,3347,3
1698,3019,2
1698,668,2
1698,2361,1
1698,1484,1
1698,1307,1
1698,2970,2
1698,1594,4
1698,2467,3
1698,1889,1
1698,1234,1
1698,1997,4
1698,190,1
1698,1960,3
1698,2728,3
1698,1633,3
1698,1263,3
1698,3108,1
1698,2890,2
1698,1259,3
1698,1273,4
1698,3088,2
1698,446,2
1698,3068,4
1698,2391,3
1698,3416,1
1698,3362,4
1698,1293,2
1698,3075,2
1698,1090,1
1698,2070,1
1556,50,2
1698,3551,2
1698,1333,2
1698,921,4
1698,265,4
1698,337,3
1698,659,4
1556,3578,2
1698,1251,1
1698,1292,3
1698,1244,4
1698,2501,1
1698,1185,4
1698,3090,1
1698,307,1
1698,121,3
1698,1258,4
1698,1084,3
1698,3496,3
603,2273,2
603,1479,3
603,1801,2
603,780,2
603,1586,2
1698,123,3
1698,1080,3
1698,1354,3
1698,3735,4
603,1047,1
603,648,4
603,1833,2
603,2763,4
603,1608,1
1698,3504,2
1698,949,1
1698,1079,2
603,377,3
603,1573,1
603,110,4
603,1580,4
1698,1394,2
1698,1202,4
1698,2284,2
1698,3222,2
603,2006,3
603,3418,3
603,2058,4
1698,1730,1
1698,1224,3
1698,1299,3
1698,3811,2
603,457,3
603,733,4
603,2571,2
603,480,1
603,3256,4
1698,263,4
1698,154,2
603,62,2
603,2268,4
1698,1392,1
1698,2318,3
1698,2804,4
1698,1635,4
1698,1207,1
1698,903,1
603,2501,2
603,605,4
603,3147,2
603,590,1
603,2028,1
603,527,3
603,440,2
603,2431,3
603,539,4
1698,1734,2
603,2321,3
603,586,1
603,1485,4
603,1784,4
603,3178,4
603,104,2
603,2496,4
603,1476,2
603,3255,1
603,2396,3
603,2858,1
1698,953,3
1698,2176,3
1698,1281,2
1698,2936,2
603,3534,4
603,3189,1
603,3301,2
1698,2612,4
603,3753,1
603,3793,1
603,3623,1
603,3578,3
1698,3674,1
603,3952,4
603,3408,3
603,3948,4
603,3510,3
603,3893,2
603,3185,4
603,3536,2
1698,1018,3
1698,2033,3
1698,1007,2
603,920,1
603,2088,1
603,1302,2
603,1917,2
1698,1016,2
603,356,1
1698,2077,4
1698,531,2
1698,392,4
1698,1562,1
1698,465,2
604,3948,1
604,3893,4
604,3189,2
1698,208,4
604,1562,2
604,544,2
604,1626,3
1698,3441,2
604,798,1
604,1867,1
604,1320,4
1698,485,1
1698,2524,4
604,1004,4
604,2126,4
604,836,4
604,204,3
604,1590,3
1698,466,4
1698,876,1
1698,2409,3
604,3257,4
604,485,4
604,1918,1
604,459,1
604,1377,4
604,208,2
604,165,3
604,2616,4
604,1100,1
604,227,4
604,1616,2
604,376,4
1698,533,3
1698,517,4
604,2002,3
604,438,2
604,1379,1
604,653,3
1698,2535,3
1698,3430,4
604,95,2
604,70,1
604,1479,4
604,1488,3
604,736,2
604,1801,2
604,292,2
604,1518,2
604,1385,4
604,3020,1
1698,292,1
1698,1552,3
1698,2403,3
1698,2616,4
1698,1608,4
604,1597,3
604,1049,2
604,552,2
604,3082,4
604,1599,4
604,1792,3
604,2273,1
990,1171,4
990,2321,2
990,441,2
604,3107,1
604,1586,2
604,368,3
604,494,1
1698,10,3
1698,464,2
1698,2989,2
1698,70,1
1698,3020,1
990,1500,1
604,10,4
604,2278,4
604,1370,4
604,1722,1
604,1833,1
604,2334,2
604,2427,4
604,2167,2
990,1923,2
604,1608,4
604,1047,1
604,380,4
604,2058,2
604,1408,1
604,3256,2
604,2006,2
604,733,1
604,21,3
604,474,3
604,377,1
990,2395,2
990,345,1
1698,1722,2
1698,288,4
1698,2991,2
1698,1377,1
1698,1587,4
1698,1047,1
1698,349,3
1698,1916,4
1698,353,2
604,1912,2
604,2028,4
604,6,2
604,457,2
604,3178,2
605,2987,1
605,2672,1
605,2840,3
604,2409,3
604,3729,3
604,1371,1
605,3081,3
990,1060,4
990,2879,2
1698,2001,1
1698,2406,4
1698,2353,4
1698,522,4
1698,2880,3
1698,733,3
604,2991,3
604,1387,2
604,3639,1
604,858,3
604,1221,2
605,2013,3
990,2599,2
990,34,1
990,1641,3
605,2490,2
605,2502,4
604,1389,1
604,2404,1
604,2402,1
605,2581,2
604,2468,1
605,3053,4
990,1223,3
990,1537,4
990,1,4
604,2405,4
1698,1788,1
1698,3639,2
1698,474,1
1698,3635,4
1698,112,2
605,2761,3
604,2403,4
604,2989,3
604,1378,2
604,2001,4
604,2476,2
604,2990,2
605,2995,2
605,2719,2
604,3740,4
604,3763,4
604,2115,3
990,1148,3
990,745,1
990,3114,2
990,2858,1
605,3175,2
605,2716,2
605,3510,4
604,1220,2
604,1101,1
604,592,2
604,1275,2
604,3104,2
604,2000,2
604,2406,3
1698,1954,4
1698,3763,3
1698,2879,3
1698,2912,4
1698,6,2
1698,592,3
1698,377,3
1698,3418,2
1698,21,2
605,3408,2
605,2605,2
604,2194,1
604,1200,2
604,1036,2
604,1291,3
604,1242,2
604,1198,2
605,2881,1
605,2355,2
605,2710,2
1698,3104,1
1698,2948,4
1698,1408,1
1698,1291,3
1698,969,1
1698,1264,1
1698,3633,3
1698,2949,2
1698,2427,2
1698,1036,1
1698,2000,3
1698,1610,1
1698,2944,1
605,2827,2
605,2683,4
604,1862,3
604,880,2
605,2826,4
605,1127,2
604,2322,4
604,185,3
604,435,4
604,1882,3
604,1917,2
604,1831,3
604,849,2
604,1690,1
1698,457,2
1698,2028,1
1698,589,3
1698,1387,2
1698,1953,1
1698,1287,4
1698,3266,3
1698,2947,3
1698,2924,3
1698,1242,3
1698,110,1
604,196,4
604,379,2
604,1544,4
604,2094,4
604,788,3
604,329,1
604,1876,3
604,316,3
604,3156,3
604,442,3
604,1909,3
605,2423,3
1698,648,2
604,3269,4
604,2393,1
604,780,2
604,2628,2
604,1573,4
604,1676,1
604,1580,2
604,1527,2
604,32,1
604,1372,4
604,2916,4
604,1653,3
605,913,2
604,1356,3
604,589,3
604,1584,3
604,2571,2
604,480,3
605,923,2
1698,3913,4
604,2642,1
1698,3865,4
604,2408,1
1698,3952,1
604,2643,1
604,1373,4
605,3168,2
604,3698,2
604,3033,4
604,2054,3
604,2641,2
604,1375,3
604,2105,3
604,2011,3
604,1129,2
604,2455,3
604,3704,4
604,2407,4
604,1376,2
1698,3910,4
604,3701,1
604,2985,4
604,3527,1
604,1374,3
604,2288,2
604,3699,4
604,541,2
604,1270,3
604,3703,2
604,1240,4
604,1097,4
604,1210,3
604,1196,1
604,2034,2
604,3638,1
604,2533,3
823,3543,2
605,1197,4
604,2657,1
604,2528,4
604,2640,1
604,1206,4
604,3471,1
604,1077,3
604,2346,3
604,3702,2
604,1214,2
604,2009,2
604,260,4
605,3798,2
605,208,4
605,1726,1
604,2701,3
604,2987,3
604,2763,1
604,3798,4
604,2672,4
604,2070,1
604,2806,3
604,3157,2
604,2841,1
604,3176,2
604,2961,4
624,3148,1
604,2491,3
604,2762,2
604,2724,2
604,2485,4
604,3081,3
604,2395,4
604,2396,1
605,3546,4
605,34,3
604,1513,2
605,296,2
605,337,2
605,62,4
605,1584,3
605,1682,3
605,17,3
605,73,4
605,249,4
604,2598,1
604,2906,4
604,2013,1
605,1721,1
605,1411,4
605,590,1
605,36,2
605,531,1
605,1873,4
604,2502,2
604,2574,3
604,2490,1
604,1959,3
604,3219,1
605,318,3
604,2734,2
604,2581,1
604,2629,3
604,3053,2
604,2805,4
604,2713,1
604,2720,1
604,2676,1
604,2392,4
605,2688,2
605,1597,2
605,3005,4
605,2707,2
605,1407,2
605,1615,1
605,1603,2
604,2719,4
604,2995,2
604,3175,2
604,2716,4
605,454,4
604,2712,3
604,2861,1
604,2959,2
605,2841,4
605,292,1
605,2058,1
604,2599,2
604,2605,1
604,3113,3
604,2336,4
605,230,4
604,2881,4
604,1911,3
604,3615,3
604,2369,3
604,1093,1
605,587,1
605,832,2
605,608,1
605,377,1
604,2433,2
604,2722,3
605,2762,1
605,3147,2
605,593,2
604,2770,4
604,2355,2
604,3005,2
604,2976,3
604,2997,3
604,2694,2
604,2707,4
604,3004,3
604,2683,4
604,2827,2
605,1518,2
605,1544,2
605,1573,2
604,3534,2
604,2826,1
604,1127,4
604,2706,4
604,2858,2
605,736,4
1812,1220,4
605,653,3
605,2006,2
605,1580,1
605,1608,4
605,2628,3
605,780,3
605,733,2
605,3107,1
605,2571,2
605,480,1
605,2028,1
604,2688,4
605,1644,1
605,1754,1
605,1711,3
1812,2124,2
605,648,4
605,1909,3
605,1625,1
604,3565,2
604,3185,4
604,3317,2
604,3513,4
605,1517,3
604,3510,3
605,585,3
1812,270,4
604,3916,1
604,3408,4
605,2699,1
605,586,3
605,1485,1
605,2424,4
605,3247,1
605,1566,3
604,3301,2
605,852,3
605,3253,1
605,838,3
605,3157,4
604,3753,2
604,3578,4
604,3623,1
604,3755,4
605,3466,3
605,380,2
605,39,3
605,441,1
605,588,1
605,2700,2
605,1265,3
605,1,2
604,3555,3
605,3114,2
605,2396,1
605,3484,4
605,3173,4
604,3824,3
606,1,4
604,3512,3
604,3536,4
606,3751,1
606,34,4
606,3114,4
606,2384,4
606,2804,3
606,3396,2
605,3300,3
605,3354,3
604,648,1
604,3354,3
604,3300,2
604,3793,4
605,260,3
605,2617,4
605,1496,2
604,1680,2
605,527,1
604,1326,3
604,1197,1
604,151,2
604,2174,2
604,3285,4
609,2393,1
609,1676,2
605,110,4
609,2628,4
609,316,2
605,410,3
605,1270,2
609,1356,2
609,1580,3
609,1527,3
609,1909,4
609,780,1
609,32,1
609,3175,2
987,515,4
609,1393,4
692,3744,4
609,356,4
609,608,2
609,2324,3
609,296,1
987,3105,4
609,2571,1
609,2028,4
609,589,2
609,110,3
609,593,2
609,1089,1
987,300,1
606,1588,2
606,10,4
606,343,1
606,2985,1
987,337,2
987,818,1
987,3301,2
608,2770,4
608,2006,1
608,3020,4
608,2699,4
608,2335,1
987,270,1
608,1580,1
608,2060,2
608,1093,3
608,3100,3
608,2916,3
608,3869,1
608,3146,1
608,2793,1
608,2506,2
608,367,4
608,344,2
608,1396,3
608,175,1
608,3263,3
608,2395,3
608,69,4
608,1527,1
608,1909,1
608,482,3
608,480,3
608,353,1
608,145,4
608,2712,1
608,454,4
608,590,2
608,3271,3
608,1777,2
608,3252,3
608,474,1
608,2291,4
608,2572,1
608,1476,1
608,2268,3
608,1271,2
608,1704,2
608,1732,1
608,25,1
608,553,4
608,1805,3
608,1610,4
608,2058,3
608,1061,2
608,1682,2
608,358,4
608,161,4
608,1266,1
608,2836,3
608,3147,4
608,2571,1
608,1034,2
608,2329,2
608,32,4
608,2959,2
608,2700,4
608,1089,1
904,1361,1
904,3679,4
904,2064,1
608,296,1
904,2461,2
608,3286,2
608,3484,3
904,1644,3
904,2328,4
608,3177,3
608,3285,1
608,3454,2
608,3316,4
904,382,1
904,3264,2
904,1717,3
904,2120,3
608,3826,4
608,3273,2
608,3301,1
608,3409,3
904,3476,1
904,1407,1
904,253,2
904,735,2
608,3555,1
904,3499,2
904,1215,1
904,2159,2
608,3896,4
608,3481,3
904,2460,4
608,3578,1
904,2451,4
904,1975,2
904,2465,1
608,3453,4
608,3327,2
904,2119,4
608,3743,2
904,2121,2
904,2787,1
608,3052,2
904,2517,1
904,3837,4
904,1974,3
904,2613,1
904,1983,4
608,1639,2
608,180,4
904,3727,1
904,1128,2
904,2148,4
608,1393,3
607,678,2
607,1873,2
607,2959,3
607,3147,2
904,3018,4
904,1321,4
904,2288,1
904,3576,1
904,1347,4
904,1258,3
607,73,4
607,3418,1
607,1682,3
608,2515,3
904,1388,3
904,1998,1
608,2461,4
608,2462,1
904,2459,2
904,2901,2
608,2514,4
608,3661,1
607,994,1
607,2289,2
607,2329,3
904,1278,3
904,1997,1
904,1387,4
904,1214,2
904,1982,3
608,2026,3
608,1973,4
608,3919,2
608,3662,2
608,2995,3
608,2338,2
608,1644,2
608,1336,4
608,2315,1
608,3709,1
608,1342,2
608,70,1
608,196,2
608,3264,1
607,3386,4
607,296,2
607,110,1
608,879,3
608,799,3
608,1339,2
608,366,1
608,2428,4
608,330,2
607,3006,3
608,2606,3
608,724,4
608,1717,3
608,3499,2
608,1407,3
608,842,4
607,593,2
607,608,4
607,3250,4
607,2858,4
1073,1217,1
1073,3683,4
1073,2943,2
1073,1293,2
1073,2966,4
608,1517,2
1073,1704,4
1073,3271,4
1073,1224,2
1073,1280,1
608,2706,1
1073,1945,3
1073,3095,3
608,3809,1
607,318,4
1073,483,1
1073,262,4
1073,919,4
608,1858,4
608,588,1
608,357,1
1073,318,4
1073,3469,4
1073,1207,1
1073,2996,2
1073,527,4
608,3253,3
608,2302,3
1073,923,1
1073,1929,1
608,3060,3
608,2321,4
904,590,4
904,1266,1
904,383,2
904,553,2
904,303,4
904,2527,3
904,3682,1
904,3508,3
904,3671,1
904,2921,1
608,223,3
608,39,1
608,441,3
608,1923,4
608,1265,4
904,2478,3
904,1378,1
904,2401,1
608,2858,3
608,2599,1
608,473,4
904,3927,3
608,466,2
608,780,3
608,2476,1
608,516,2
904,3948,1
608,1586,3
607,1304,3
607,2028,3
607,2393,3
608,2427,1
608,1222,1
607,1270,1
607,2763,3
607,2447,4
608,1263,2
608,1090,3
608,110,3
608,1210,2
608,1242,1
608,3448,2
608,527,3
608,356,1
4058,3948,3
608,1917,3
608,1196,1
608,1721,4
608,1246,2
608,2028,1
4058,762,1
609,3793,4
609,3510,1
609,3916,2
609,3147,1
609,1408,3
609,1198,3
609,1210,1
609,3176,1
609,480,1
609,1196,3
610,3162,4
610,3037,3
610,1299,1
610,3683,3
610,265,4
610,318,4
610,1224,4
610,858,2
610,173,2
610,2053,2
610,1320,3
610,1917,1
610,2034,2
610,316,3
610,2021,1
610,2393,3
610,1690,3
610,2012,1
610,329,4
610,1876,4
610,3704,4
610,780,3
610,2054,1
610,1356,3
610,3033,4
610,2628,4
610,1375,3
610,924,1
610,1206,1
610,16,2
610,1676,2
610,2985,4
610,1372,2
610,2311,2
610,1527,4
610,2407,2
610,2105,1
610,2117,3
973,2406,3
973,3175,2
973,2414,2
973,1017,2
973,1376,2
610,3527,1
610,1909,1
610,2011,3
610,1653,4
610,2140,2
610,3175,3
610,3699,1
973,2005,1
973,1073,1
973,1580,1
973,1127,3
610,1584,2
610,1127,2
610,3702,1
610,1374,3
610,1396,4
610,1376,2
610,1019,4
973,1210,3
973,2871,1
973,940,4
973,1259,1
610,32,1
610,1240,3
610,3703,2
610,671,4
610,2916,3
610,2968,2
973,260,1
973,1262,3
973,969,3
973,1196,2
973,919,1
610,1097,3
610,2664,4
610,750,3
610,1210,3
610,3471,3
610,1214,4
610,1200,4
610,260,2
610,541,4
610,2571,3
973,2724,2
973,1643,1
973,40,4
973,1414,4
973,3252,4
973,356,2
973,1711,1
973,1485,1
973,350,3
973,2424,2
973,62,3
973,141,4
973,1693,2
973,832,3
973,2006,1
973,661,1
973,3253,4
973,2297,4
973,635,1
973,3499,3
973,1735,3
973,509,4
973,733,1
973,3179,3
973,3148,2
973,224,3
973,367,4
4611,778,4
973,1393,1
973,1721,2
973,2611,3
973,342,2
973,781,2
973,2125,2
973,1271,2
973,1573,1
973,1678,2
973,2294,1
973,838,1
973,252,2
973,26,3
973,1619,1
973,1680,3
973,1059,1
973,3476,2
973,1747,3
973,261,1
973,852,4
973,151,1
973,2302,1
973,2693,1
973,364,4
973,1356,1
973,2506,3
973,1317,3
973,492,2
973,1584,4
4611,2269,1
973,3125,4
973,2671,4
973,508,1
973,3256,4
4611,3481,1
973,52,4
973,2690,2
973,32,1
973,3174,2
973,1683,2
973,543,2
973,1633,4
973,2321,1
610,3868,2
610,2352,1
973,1907,2
973,588,3
610,2000,4
610,1641,2
610,1080,2
610,3396,4
973,2108,3
973,1177,1
973,2700,2
610,2248,4
610,34,3
610,3552,1
610,1307,3
973,1641,4
973,3108,4
973,47,1
973,1365,3
610,2918,3
610,1259,2
610,1,4
610,1136,4
610,910,1
610,1197,4
610,1079,1
610,3114,4
610,3421,2
610,1270,3
610,1304,3
973,994,1
611,3246,1
610,2396,3
973,728,2
973,2336,4
610,1084,3
610,1957,4
973,1784,3
973,1500,2
973,3723,1
973,1094,1
610,2028,2
610,1090,2
610,3469,4
610,608,1
973,1682,1
610,1233,4
610,2820,2
610,1293,2
610,1196,2
610,1213,2
610,1280,4
610,1203,2
610,1150,2
973,58,2
973,2268,1
610,1225,1
610,593,4
610,527,3
973,1175,1
973,705,4
973,110,3
973,2542,2
973,300,2
973,357,4
973,3105,4
973,223,3
973,1188,4
973,1213,1
973,1357,4
610,3751,1
973,17,2
973,590,3
610,648,3
610,1580,2
610,661,4
973,265,3
973,457,3
973,2396,1
973,1328,4
610,3450,3
610,480,3
610,2455,2
610,1673,2
610,2291,1
973,308,1
973,2028,1
610,1466,1
610,2791,1
610,589,3
610,2858,3
610,1250,2
973,1060,4
973,307,2
973,515,2
973,593,2
973,595,1
973,1797,1
973,2501,2
973,2357,3
1389,3408,3
973,2762,2
973,1446,2
973,2966,4
973,608,2
610,1961,2
973,296,3
973,1,2
610,1221,4
610,2411,2
610,1968,2
610,912,2
973,318,3
973,2677,1
611,1097,2
973,527,4
973,246,1
973,2022,1
973,2407,3
973,2926,2
973,2262,3
973,1321,4
973,2100,4
973,2161,2
973,2011,3
611,1200,2
611,1320,4
611,1214,4
611,1690,1
973,2795,4
973,2140,2
973,1211,2
973,2872,2
973,1347,2
973,1257,1
973,2150,2
973,2915,3
611,858,4
611,2312,2
611,1221,1
973,2144,4
973,3397,4
973,2174,1
973,2145,2
973,2423,2
973,3036,4
973,2115,3
634,1197,2
973,3684,4
634,1196,1
973,1295,3
973,1374,2
973,1968,2
973,2467,1
611,2671,3
973,2068,1
973,2077,3
973,1285,3
973,1097,3
973,1258,4
611,3052,1
973,1961,2
973,1958,3
973,2968,4
973,1674,3
973,1172,2
973,1132,2
973,3111,3
973,1307,1
973,1090,2
973,2918,1
611,3087,4
973,1131,3
973,1197,2
973,3552,2
611,953,2
973,3360,1
973,1291,3
973,2716,3
973,2797,2
611,954,2
973,1240,4
973,1293,2
973,3424,2
973,1270,2
973,3706,3
973,3210,3
4802,3078,4
973,3072,3
973,1231,1
973,1225,2
973,2804,1
973,1198,3
973,2020,4
973,1238,3
973,541,1
973,1228,1
611,2571,2
611,2000,4
611,2001,4
611,1918,1
611,2002,3
973,2858,2
973,3114,3
973,2289,3
973,3578,3
611,32,2
611,1358,2
611,2167,1
611,802,4
611,3504,2
611,1094,3
611,3508,3
1389,3160,3
611,866,4
611,3147,1
611,3358,4
611,2529,2
611,2533,4
611,2530,1
611,3469,4
611,1584,3
611,1356,4
611,318,2
611,2701,2
611,2987,4
611,3114,4
611,2763,1
611,2702,1
611,2840,3
611,3081,3
611,2762,4
611,2396,1
611,2686,3
611,24,3
611,2490,1
611,968,2
611,3623,2
611,2622,2
611,2716,3
611,2333,1
611,3175,1
611,2434,2
611,2599,4
611,1911,2
2303,2917,2
2303,2391,4
611,2355,3
611,2770,4
611,2997,4
2303,1674,3
2303,2762,2
611,2706,3
611,2572,4
611,1127,1
2303,3448,4
2303,1298,1
2303,1272,2
2303,1960,1
2303,2067,4
2303,1294,2
2303,1204,1
2303,2396,2
611,242,2
611,648,2
611,3927,4
611,1673,4
2303,3755,1
611,2455,1
611,480,4
611,1580,2
2303,3300,3
611,3578,3
611,1249,2
611,3481,3
611,3751,1
611,110,2
611,589,3
611,3793,1
611,2858,4
611,908,4
611,2628,3
611,2329,1
611,163,1
611,3254,2
611,1193,1
611,913,3
2106,2762,3
2106,552,2
2106,64,4
2106,2272,4
2106,3614,3
2106,2953,3
2106,1619,2
2106,2555,3
2103,741,4
2103,1214,4
2103,1274,1
2103,29,2
2103,260,1
2103,750,4
2103,541,1
2103,1196,3
4277,3064,3
4277,3318,4
3051,1687,4
996,3751,2
996,3510,4
3203,3751,4
3203,3535,1
1954,3114,2
1954,3148,3
692,260,2
692,379,2
692,1556,2
692,879,3
692,303,3
692,1135,4
692,24,3
692,1994,4
692,2469,4
692,185,2
692,3421,4
692,259,2
692,2269,4
692,3791,3
692,2403,1
692,786,1
692,2369,3
692,225,2
692,2413,2
692,2266,1
692,2792,1
692,2262,4
692,3707,4
692,208,2
692,1395,1
692,1385,1
692,548,3
692,312,2
692,480,1
692,1407,1
692,442,4
692,95,1
692,2416,4
692,748,4
692,338,3
692,1461,1
692,204,4
692,762,4
692,517,3
692,597,1
692,172,1
692,3249,1
692,350,2
692,1562,2
692,3197,4
692,1088,1
692,3016,4
710,1378,2
710,1202,4
710,1805,4
710,3809,2
710,1633,1
710,1792,2
710,2561,4
710,852,1
710,2763,4
710,1958,4
710,329,4
710,2393,3
710,2126,4
710,3618,3
710,2144,4
710,1600,3
710,2273,3
710,372,1
710,1268,3
710,1135,4
710,628,3
710,3697,2
710,3300,1
710,1616,2
710,3526,4
710,371,3
710,292,3
710,1611,3
710,1569,1
710,280,2
710,2734,1
710,1432,4
710,273,2
710,543,2
710,2247,3
710,1658,2
710,996,2
710,485,1
710,1620,1
710,785,2
710,3426,3
710,3386,1
710,1429,1
710,3614,1
710,2112,2
710,2371,1
710,3101,3
710,3210,3
710,1754,2
710,494,3
2946,1389,1
2946,3432,4
2946,3431,2
710,1962,2
2946,502,3
710,230,4
2946,3716,4
2946,2412,3
2946,438,1
2946,2153,1
2946,2808,4
2946,3841,3
2946,160,1
2946,1772,3
2946,3710,1
710,1701,1
710,3203,4
710,42,3
2946,1590,4
710,3016,2
2946,1431,1
2946,315,2
2946,173,1
710,2474,4
2946,1388,1
2946,1100,4
710,39,2
710,349,1
2946,2403,3
710,1342,1
710,2433,4
2946,168,4
2946,485,4
2946,2367,3
2946,3438,1
2946,2410,1
2946,3430,1
710,3552,1
710,784,1
1451,3809,4
2946,1801,1
2946,1385,3
2946,2735,3
1451,2749,3
710,3361,4
2946,544,1
2946,1690,2
2946,548,3
2946,996,2
1451,426,2
2946,2409,4
2946,2535,4
2946,3208,1
2946,303,2
2946,3257,4
2946,748,1
2946,2373,2
710,2496,2
710,2352,4
2946,3698,4
2946,2405,1
2946,2167,2
2946,1792,2
2946,1379,3
1451,2022,1
1451,2297,1
710,145,2
710,23,1
1451,3723,4
710,2539,4
710,11,3
2946,517,1
2946,208,3
2946,2524,1
2946,1552,1
1451,3269,1
2946,809,2
2946,3638,1
2946,1371,2
2946,1587,2
710,2317,3
2946,1833,1
1451,3036,2
710,1459,3
1451,2097,1
1451,3176,4
2946,552,2
2946,459,1
2946,2641,4
2946,1049,4
2946,316,2
2946,2006,3
1451,1347,2
2946,1378,4
2946,2105,4
2946,1101,1
2946,2001,4
2946,2013,4
2946,1375,3
2946,3740,1
2946,3704,1
2946,3197,4
2946,2094,3
2946,2307,1
2946,3639,3
2946,653,3
2946,227,3
2946,2990,2
2946,2613,2
2946,2457,2
2946,2115,3
2946,2991,3
2946,2193,2
1451,1190,1
1451,2474,1
2946,3107,3
2946,2985,1
2946,1527,1
2946,3769,3
2946,2993,4
2946,380,3
2946,2528,2
2946,2640,1
1451,2420,3
1451,412,3
2946,3635,3
2946,3633,3
2946,368,2
2946,2406,2
1451,2118,3
1451,3448,1
2946,1275,3
2946,3029,2
2946,3527,2
2946,3418,2
2946,592,3
2946,2000,1
2946,3062,4
2946,3702,4
2946,2529,2
1451,454,3
1451,1271,2
1451,882,1
1451,3185,2
2946,1374,2
2946,2427,1
2946,2949,2
2946,1954,1
2946,21,1
2946,2347,4
2946,1201,4
2946,3104,1
2946,2194,1
2946,2947,4
1451,1693,4
1451,3102,1
2946,2366,2
2946,1036,3
2946,1220,1
1451,3251,1
2946,1304,2
2946,457,3
2946,3703,2
2946,1291,3
1451,1298,4
1451,2247,2
2946,260,4
2946,858,3
2946,1198,2
2946,1214,3
2946,1221,1
1451,2945,1
2946,2135,4
2796,1287,2
2796,592,4
2796,1036,3
1451,1350,4
2946,2561,3
1451,2111,3
1451,3101,3
2946,1598,3
2946,762,1
2946,42,4
2946,2027,2
1451,2734,2
1451,2109,2
1451,62,2
2946,2126,4
2946,1918,3
2946,2986,4
2946,2387,4
2946,1804,1
2946,81,1
1451,506,2
1451,1958,4
2946,2616,2
2946,3272,4
2946,434,2
2946,3247,1
2946,2002,1
1451,1721,4
2946,1711,4
2946,1377,2
2946,2023,1
1451,47,2
1451,3684,2
2946,367,3
2946,1785,1
2946,198,1
2946,2112,1
1451,931,3
1451,2795,4
1611,1639,4
1611,180,1
2946,1645,3
2946,1686,4
2946,1589,3
2946,1729,3
2946,999,1
1611,2060,1
1611,147,2
1451,3328,4
1611,1979,2
1611,1981,1
1611,1980,1
1611,1978,1
1611,1977,3
1611,1976,2
1611,1974,2
1611,1975,1
1451,1120,4
1451,3071,4
1451,2542,4
1451,1947,4
1451,2852,3
2946,1061,3
2946,431,4
2946,1396,2
1451,2336,1
2946,555,2
1451,1246,1
2946,2580,3
2946,1500,1
2946,1799,4
2946,2231,1
2946,2268,1
1451,1201,3
1451,3296,3
1451,2268,1
2946,1213,2
2946,1179,1
2946,1089,3
2946,296,3
1451,1393,1
1451,300,1
1451,1354,3
1451,515,4
1451,3668,3
1451,1961,1
1451,2291,3
1451,3260,1
1451,474,3
1451,1293,4
1451,1873,2
1451,2467,4
1451,1955,3
1451,1131,4
1451,3271,4
1451,1258,4
1451,759,3
1451,1132,3
1451,2070,3
1451,3201,4
1451,2819,4
1451,2348,1
1451,3359,3
1451,296,1
1451,1231,1
1451,3168,1
1451,1103,3
1451,1956,4
1451,3468,2
1451,1095,3
1451,1952,4
1451,523,1
1451,1207,1
1758,3949,3
1165,373,3
1812,3626,1
1812,919,2
1812,2359,4
1812,2570,1
1812,3571,4
1812,2916,2
1812,1923,1
1812,3438,4
1812,316,1
1812,2956,3
1812,542,3
1812,1035,2
1812,2126,3
1812,2399,4
1812,1479,1
1812,2406,1
1812,2412,1
1812,2985,1
1812,1954,1
1812,2409,2
1812,2411,1
1812,2410,3
1812,3512,4
1812,2915,1
1812,597,2
1812,2145,2
1812,1810,4
1812,3063,1
1812,2378,3
1812,2379,4
1812,1272,4
1812,2282,1
1812,3256,4
1812,2418,2
1812,186,3
1812,3914,3
626,3671,1
626,1283,3
626,3030,2
626,527,1
626,1240,1
626,1270,1
626,3471,2
626,912,3
2868,3751,2
626,924,3
626,919,4
626,1097,2
626,1073,2
626,2174,4
626,2140,1
626,47,2
626,1089,4
626,1617,4
626,296,2
626,50,2
626,2085,4
626,2294,3
626,2081,4
626,1688,4
626,2080,4
626,3000,1
626,2078,4
626,2018,1
626,1029,2
626,588,3
626,1022,1
626,596,1
626,2355,2
626,1025,2
626,3114,3
626,1,2
626,1204,1
626,1287,1
626,2028,3
626,2571,1
626,1304,1
626,260,3
2868,3538,2
5585,3481,4
1546,1589,3
1546,1805,1
1546,1892,1
612,3173,2
612,144,3
612,1544,3
612,3450,4
3518,3538,3
3518,2583,1
3518,3179,1
3518,3147,4
612,3512,4
612,266,4
612,2135,2
612,490,1
612,3675,2
612,3555,3
612,648,2
612,1129,4
612,524,3
612,3928,3
612,3753,3
612,3510,1
612,3755,3
612,2455,4
612,2160,4
612,1171,2
612,893,2
612,2966,4
612,2291,4
612,1580,4
612,3947,1
612,1673,4
612,1269,1
612,2948,1
612,522,1
612,1248,1
612,3481,4
612,3594,4
612,1466,4
612,1282,4
612,110,2
612,2791,3
612,3160,1
612,3751,2
612,1284,2
612,589,3
612,3578,2
612,1259,2
612,3456,2
612,3150,2
612,2858,1
612,1782,2
612,1959,4
612,3551,1
612,25,1
612,480,1
1034,2720,1
2208,3157,3
2239,2321,2
1034,1033,3
1034,2123,1
1034,2048,4
1034,2709,1
1034,586,1
1034,2090,4
2239,1265,2
2239,2959,4
2239,2571,4
2239,457,3
1034,616,2
2239,2762,2
1034,1010,3
1034,2087,4
2239,2858,1
2239,1,2
2239,2028,2
1034,2078,2
1034,317,2
1034,2687,3
1034,3159,3
1034,2081,3
1034,2059,3
1034,1907,2
1034,1022,2
2239,858,4
3562,3554,3
2195,1517,1
2195,1073,2
822,2861,3
2195,1080,2
822,2416,3
822,2375,2
2195,1,3
822,2779,3
2195,2804,4
822,3500,4
822,3308,3
822,2539,1
822,2470,1
822,2136,4
822,45,2
822,3948,3
822,2011,4
822,785,2
822,562,3
822,1485,3
822,2003,1
822,3591,2
822,3450,4
822,2883,4
639,240,4
822,1875,2
639,1499,4
639,3705,1
822,2108,3
613,32,3
613,2395,4
613,147,4
613,1635,2
613,2427,1
639,1831,1
613,247,3
613,2291,2
613,1179,3
613,300,4
613,529,1
613,1095,1
613,555,3
639,1917,1
822,3526,2
822,3088,2
639,798,4
822,2716,4
613,2997,1
639,95,3
613,1,4
639,170,2
613,3000,4
639,70,3
613,994,4
1266,3852,4
613,150,1
613,1265,3
639,3257,1
613,1704,2
613,235,1
639,185,2
1266,3357,1
1266,3751,3
822,1270,4
613,1094,4
639,1515,4
639,736,1
613,589,4
613,2908,2
639,2803,1
1266,514,4
613,2028,4
613,2396,1
639,1037,2
639,2617,2
613,3114,2
613,162,3
613,2599,1
822,3398,4
639,1544,3
639,353,3
639,1129,2
613,2858,1
613,593,3
613,1233,2
639,494,1
639,3697,1
613,1213,2
613,527,4
822,2918,2
822,1537,4
613,290,4
613,318,4
822,1259,3
639,3230,2
822,1304,4
822,3421,3
613,3070,3
613,2100,1
613,1965,2
613,2407,3
822,2791,4
822,2324,2
613,1376,2
613,2081,3
613,1959,2
613,592,1
613,1135,1
613,3448,4
613,3699,3
613,3098,3
639,3686,1
639,832,2
846,2522,1
846,2521,2
613,2406,4
613,3527,1
846,2520,1
639,543,4
639,349,2
613,3552,4
846,3498,3
613,2000,4
613,3706,4
846,3471,4
639,3082,4
639,1597,3
846,3363,4
846,3359,3
613,1994,4
613,1374,2
613,3036,1
613,3101,3
613,1210,3
613,3685,4
846,111,1
846,1193,1
639,1591,2
613,1258,3
613,2130,1
613,1295,4
639,10,1
846,1348,1
613,2065,4
613,1285,2
613,1960,2
613,3072,3
613,2926,2
639,1479,4
639,2183,1
613,1270,4
613,2076,2
613,1246,1
613,3925,4
639,1909,2
727,1645,1
613,1199,3
613,3361,2
613,3700,4
613,3703,2
639,454,3
727,113,1
639,2916,3
613,2064,4
613,3068,2
613,2929,4
613,1289,4
613,1300,2
613,1957,4
613,1956,4
750,1208,1
750,924,4
613,1185,1
613,2243,2
613,1096,2
613,3424,3
639,1344,3
750,296,3
727,1252,1
613,1394,2
613,1172,3
613,3543,1
613,1231,4
613,1288,2
750,3475,1
750,3342,3
639,933,3
750,2324,3
750,3543,1
750,17,4
750,3068,3
613,1293,1
613,1198,4
613,3811,2
613,1228,3
613,2918,1
613,1036,3
639,1200,3
750,3788,1
750,3897,2
613,2915,2
613,1273,4
613,1225,1
613,1196,1
1969,2412,3
1969,2409,1
1969,2411,3
1969,1954,3
1969,2410,4
750,3683,4
639,3204,3
750,1225,2
613,3731,1
750,858,2
750,2289,4
639,965,2
639,908,3
639,593,4
639,3147,3
750,3091,4
750,3030,3
750,3095,3
750,1939,2
639,1036,4
639,1219,3
750,912,1
750,3134,2
750,2612,2
750,1280,2
639,3806,3
639,3025,4
639,2055,3
750,3328,3
613,1617,1
613,1266,2
639,303,3
639,1007,1
639,2016,2
613,440,2
613,541,2
613,1961,1
639,3487,4
639,2012,2
639,996,2
639,1378,1
4042,1721,1
639,1008,2
639,2922,4
639,3074,2
4042,3053,3
750,3947,4
4042,2890,2
639,3671,1
639,2921,2
639,553,4
639,2896,4
4042,2324,3
4042,2356,3
4042,2504,3
639,3871,4
639,1209,1
639,3682,4
639,3681,3
4042,318,2
4042,2889,2
639,1009,1
639,1073,3
4042,3006,2
639,1234,2
639,3428,4
639,2522,2
639,2524,2
639,3430,2
639,2409,2
922,3949,2
639,2138,3
639,2520,1
639,3498,1
639,1955,2
639,3194,1
639,1208,2
639,3363,3
639,3735,3
639,3638,2
639,1380,1
639,914,3
639,1947,4
639,3520,4
639,3922,4
639,3924,3
639,3600,2
639,3921,2
639,3144,4
639,1018,3
639,2035,2
639,2015,2
639,2098,2
639,1010,3
639,2870,1
639,1083,4
639,2136,2
639,2946,1
639,2863,3
639,1028,3
639,2078,3
639,911,3
639,3873,3
648,3325,3
648,3286,4
639,3345,1
639,674,4
639,3926,2
639,2135,4
639,2056,3
639,3494,4
639,1262,1
639,3927,1
639,1017,3
648,3534,1
648,3162,1
648,3820,2
639,2365,1
639,3633,1
639,2529,4
639,2993,2
648,3755,1
1943,3421,3
1943,1892,3
1347,2399,3
1347,3325,4
1347,1544,4
1347,3,4
1347,3484,3
1347,804,4
1347,3745,1
1347,648,3
1347,3450,3
1347,3515,2
1347,277,2
1347,1580,3
1347,3753,3
1347,480,4
1347,2291,1
1347,2791,4
1347,3793,3
1347,3578,4
1347,1282,2
1347,1259,2
1347,1673,1
1347,745,3
614,1064,3
614,1688,1
614,1010,2
614,801,4
614,2059,2
614,1907,2
614,362,4
614,1033,2
614,986,3
614,2015,1
614,783,2
614,239,1
614,2142,2
614,2081,3
614,2139,2
614,3159,2
614,588,4
614,2294,1
614,2089,2
614,1024,1
614,364,1
614,1019,3
614,837,2
614,661,3
614,2087,2
614,558,3
614,3034,3
614,2085,3
614,1032,1
614,1022,1
614,2078,4
614,595,3
614,1025,3
614,1806,2
614,2687,1
614,2080,3
614,1028,2
614,2355,4
614,1097,3
614,1282,2
4042,3173,1
614,2899,4
614,34,4
614,2018,4
614,1654,3
614,919,2
614,1029,4
614,3114,2
614,828,3
1137,3911,2
1137,3949,3
2583,3072,3
2583,3507,2
614,2421,4
614,3751,1
614,2761,3
2583,3037,3
614,1961,4
2583,1294,2
614,1288,1
4042,3160,1
4042,3481,2
614,1079,2
615,3623,3
3512,29,4
615,2948,3
2583,374,3
615,3671,2
615,3543,3
2583,1011,3
615,3040,3
2583,1013,1
2583,2017,3
615,1206,2
2583,2098,1
2583,2015,3
615,348,2
2583,1014,2
615,924,2
615,1,1
615,1953,2
2583,1010,4
615,1077,1
615,2529,3
2583,2899,2
615,1408,1
615,1258,3
615,2571,4
615,3735,2
2583,1012,2
615,1266,4
615,1954,1
2583,2018,3
2583,2085,3
615,2108,2
2583,1022,4
615,457,2
2583,594,1
2583,596,4
2583,2099,3
615,1304,3
615,1278,3
615,1294,4
615,3451,2
615,1036,1
615,2527,1
615,1256,4
615,1208,4
2583,709,4
615,1200,2
2583,1025,3
2583,2137,2
615,1291,3
615,1247,2
615,3334,2
615,1287,1
615,3363,2
615,3011,2
615,1610,1
615,1214,1
615,1265,3
615,1221,2
615,1997,1
615,912,3
615,3421,2
615,1240,2
615,1230,4
615,1293,4
615,1234,2
615,2366,4
615,969,2
615,3198,3
615,1219,1
2583,2054,3
615,3114,3
615,593,3
615,1276,3
615,1136,4
615,3653,3
615,296,2
615,1198,4
615,541,3
615,919,1
727,2497,2
615,1252,3
615,2132,4
615,858,2
2583,3529,1
615,1148,1
615,260,1
2946,2399,1
2946,3173,2
2946,2792,3
615,648,3
2583,3791,1
4169,1593,1
4169,35,1
4169,537,1
4169,1888,2
4169,273,1
615,3578,1
615,3751,3
2946,648,1
2946,490,4
4169,198,2
4169,1404,2
4169,3518,1
4169,1320,3
4169,1619,1
4169,2283,3
4169,178,3
4169,1918,1
4169,586,2
4169,1306,4
4169,1904,3
4169,7,4
4169,2505,2
4169,802,3
4169,1841,1
4169,3528,4
4169,3020,3
4169,705,1
615,1090,1
615,2153,2
4169,1514,3
4169,1596,3
4169,488,3
4169,490,1
4169,197,3
615,1270,1
4169,1457,1
4169,612,4
4169,489,1
615,3471,4
615,1918,1
615,1961,2
4169,517,4
4169,89,1
4169,753,2
4169,1735,3
4169,224,4
4169,1563,2
4169,804,2
4169,2803,4
4169,94,1
4169,613,2
4169,383,4
2946,2948,2
2946,1466,1
4169,1608,1
4169,1003,2
4169,368,4
4169,382,4
4169,1876,3
2946,1673,4
2946,2791,1
4169,3614,2
4169,442,2
4169,574,3
4169,806,3
4169,3450,2
4169,2334,4
4169,259,4
4169,1821,3
4169,361,2
4169,70,1
4169,195,4
4169,458,2
4169,848,4
2946,2858,1
2946,589,2
4169,500,1
4169,1690,4
4169,2120,1
4169,1485,1
4169,1805,3
4169,627,1
4169,2252,3
4169,3274,4
4169,1410,4
4169,426,1
4169,1527,1
4169,1857,3
4169,171,3
4169,279,2
4169,1365,2
4169,3712,2
4169,1425,2
4169,3247,4
4169,3107,3
4169,2676,3
4169,1415,1
4169,513,4
4169,1399,3
4169,1835,4
4169,882,1
4169,1896,3
4169,371,4
4169,1339,1
4169,1092,3
4169,113,3
4169,2767,1
4169,2801,1
4169,266,4
4169,491,1
4169,832,3
4169,2436,1
4169,340,4
4169,159,3
4169,1799,3
4169,708,1
4169,465,4
4169,10,4
4169,805,1
4169,2567,3
4169,1614,1
4169,410,2
4169,3686,3
4169,114,2
4169,1510,4
4169,1054,4
4169,587,2
4169,2124,2
4169,1279,1
4169,1597,4
4169,2570,3
4169,2620,2
4169,105,4
4169,359,2
4169,231,4
4169,3386,4
4169,1589,1
4169,2112,4
4169,57,4
4169,3269,1
4169,2012,3
4169,3446,1
4169,2445,3
4169,580,3
4169,2295,1
4169,1645,4
4169,2165,4
4169,1689,4
4169,372,1
4169,2278,3
4169,2844,1
4169,653,2
4169,2029,3
4169,2231,3
4169,1676,2
4169,3259,3
4169,733,4
4169,2272,4
4169,350,1
4169,1441,4
4169,2539,1
4169,1370,2
4169,2341,4
4169,1190,3
4169,380,1
4169,2830,4
4169,420,3
4169,1487,1
4169,1580,2
4169,851,2
4169,1713,1
4169,183,4
4169,1051,2
4169,555,2
4169,2331,2
4169,351,4
4169,1650,2
4169,1693,2
4169,2071,3
4169,3620,1
4169,3155,4
4169,539,2
4169,1114,4
4169,163,1
4169,2682,1
4169,1372,3
4169,999,1
4169,1846,1
4169,2058,1
4169,507,2
4169,1184,3
4169,1006,3
4169,3557,4
4169,1312,2
4169,451,4
4169,1569,2
4169,3261,4
4169,647,2
4169,3425,1
4169,2621,4
4169,268,3
4169,1414,4
4169,1465,1
4169,1892,1
4169,1542,3
4169,3118,2
4169,597,4
4169,635,2
4169,280,1
4169,605,3
4169,45,2
4169,3476,3
4169,270,4
4169,349,2
4169,82,2
1343,2628,3
4169,1447,4
4169,1450,4
4169,2916,1
4169,1721,3
1343,2311,4
1343,2528,4
4169,141,4
4169,3256,1
4169,2671,1
4169,2424,4
1343,2021,3
1343,3704,4
4169,124,1
4169,3106,4
4169,138,4
1343,2985,2
4169,509,2
4169,1680,1
4169,137,1
4169,1660,2
4169,1180,2
4169,3374,1
4169,55,1
1343,480,2
1343,2407,2
4169,1459,3
4169,230,4
4169,685,2
4169,1648,3
1343,1921,1
1343,1965,3
4169,565,4
4169,2006,2
4169,3466,2
4169,1643,4
1343,3699,4
1343,1584,2
1343,1748,4
1343,2346,3
1343,2455,2
4169,2276,3
4169,1794,2
4169,1466,4
1343,3527,4
1343,2968,3
1343,3702,2
4169,862,3
4169,1061,2
4169,335,2
4169,1916,1
1343,1129,2
1343,1653,2
4169,2425,4
4169,2711,3
4169,506,1
4169,1057,3
4169,322,3
4169,1672,4
4169,205,4
4169,78,4
4169,425,3
4169,144,3
4169,151,4
4169,988,3
4169,356,3
1343,1374,1
1343,1097,4
1343,1199,3
1343,2916,4
4169,1177,2
4169,1836,4
4169,161,3
1343,32,3
1343,3932,4
4169,229,4
4169,62,3
4169,715,1
1343,589,2
1343,2664,3
1343,1214,1
1343,3703,3
1343,2010,4
1343,750,3
1343,1200,1
4169,2583,3
4169,125,2
4169,475,2
4169,1683,2
4169,214,3
1343,2859,1
1343,3679,4
1343,1289,1
1343,2064,4
4169,1784,4
4169,1063,3
4169,553,3
4169,2442,2
4169,2618,3
4657,1224,4
4657,1944,4
4169,1668,3
4657,3836,1
4657,1960,1
4657,1208,4
4169,1670,3
4169,1814,2
4169,346,4
1343,3526,1
1343,2109,2
1343,2349,4
1343,2000,3
1343,3358,2
4169,531,3
4169,3252,3
4169,803,4
4657,2202,3
4657,3366,3
1343,3481,1
1343,2239,1
1343,1078,2
4169,2391,4
1343,500,3
1343,3253,1
1343,223,2
4169,1653,4
4169,147,3
4169,342,3
4169,1406,3
1343,2463,1
1343,2144,3
1343,1845,2
1343,3361,1
4169,1834,4
4169,3183,1
1343,3104,2
1343,2716,4
1343,2915,4
4169,2501,2
1343,2918,3
1343,3671,1
1343,2359,1
1343,1028,1
1343,3421,2
1343,3088,3
4169,3250,2
4169,375,3
1343,1060,1
1343,3836,2
1343,1278,2
4657,2571,2
4169,1511,1
4657,457,1
4657,2762,3
4657,589,2
1343,3210,3
1343,3072,3
1343,2300,1
4169,2793,1
4169,211,4
1343,1077,2
1343,1073,2
1343,3566,1
4657,50,1
4657,1617,1
4657,608,4
1343,1963,3
1343,2791,1
1343,2863,2
1343,3925,2
1343,3037,4
1343,1235,4
1343,1079,1
1343,3814,4
1343,921,3
1343,3504,4
1343,1175,3
4657,58,1
4657,2028,2
616,1214,4
616,1196,4
616,1274,4
616,750,2
616,741,2
616,541,2
616,260,3
4169,3580,4
4169,3320,4
1343,3362,4
1343,2102,3
1343,1202,1
1343,1307,3
1343,2788,4
1343,3543,3
616,3354,1
1343,2248,3
616,3922,4
4169,3949,4
1343,1080,4
1343,1394,2
616,1544,1
1343,1234,2
616,2792,1
4169,648,3
616,3745,1
616,3534,1
1343,3445,3
1343,1252,4
1343,1964,3
4169,3150,2
616,3755,2
616,3555,1
616,3578,1
616,661,4
616,1580,3
616,3793,1
616,3753,2
1343,3863,3
616,3481,1
616,480,2
616,110,3
616,1282,1
616,1035,2
616,1673,2
1343,3948,1
4169,3948,4
4169,3914,4
616,1248,4
1343,3897,1
616,3863,4
616,3160,4
616,2160,4
616,1466,3
616,1259,4
616,2791,3
616,589,1
616,1249,4
616,1250,4
616,908,2
616,3751,3
616,2858,4
616,376,4
616,1221,4
616,2313,3
616,31,1
616,2291,2
639,1014,1
639,3073,3
639,2079,4
639,3668,1
639,3168,3
639,902,2
639,3296,1
639,2067,3
639,2728,1
639,1276,2
639,1247,1
617,1212,3
617,800,1
617,1086,4
617,1617,1
617,1913,1
617,904,2
617,1950,4
617,912,4
620,719,3
620,19,1
620,2953,3
620,1390,1
620,691,1
620,435,3
620,413,2
620,3146,4
617,3578,3
617,3481,3
620,485,4
620,2082,2
620,370,2
620,637,2
620,3,2
620,466,1
620,520,2
620,1550,2
620,429,2
617,3300,1
617,1259,2
620,1391,3
617,2791,2
617,589,2
617,110,1
617,2858,1
617,951,2
617,908,4
620,186,3
620,333,4
620,2485,2
620,2431,3
620,2195,4
620,2335,2
620,1665,1
620,2683,2
620,2723,2
620,743,4
617,2770,3
620,2060,3
620,586,2
620,1614,4
620,2694,2
619,3623,3
617,1198,1
617,2321,3
620,784,2
620,2249,4
617,2070,3
617,2628,1
620,3869,3
620,3450,2
620,587,1
620,500,1
620,344,4
620,1377,4
620,585,3
619,916,1
619,2248,3
619,1294,1
619,2997,2
619,3083,4
620,1485,2
620,2706,4
620,2004,2
619,2599,3
620,1895,4
620,410,1
620,380,1
620,3254,1
619,2858,3
619,1136,1
619,2804,4
620,141,1
620,2770,4
620,3264,3
619,232,3
619,2324,1
620,543,4
620,1580,2
620,3174,2
620,2424,3
619,1244,2
619,1230,4
618,2624,3
620,1747,1
620,356,1
620,1414,3
620,3175,3
620,785,1
619,1220,1
620,1476,4
620,2502,3
620,231,4
620,1042,1
620,799,1
618,611,2
618,1986,1
618,1977,2
2208,1147,2
620,2124,4
620,3255,1
620,588,3
620,1777,2
619,3751,4
618,1972,3
620,104,3
620,1517,4
620,180,1
618,1976,1
618,1969,4
618,3579,3
620,322,2
620,72,3
618,2456,1
620,514,2
620,1883,3
620,1641,4
620,1827,1
620,2359,3
618,1970,2
620,1060,2
620,2355,4
620,3253,3
620,2321,4
620,1784,2
620,1215,2
619,3911,3
618,1971,4
618,3596,4
620,2759,2
620,21,4
620,1923,1
620,223,2
620,3052,4
620,551,2
620,39,3
620,1845,3
620,2395,4
618,490,2
620,235,3
618,2792,4
620,2396,3
620,2700,4
620,2289,4
618,3755,1
618,648,3
620,1,1
620,1449,2
620,2599,3
620,1265,2
618,3409,1
618,3513,3
618,70,2
620,2858,1
620,745,3
618,2454,1
620,1562,4
620,153,4
620,2126,3
618,1965,1
618,3917,1
618,3918,4
618,3947,2
618,3930,1
620,1918,3
620,2002,4
620,3247,3
620,3301,1
618,2291,4
618,1171,2
618,3624,4
620,434,4
620,2605,4
620,2231,4
620,3744,2
620,2001,4
620,3729,2
618,2791,3
618,1673,3
618,3578,1
618,3481,4
618,551,2
620,1711,2
620,70,3
620,1061,2
620,2764,3
620,1466,4
618,589,2
618,2858,1
618,1259,2
618,1249,1
620,3717,2
620,1589,3
620,367,1
620,112,1
620,2000,1
618,1250,3
620,592,4
618,110,3
620,47,2
620,2194,4
620,1396,3
620,2952,1
620,1732,1
620,2391,1
620,866,4
620,2692,4
618,3347,4
620,2912,2
620,2580,2
618,2717,1
620,1234,3
618,1196,3
1268,2238,4
620,608,4
620,2542,2
620,910,1
620,1912,3
618,1130,2
618,2746,1
618,2144,3
620,1089,4
620,50,3
1268,2239,2
619,2797,2
619,1210,1
620,858,4
620,296,2
620,3265,3
620,1617,2
619,2423,3
619,3871,2
620,930,3
620,2987,1
1268,968,2
1268,551,3
1268,2613,4
620,2186,4
619,1196,3
620,1252,4
620,1248,4
620,1267,1
621,3441,3
620,3911,1
620,3864,2
620,3889,3
621,2952,3
620,3863,2
621,1769,2
620,3484,1
621,1218,3
621,288,4
620,3535,4
620,3354,3
620,3755,3
620,3173,2
620,3159,1
620,3793,3
620,3578,3
620,3751,1
620,3160,1
620,3481,2
620,3566,3
620,3624,3
621,3265,3
621,1729,2
621,547,2
620,1729,4
620,3248,3
620,527,4
621,1625,1
620,423,4
620,2997,2
620,1193,2
1268,3035,4
620,2064,3
621,1275,2
621,358,3
621,833,4
621,1200,3
621,1237,4
621,2263,4
621,594,3
621,47,1
621,111,3
621,519,2
621,2986,2
621,2985,1
745,3952,3
745,1221,4
745,3863,4
621,480,1
621,1580,2
1268,368,2
621,3481,4
621,551,1
621,589,4
621,1965,1
621,1259,2
621,1249,4
621,3932,2
621,1673,2
621,1171,3
621,1248,2
621,110,4
1268,1303,4
621,2328,2
621,339,4
621,93,2
621,2628,2
621,2096,1
1268,2633,2
621,1921,4
621,1554,3
621,982,3
621,1196,3
621,3477,2
621,3,1
621,341,2
621,2320,1
1268,2285,1
1268,3932,2
1268,3448,4
1268,2003,4
1268,2918,3
621,2119,1
621,1981,3
621,1389,3
1268,2067,4
621,1862,3
621,2113,2
621,1980,4
621,1756,4
1268,1088,2
621,1771,4
621,1972,1
621,1993,2
1268,590,2
621,611,2
621,606,1
621,1978,1
621,2868,2
621,1979,4
1268,1276,2
1268,2407,1
1268,438,4
621,2338,1
621,1971,4
621,1623,1
621,1969,3
621,1976,2
621,3694,3
1268,100,2
621,1992,4
621,1388,4
621,2122,2
621,1977,4
621,1975,4
1268,3105,1
1268,2997,2
1268,592,4
1268,1784,2
1268,3524,3
621,1970,2
621,1973,2
621,2315,1
621,196,2
621,273,4
1268,3363,3
1268,1321,2
1268,2858,1
621,2668,3
621,1644,2
621,3919,4
621,3709,1
1268,3153,4
1268,1032,2
621,2279,4
621,330,3
621,3013,3
621,177,1
621,2327,1
621,1717,2
621,3708,4
621,2367,4
621,1991,2
621,1168,3
621,1320,4
621,3017,1
621,366,3
621,1690,4
621,2460,1
621,3264,3
621,1342,1
621,3837,2
1268,3424,4
621,3693,3
621,2793,4
621,382,3
621,328,4
621,2517,3
621,2787,4
621,2513,2
621,724,1
1268,2944,1
621,1128,3
621,1330,1
621,610,2
621,1974,4
621,2746,3
621,2657,4
621,253,4
621,1339,4
621,3917,3
621,2167,1
621,70,4
621,188,4
621,3587,1
621,2654,3
621,2633,2
621,799,4
621,3476,4
621,2867,4
621,1407,2
621,1321,1
621,3499,4
621,1255,3
621,1347,4
621,735,3
621,2003,3
621,2455,3
621,3930,4
621,2118,4
621,3018,1
1268,965,2
1268,924,2
2063,2034,4
2063,2009,4
2063,1206,1
621,1215,2
621,1350,3
621,2644,4
621,1345,4
621,1340,4
621,1982,3
621,2160,1
621,3918,3
621,1994,3
1268,223,3
621,2366,1
621,2288,1
2063,3024,4
2063,1345,3
2063,2901,3
2063,2459,2
2063,1997,2
2063,1982,2
2063,1350,2
621,1997,1
621,1214,1
621,1387,1
621,1258,4
621,2648,1
621,1219,1
2063,3471,3
2063,1208,3
2063,1263,3
621,3706,4
2063,716,2
621,2987,1
621,1284,2
621,1748,3
621,1179,4
2063,1380,4
2063,3099,2
621,3683,3
621,1260,2
621,541,4
621,3435,4
621,1617,2
2063,3040,2
2063,2109,3
2063,3760,3
2063,3671,3
2063,1278,1
2063,1080,2
2063,3421,2
621,1261,2
2063,1136,3
621,296,4
2063,2038,3
2063,3034,1
2063,2095,1
621,2905,4
621,3030,2
2063,616,3
2063,2137,4
2063,2090,1
621,2019,4
2063,3672,2
2063,1030,3
2063,2051,3
2063,1011,2
621,3793,2
621,2600,4
2063,1073,3
2063,2524,4
2063,1388,4
2063,1371,2
2063,2409,4
621,3176,4
2063,2640,3
621,2700,1
621,2762,3
2063,3702,3
621,2396,3
621,3185,2
621,3273,4
621,3081,2
2063,1214,2
2063,1221,3
2063,1954,3
2063,858,3
621,1513,1
621,2692,4
621,2686,2
621,2395,2
621,3117,1
621,2560,4
621,2394,2
621,2490,4
621,3300,3
2063,3468,4
621,968,3
621,2900,4
621,2502,2
621,2723,2
621,913,4
621,3174,2
621,3160,4
621,3053,2
621,785,1
621,2761,2
621,2713,1
621,2606,4
621,2995,1
621,2333,3
621,3578,2
621,2580,3
621,2716,3
621,2688,2
621,3175,3
621,2959,2
621,2428,1
621,3409,1
621,2336,4
621,3408,4
621,2599,3
621,3543,3
621,2772,3
621,2759,4
621,2722,3
621,3016,4
621,2541,3
621,223,3
621,3005,1
621,2355,3
621,2770,2
621,3751,1
621,2976,2
621,2997,3
621,2710,4
621,3298,4
621,2683,2
621,3593,3
621,2699,1
621,2555,4
621,2706,2
621,2188,3
621,2858,2
621,1127,3
621,2459,1
621,1204,3
621,1120,1
621,1721,3
621,870,1
622,2289,1
622,232,1
622,2575,1
622,1089,2
622,2858,2
622,1354,1
622,2908,1
622,2324,1
622,2997,2
622,3083,2
622,34,1
622,1635,3
622,593,1
622,1922,2
622,1041,4
622,318,3
622,3068,1
622,1721,4
622,3260,4
622,2442,3
622,356,4
622,246,1
622,965,4
622,3910,1
1306,2356,1
622,1307,1
622,1222,3
622,1228,2
1306,3927,2
622,1288,1
622,1219,2
622,1617,2
622,296,3
622,3429,3
622,1945,4
622,3105,2
622,3201,1
622,3089,4
622,3359,2
622,1247,2
622,2936,2
622,953,4
622,1252,2
622,919,1
622,260,4
622,1193,2
622,1186,2
622,745,3
622,936,3
622,912,2
622,1148,1
622,608,2
987,2208,3
622,1213,3
622,1244,1
622,1952,4
622,858,2
622,2028,3
622,253,4
622,527,1
623,1060,2
623,3083,2
623,1270,4
623,2997,2
623,1394,3
623,1136,4
623,3114,2
623,2804,2
1974,3949,2
623,266,2
623,2791,1
623,1673,1
623,1282,3
623,3751,1
623,3160,2
623,2966,3
623,2858,2
623,3538,4
623,714,2
623,1266,1
623,3952,3
623,162,1
623,3783,1
623,3362,3
623,608,3
623,1213,1
623,296,3
623,1089,1
623,1198,4
623,1175,3
623,29,2
623,924,1
623,750,2
623,1199,3
623,3745,1
623,3159,1
623,2700,4
623,2355,2
623,1148,1
623,745,1
623,1,2
623,741,1
623,3623,4
623,3578,4
5956,1678,1
623,2278,4
623,1356,1
623,3624,1
623,555,1
623,112,2
623,3266,1
623,2427,1
623,21,3
623,110,3
623,163,1
623,2912,4
623,3000,4
623,2571,1
623,2985,3
623,2028,1
623,589,1
623,1214,1
623,1240,3
623,1200,3
623,1387,3
623,1196,1
623,1233,4
623,2692,3
623,260,3
623,3576,1
623,2019,2
623,1221,2
623,858,3
623,707,3
623,1748,3
5956,2718,1
5956,3911,3
623,541,2
623,1179,2
623,1617,1
623,3893,3
623,3911,4
623,3910,4
623,3897,2
623,1259,1
623,111,1
623,1210,1
623,1968,1
623,2987,4
634,239,1
634,1029,1
634,2394,3
634,2746,1
634,1380,1
737,2858,3
634,1220,3
634,1035,1
634,2174,3
634,2091,3
634,2043,2
634,1024,3
634,1013,4
634,2087,3
634,2096,3
634,1282,3
1954,2617,3
1954,1473,4
624,1219,4
624,1320,2
624,3704,1
624,2311,4
624,1876,3
1058,3897,3
624,2657,2
624,2105,1
624,780,4
624,1372,3
624,2699,3
624,2407,4
624,2011,2
624,1129,3
624,3927,3
624,3770,4
624,1396,3
624,1653,3
624,2455,1
624,1965,4
624,3699,4
624,1127,1
624,3702,3
624,1584,4
624,3471,3
624,1199,3
624,541,3
624,924,4
624,47,3
624,2268,4
624,296,4
624,1617,4
624,1213,4
624,608,1
624,1994,2
624,1345,4
624,1333,4
624,3499,3
624,1258,1
624,1982,3
624,1997,1
624,1307,3
624,2001,1
624,3256,1
624,2115,4
624,2640,3
624,1356,4
624,1580,3
624,1408,4
624,733,3
624,2916,4
624,1954,2
624,3418,3
624,3555,3
624,1376,1
624,1287,4
624,1370,2
624,3527,2
624,3763,3
624,2951,2
624,110,1
624,2948,3
624,3753,2
624,1374,3
624,2000,2
624,2194,2
624,21,3
624,1222,3
624,1610,4
624,3104,1
624,480,2
624,1275,3
624,1240,1
624,1201,2
624,589,4
624,1036,3
624,1291,4
624,1242,4
624,2944,4
624,1197,3
624,1200,3
624,1233,4
624,2028,2
624,1214,2
624,1387,2
624,1196,3
624,1198,3
624,1193,3
624,923,4
624,3438,3
624,788,3
624,2628,4
624,2174,1
624,2161,4
624,2,4
624,3489,4
1561,1446,2
624,2193,3
624,367,2
624,3479,2
624,2054,4
1561,348,1
624,260,4
624,2968,2
624,2100,2
624,1073,3
624,1097,1
1561,3067,3
1561,3083,1
1561,910,2
1561,1088,1
1561,543,2
1561,1721,3
1561,1380,2
787,1711,4
1561,357,4
787,175,4
1561,2145,1
1561,3685,4
1561,2065,4
787,3477,3
624,1784,1
787,3173,4
624,2791,3
624,3114,2
1561,39,4
624,1288,2
1561,1210,3
625,1089,1
624,1394,2
624,1136,3
624,1968,2
624,1265,3
625,1173,1
1561,3357,1
624,2716,1
1561,1307,2
1561,892,3
1561,17,1
1561,914,2
787,524,4
624,356,3
624,2797,4
1561,2248,3
624,2352,4
624,2396,4
624,1220,3
1561,25,3
624,3421,4
624,1259,3
1561,912,2
624,1294,1
625,3481,2
625,3852,3
625,3911,4
624,2804,1
624,1270,3
624,2384,1
624,2324,1
624,1,2
625,3257,4
624,1250,3
624,912,1
787,1799,1
787,1060,4
787,1680,4
787,1682,2
787,3147,2
624,1208,2
624,1225,1
624,1949,1
624,1207,2
624,953,4
787,2427,3
787,3178,2
787,778,3
787,3100,4
625,2112,4
787,628,3
787,866,1
787,1639,4
787,1393,2
787,293,1
787,150,1
787,2324,3
624,25,3
624,1247,1
787,32,4
787,2501,1
625,3078,2
787,2890,3
625,3252,2
787,2329,3
787,2028,2
787,1704,3
787,1213,1
787,296,2
625,1480,3
625,281,2
625,1179,4
625,1271,3
625,590,4
625,3118,2
625,1660,1
625,3255,3
787,3513,1
625,230,3
625,2268,1
625,150,3
625,1633,1
624,318,1
625,1357,4
625,1784,4
625,1393,1
625,3060,1
624,1203,1
625,838,2
2195,3298,3
625,2336,4
2195,3827,4
625,1094,3
625,3246,1
625,1041,2
625,1177,4
625,17,1
625,1704,4
624,1210,2
624,1030,3
624,3654,3
625,593,4
625,2858,2
625,1673,1
625,2908,3
625,608,3
624,1186,2
624,3072,4
625,3549,1
625,3916,4
625,3893,3
625,1954,4
625,3088,4
625,920,4
625,1135,1
5470,3910,4
629,343,4
629,2053,1
629,1654,3
629,1460,2
629,1588,1
629,1707,4
629,2354,3
629,8,4
629,3754,1
629,1359,4
629,2430,3
629,3564,3
629,1848,1
629,631,2
629,1005,4
629,258,1
626,1282,1
626,589,3
626,3897,2
629,673,4
629,3439,1
629,2876,2
629,1702,2
629,455,4
629,313,1
629,3440,1
629,1023,4
629,374,4
626,3948,1
629,609,3
629,2142,2
629,2399,2
626,648,3
626,3510,2
626,3481,2
626,3159,3
626,3624,3
629,3820,3
629,1064,3
629,1806,4
629,2559,1
629,837,1
629,48,1
629,2035,1
626,1193,3
626,2628,1
626,1196,4
626,1721,4
629,3438,2
629,2079,2
629,2042,1
629,158,1
629,801,4
626,1210,1
629,355,3
629,2091,2
629,1018,2
629,2047,3
629,484,2
629,577,4
629,881,2
1425,801,4
1425,2082,4
1425,1713,1
1425,586,3
1425,2052,2
1425,158,2
629,2141,3
629,2953,1
629,2709,1
629,2038,3
629,2054,2
629,1024,1
629,2040,1
629,2098,3
1425,531,1
1425,2800,4
629,1021,1
629,709,3
629,1367,3
629,1031,3
629,2123,4
629,2059,1
629,2052,1
1425,2193,2
1425,2005,1
1425,2174,2
1425,1967,4
1425,2797,3
629,1033,1
629,616,3
629,3157,1
629,2090,3
629,1013,3
629,1582,4
629,2089,2
629,986,1
629,2046,3
629,569,2
1425,2048,4
1425,2141,3
1425,2123,3
1425,1033,2
629,1205,1
629,1017,2
629,1015,1
629,107,3
629,2400,3
629,2103,3
629,3615,1
629,2014,1
629,3287,2
629,2078,3
1425,546,3
1425,2053,3
1425,435,1
1425,379,1
1425,1917,4
1425,1831,4
1425,1882,3
1425,780,2
1425,1779,4
1425,2094,4
1425,2012,1
1425,329,1
1425,1544,2
1425,332,3
1425,185,2
629,1030,1
629,1688,4
629,2384,2
629,586,1
629,917,1
629,421,2
629,1016,1
629,3483,2
629,1010,3
629,3672,3
1425,1876,1
1425,1653,4
1425,748,3
1425,1391,2
1425,1676,2
629,1026,4
629,262,2
629,661,3
629,1014,4
629,1547,2
629,2761,2
629,1713,4
629,3034,3
629,2899,3
629,1566,1
629,2294,2
629,2095,4
629,2116,4
629,2045,1
629,1012,2
629,2687,2
629,808,3
629,2097,2
629,2085,2
629,551,4
1425,276,4
1425,15,1
1425,2297,1
1425,550,3
1425,1453,2
1425,64,2
1425,361,3
1425,736,3
1425,2385,2
1425,3,1
629,364,4
629,34,2
629,362,2
629,531,3
629,2102,1
629,595,1
629,1032,4
629,596,3
629,1907,3
629,3751,3
1425,802,1
1425,2424,3
629,2096,3
629,3397,2
629,2083,3
629,2137,3
629,2099,2
629,1,1
629,1029,1
629,1022,1
629,2080,4
629,783,3
1425,1684,2
1425,543,3
1425,2558,4
1425,252,3
1425,2029,2
1425,1821,3
1425,339,2
1425,2125,4
1425,1339,1
1425,1441,1
629,3398,1
629,828,4
629,3345,1
629,1025,4
629,1812,4
629,2057,2
629,588,4
629,3159,2
629,2077,3
629,2018,4
1425,85,1
1425,1059,1
1425,2801,3
629,2139,1
629,2081,3
629,2033,1
629,1028,4
629,3114,4
629,1282,1
629,3396,3
629,2355,4
629,919,2
629,594,2
1425,39,1
1425,357,1
1425,356,1
1425,2291,1
629,1019,2
629,2453,4
629,1009,2
629,558,1
629,2015,4
629,2,3
629,317,1
629,3489,1
629,1920,3
1425,2662,3
629,2968,2
629,2193,2
629,2628,2
629,1967,4
629,2005,3
629,653,4
629,2021,3
629,2105,3
629,60,2
629,3466,3
1425,3948,1
629,2161,2
629,3153,4
629,2174,3
629,2872,4
629,2087,2
714,2406,4
629,2140,2
629,2138,3
629,3479,4
629,2086,2
629,1073,2
714,1047,1
714,1954,2
714,2947,1
714,1387,2
629,367,1
629,1097,4
629,788,1
629,3920,3
629,2093,1
629,2622,4
629,2797,1
629,260,3
629,2100,2
629,247,3
627,1199,3
714,1258,1
714,1265,3
629,3912,4
714,1197,4
629,3944,2
629,3908,1
629,3899,4
629,3892,3
629,3568,4
627,541,4
627,2193,2
627,2161,2
627,2173,3
627,2105,1
629,3895,1
629,3883,4
629,3889,4
629,3891,2
629,3885,1
629,3866,3
629,3900,4
629,3945,1
629,3906,3
627,1009,1
627,1073,1
627,2138,3
1228,3793,4
1228,2600,1
1228,1909,3
629,3894,1
629,3914,2
629,3884,4
629,3886,4
629,3910,3
629,3896,1
629,3952,3
627,3393,1
627,2399,4
627,3877,4
1228,111,2
627,1097,4
627,3479,4
627,2174,1
627,2968,1
627,2100,1
627,2872,3
627,2797,2
627,1967,1
627,2140,4
629,3863,1
629,3898,3
629,3893,2
629,3949,3
629,3879,2
629,3946,1
1228,2762,2
1228,538,3
1228,1894,4
1228,14,4
628,3751,2
627,3882,1
627,3952,1
627,3863,4
627,3911,4
627,3897,4
629,3913,3
1228,2571,4
671,1250,3
671,101,2
1228,466,1
1228,1735,4
1228,471,4
1228,2891,4
714,520,2
714,1027,2
714,3034,4
627,181,1
627,2329,4
627,2628,4
646,3811,1
627,1041,1
627,110,1
627,911,2
1228,1097,4
714,1707,4
629,3897,4
629,3951,3
629,2769,1
629,3882,4
629,3911,2
629,3865,4
629,3903,4
629,3948,2
714,1489,3
1228,1829,2
1228,2329,2
714,575,2
628,3578,2
714,2053,3
714,3400,1
714,2042,3
714,3439,4
714,1588,4
714,2828,2
714,2036,1
714,3440,3
714,2092,3
646,595,1
646,1012,3
646,919,2
646,1,4
631,1031,3
631,1339,4
631,785,3
631,2115,4
631,2496,3
714,13,4
714,673,2
631,3036,2
646,1562,4
646,2373,4
714,48,2
628,317,2
628,587,3
628,500,4
628,368,3
631,508,1
646,849,4
646,20,2
714,2031,2
631,3510,1
631,1747,1
629,1248,2
629,2160,1
629,1221,4
629,267,1
629,1583,2
629,2892,3
629,111,3
629,1589,2
629,3431,1
631,1099,1
631,2384,3
714,1015,3
714,2038,4
714,2016,3
714,1018,1
628,3157,1
646,3257,1
631,454,4
714,2,4
714,616,3
628,440,3
631,141,1
631,2015,4
631,2583,1
1228,3565,3
714,1030,2
714,2846,2
646,2524,3
628,450,1
646,485,1
646,2421,4
714,2123,2
714,2048,1
631,2116,1
631,1092,1
631,1356,4
646,153,1
646,1544,4
628,2581,2
628,141,4
714,1013,2
714,2141,3
714,1205,4
714,1031,3
631,3701,3
714,709,3
631,2611,1
646,1385,4
646,168,4
628,11,4
628,2770,4
631,349,3
714,1024,1
714,828,1
714,2085,1
714,2090,2
631,1019,4
714,2294,3
714,783,2
714,2091,1
714,2089,1
714,1016,3
714,1033,1
714,2005,2
628,2108,4
631,2161,3
646,786,2
646,288,4
631,1909,1
628,708,3
628,357,1
631,3480,4
714,2080,4
714,1029,1
714,2078,3
631,2527,1
631,3555,3
646,3020,2
646,2616,4
646,2013,4
631,2734,1
628,3255,4
628,3178,2
628,2706,2
628,1883,2
631,1569,4
714,1017,3
714,2087,2
714,2096,1
714,2081,2
714,1967,2
646,1371,3
646,1479,2
646,517,1
631,1425,4
631,587,4
630,2797,2
714,2687,3
714,2015,1
714,364,3
714,2161,2
646,2376,3
646,1377,1
631,2499,1
630,2352,1
630,1968,4
630,3101,4
630,3039,4
628,2124,4
646,3638,4
646,95,4
714,1025,1
631,590,2
714,1022,4
714,1032,3
631,1527,2
714,2137,2
630,2150,3
630,1210,1
630,1961,2
628,471,1
628,3358,4
628,2572,4
628,348,2
646,2344,1
646,434,4
646,2410,2
630,3608,1
630,2915,3
714,594,3
714,34,1
714,2018,4
630,2918,2
646,1378,3
646,736,3
630,1097,4
630,2791,4
714,2116,1
714,1097,3
714,595,4
714,2139,1
714,1907,1
630,1270,3
630,1186,1
630,1674,1
630,1258,2
646,1917,1
646,329,2
714,3398,4
630,1096,4
630,1307,3
646,1129,3
646,292,3
628,588,3
646,2528,4
630,3210,3
630,2716,4
630,3072,1
630,1957,3
630,3526,4
646,1375,4
628,3052,1
646,3107,3
628,1580,3
646,648,2
714,2389,2
714,1562,1
631,2278,1
646,2094,3
646,2993,1
646,1372,4
631,986,3
714,2540,3
714,2126,4
714,998,4
714,3301,3
631,1042,2
631,440,2
646,2989,4
646,2985,4
646,316,2
714,1598,2
630,1172,1
631,2640,1
631,2302,3
631,1732,3
631,3081,3
646,3704,2
646,2393,4
646,368,1
714,2616,4
714,434,1
628,1874,1
631,2087,2
631,1035,2
631,3418,4
714,3744,1
714,112,2
714,464,2
646,3633,3
646,2001,1
646,1527,2
646,3418,2
628,1885,4
628,3712,3
628,69,2
630,2020,4
631,350,3
714,2231,1
631,1345,1
630,921,1
630,1079,4
630,1196,1
646,349,2
646,2640,2
714,2985,2
630,1300,1
630,1225,3
631,1271,2
631,2137,2
631,1347,3
646,2353,1
646,3639,4
646,2406,1
628,235,3
628,3253,3
628,3175,1
628,551,3
628,2302,4
714,592,4
631,3834,4
631,1676,4
646,733,3
646,3256,3
646,1370,1
3821,166,4
646,1610,1
628,1500,4
631,2617,1
631,1401,1
3821,2332,2
631,480,4
631,2081,1
646,1387,3
628,34,4
631,151,4
631,1017,2
3821,255,3
631,1125,2
631,471,1
646,2467,2
628,1265,2
628,2355,2
714,1198,4
3821,3127,2
631,11,3
646,913,3
646,1252,3
714,2115,2
714,1291,1
3821,2389,2
631,2176,1
630,1101,1
630,932,2
630,1721,1
628,2396,4
631,2841,3
714,3864,3
631,733,2
630,1409,3
3821,3636,2
646,258,2
630,1821,1
630,597,2
646,673,4
646,3438,3
714,3743,2
628,2997,1
628,1148,1
628,2858,1
628,3114,3
3821,2253,2
628,1,1
631,3157,3
631,2455,2
631,2099,1
3821,191,3
630,1441,2
630,339,2
630,1339,4
646,2054,3
646,3489,4
646,653,2
631,1097,3
646,2105,4
646,2628,3
646,317,2
646,2005,3
646,788,3
631,3948,1
631,906,1
631,534,3
630,539,1
630,249,1
646,2140,4
646,2968,2
646,2161,1
646,2193,1
646,1073,1
692,1126,4
630,1393,2
646,2174,1
646,2100,3
646,2797,3
630,105,2
630,2941,1
630,1959,4
692,1834,2
692,1625,2
692,2391,1
692,1127,2
692,1610,3
692,1036,3
692,373,4
692,866,1
692,47,1
692,2917,3
630,509,2
630,1057,3
630,1380,4
646,858,1
630,838,2
3821,1863,2
3821,234,4
646,1580,3
646,1396,2
631,1883,3
646,32,3
646,1376,2
646,1356,4
630,2671,1
630,3358,1
630,2145,4
631,1480,2
631,1073,1
646,3703,1
646,1077,2
646,1584,1
646,1127,2
631,3175,1
631,778,2
631,1580,2
646,589,4
646,1206,3
646,1270,4
3821,216,3
692,2762,4
692,593,4
692,457,3
692,1214,3
692,1240,2
692,2571,3
692,1358,1
692,1219,2
631,1914,2
630,1183,4
631,2764,1
631,1954,4
630,2125,2
3821,1644,3
3821,202,4
630,222,4
3821,1431,4
3821,537,1
628,2291,4
628,4,1
628,1995,4
628,356,1
628,2380,1
630,3668,3
3821,2561,4
3821,2587,1
646,432,1
646,2701,3
646,2478,3
631,1350,2
631,3699,3
630,357,1
630,534,4
630,2943,2
3821,1715,1
646,303,2
631,799,2
631,2144,4
630,1197,1
631,1085,1
631,3074,4
3821,2335,1
3821,2694,3
646,2527,1
646,2012,2
631,1542,1
630,342,3
630,2369,3
646,1201,3
646,3494,3
631,474,3
631,1729,2
646,2921,1
646,590,3
3821,1677,4
3821,707,4
631,902,4
646,3682,4
646,3037,4
646,1266,1
630,3685,4
631,2433,1
631,1321,1
631,1921,4
631,3505,3
631,2687,1
631,2759,3
631,1584,3
631,3088,4
630,39,2
646,688,1
631,2124,1
631,39,3
631,223,2
631,1396,3
736,100,4
3821,2844,2
631,1653,4
646,3053,2
3821,586,2
631,1994,1
631,2312,4
631,1641,2
646,3519,4
646,1586,4
646,3724,2
630,915,2
630,1211,2
631,3576,3
631,2871,2
631,1129,4
3821,782,2
3821,842,4
630,900,1
3821,3557,4
646,1960,2
646,1183,1
3821,3773,1
630,2243,4
630,920,4
630,17,1
631,2987,4
631,2184,1
631,2288,1
646,3753,4
3821,3130,2
630,1188,1
646,3035,2
646,3196,4
3821,3869,2
631,2018,3
631,595,1
631,1374,2
631,953,4
630,928,2
630,898,1
3821,333,4
646,1927,1
631,1022,1
630,1247,1
630,58,4
630,899,2
630,1296,1
3821,1191,4
646,592,2
631,1834,3
631,1962,2
631,3363,2
630,1230,2
646,296,2
631,1673,2
646,3735,3
646,1945,4
646,1234,4
646,2917,1
630,912,2
630,923,2
631,2243,2
631,2359,4
631,1947,4
631,1253,1
646,1721,2
631,2883,3
631,3527,1
646,293,1
646,1265,4
631,1269,1
631,2194,4
631,2427,4
631,1376,1
631,2067,4
631,1500,3
646,1393,3
646,1197,3
646,1307,2
631,3668,2
3821,1665,1
631,52,2
630,3089,2
3821,1409,1
646,2396,2
646,1947,2
3821,18,2
3821,788,4
3821,818,4
631,2268,1
631,2968,1
630,1617,4
630,2100,4
630,110,3
631,1179,1
631,1393,1
631,1517,3
631,2529,2
3821,2885,1
692,3448,2
692,647,1
692,3441,3
692,1391,3
692,466,3
692,780,4
692,1676,1
692,1586,4
692,1616,3
692,2322,1
692,3643,3
3821,1791,1
631,2076,4
631,1982,1
630,2657,3
630,593,4
631,535,1
631,1923,1
631,319,3
631,2313,2
3821,784,3
3821,413,3
3821,1695,3
631,1186,1
631,900,2
692,161,2
692,991,2
692,1094,1
692,151,4
692,356,2
692,2067,2
692,1408,2
692,2202,1
631,3671,3
3821,585,1
631,1127,2
631,3471,3
631,3360,4
631,3932,3
3821,1888,2
3821,225,4
3821,253,2
631,1625,4
3821,1385,2
692,750,3
692,1090,3
692,2890,2
692,1200,3
692,1222,2
631,2174,2
3821,1758,1
631,1222,4
3821,288,4
3821,344,4
631,2916,4
631,3105,1
631,924,2
631,2391,1
631,1674,2
631,2872,4
631,3250,2
631,3481,1
692,996,3
646,1374,4
646,480,3
646,2951,2
646,2948,4
646,3702,1
646,2916,2
3821,464,4
3821,999,4
631,1610,3
631,1300,4
3821,2283,1
3821,1783,4
631,3098,4
631,1387,3
646,3836,1
631,2186,4
3821,2582,2
3821,500,4
646,3555,3
646,2529,3
631,965,2
3821,1836,2
3821,459,4
3821,1405,3
3821,2,4
646,1036,4
646,474,1
646,457,3
646,2947,4
692,2527,2
692,1266,3
692,3671,4
692,2012,4
631,2289,4
631,1953,4
631,1304,3
646,1953,2
631,3152,2
631,529,4
631,1265,2
631,1234,1
631,919,4
3821,1658,4
3821,835,3
631,1231,4
631,1961,4
631,2890,1
3821,2539,2
631,1291,2
631,3421,2
646,1304,4
646,260,2
646,1291,4
646,2571,2
3821,2544,1
3821,597,2
631,1912,2
631,1223,4
692,616,3
692,2080,4
692,610,2
692,2394,4
692,1405,4
692,3615,3
692,2085,1
631,3147,4
3821,3425,1
3821,1817,4
631,908,4
631,2208,4
631,1704,3
631,2959,2
631,1200,1
3821,3010,3
3821,3450,3
3821,2112,3
3821,372,3
3821,1092,1
646,527,1
646,1204,4
646,1262,2
631,47,1
631,32,3
631,1247,2
631,994,2
692,2987,2
692,2761,4
692,364,3
692,1,1
692,2700,1
692,2137,4
631,3037,1
631,2028,2
631,111,4
646,1136,3
631,247,2
631,2318,4
631,2761,1
631,457,4
3821,1735,1
3821,3186,3
3821,780,2
692,2628,3
2131,2762,2
3821,2628,4
631,3114,4
631,1203,3
3821,1805,1
3821,380,2
631,1266,2
631,3095,2
631,265,4
631,2664,3
646,1240,1
631,3683,1
631,1206,2
631,2396,1
631,110,4
631,2599,4
631,150,1
646,1214,1
646,3634,4
631,1221,2
631,2762,4
631,296,3
646,1267,2
692,1680,4
631,1292,3
631,2858,4
646,1198,3
631,1214,3
631,2571,2
631,750,1
631,1358,3
631,1207,4
646,541,2
631,2966,3
631,527,1
631,904,1
631,593,4
631,1198,1
631,260,4
631,923,1
631,1248,3
631,318,3
3821,805,3
3821,2062,4
3821,3274,1
3821,3614,4
631,1225,1
631,1212,2
631,1267,3
631,858,3
631,1148,4
692,1721,1
631,1694,4
631,2203,4
631,1394,2
721,3753,3
646,1968,3
692,3863,3
692,3948,4
3821,1856,3
631,2471,3
631,2468,1
631,2408,2
631,3388,1
631,2088,3
631,3688,2
3475,3844,3
631,3393,2
631,2717,2
631,2072,4
631,3385,1
631,2794,4
631,2796,3
631,3619,3
631,2378,4
692,3755,4
692,648,3
692,70,4
692,3173,1
631,2752,1
631,2375,3
631,2405,1
631,2073,4
631,2054,1
631,2416,1
631,2469,2
631,2003,1
631,3448,1
631,2518,3
631,2134,4
631,2301,4
631,1135,3
631,3087,3
631,3033,1
631,2407,1
3821,1676,3
3821,1701,2
631,2746,2
631,1395,2
631,2150,4
3821,356,2
631,1297,3
631,2065,3
631,2371,2
631,2100,4
631,2406,1
631,1965,1
631,2011,4
631,2423,4
631,3526,4
631,3039,2
631,2352,1
631,2915,4
3821,2026,4
631,3552,2
631,3868,2
631,2248,3
631,2795,1
631,3072,3
631,1307,2
631,1663,3
3821,587,4
3821,1485,1
692,1600,2
692,1466,1
692,2657,4
692,1129,1
692,1035,1
692,3535,3
692,3578,3
692,661,4
692,3300,1
692,3513,4
692,3624,3
692,3745,4
3821,1645,3
3821,2058,4
631,1285,2
631,1259,2
631,2716,3
3821,733,4
3821,231,1
631,3608,3
631,1079,4
631,2791,3
631,1270,2
631,1197,4
631,2804,2
631,3591,2
631,3543,3
631,3361,2
631,2918,3
631,539,4
631,292,1
631,1210,1
631,1375,2
631,1,3
692,1259,3
692,1248,3
692,1269,3
692,2455,4
692,3160,3
692,3793,3
692,1673,3
692,3481,2
692,589,1
692,110,1
692,1171,1
692,2291,4
692,3751,1
3821,1563,1
3821,1459,2
3821,1810,2
3821,1777,2
3821,2507,2
3821,1904,1
3821,1573,2
3821,1643,3
3821,377,3
3821,2302,2
3821,2424,1
3821,259,1
3821,369,2
3821,1476,2
3821,3145,3
3821,1916,1
1962,648,4
1962,3555,3
1962,3624,1
1962,3799,2
1962,3300,4
1962,3354,2
1962,3327,1
1962,3566,4
3821,524,1
3821,1672,4
3821,3723,4
3821,781,4
1962,48,2
1962,1100,1
1962,427,2
1962,1475,1
1962,64,3
1962,276,2
1962,3705,2
3821,1279,3
721,3528,4
721,3479,1
721,1735,1
3821,2425,2
3821,163,1
1962,736,4
1962,140,3
1962,207,3
721,2875,3
721,1339,2
721,222,4
721,3259,2
721,105,3
3821,2611,3
3821,322,3
1962,1597,2
1962,697,1
1962,1057,3
1962,2297,3
1962,3426,2
721,1658,1
721,2100,1
721,1286,2
721,7,4
3821,506,4
3821,3129,3
1962,3269,3
1962,2045,3
1962,1735,4
3821,94,1
3821,2025,4
721,1380,3
721,708,1
721,2262,2
721,1290,1
721,3685,2
3821,574,3
3821,3264,3
1962,342,3
3821,590,4
3821,1684,2
721,469,3
721,266,1
721,1569,3
721,2331,3
721,2919,2
721,2406,2
3821,1271,1
3821,2165,3
3821,1569,1
721,356,2
721,3358,1
3821,1236,3
3821,1183,2
3821,1770,4
1962,2412,3
721,597,4
721,3244,3
1962,2979,2
1962,219,4
1962,2269,4
721,249,1
721,499,3
721,2872,2
1962,703,1
1962,640,3
1962,179,4
1962,3436,1
1962,2154,4
1962,455,1
721,2020,1
721,1674,3
721,534,3
1962,2445,1
1962,1918,4
1962,55,1
1962,168,3
1962,510,2
1962,1727,1
1962,3257,2
1962,835,2
1962,42,4
1962,1366,4
721,3097,3
721,2067,1
721,920,2
721,1296,4
1962,2429,1
1962,436,1
1962,463,3
1962,605,2
721,1247,4
721,1307,3
721,2248,4
721,916,2
1962,2432,2
1962,1836,3
1962,282,4
1962,1876,2
1962,46,4
1962,3020,1
1962,175,3
1962,3425,1
721,1210,2
721,912,2
3821,2231,3
3821,1464,4
3821,3148,2
3821,1063,2
3821,3052,2
1962,27,4
1962,2272,3
1962,3103,2
1962,1833,3
1962,802,1
1962,1667,2
1962,292,3
1962,766,4
1962,2120,3
1962,1093,4
1962,2236,3
1962,57,4
3821,2268,3
3821,1407,1
3821,105,1
3821,662,1
3821,493,4
1962,3477,4
1962,1531,4
1962,1268,3
1962,781,2
1962,2842,1
1962,2112,3
1962,31,3
1962,1027,3
3821,492,3
633,608,1
1962,3107,1
1962,3259,3
1962,105,2
1962,507,2
1962,1059,1
1962,391,3
3475,2542,1
3821,2155,3
721,1088,2
721,1031,1
721,1487,3
3821,562,1
1962,1120,1
3821,1897,4
721,2080,3
721,2746,2
721,2078,4
721,2081,3
721,2941,2
721,2657,4
721,364,3
721,938,3
3821,3253,4
3475,2108,4
721,900,4
721,1029,1
1962,2025,3
1962,3186,3
1962,1729,1
1962,590,3
1962,3246,4
3821,2916,3
721,595,3
721,594,2
721,1028,2
721,588,4
721,2971,4
721,1220,3
1978,3751,1
721,1035,2
721,1282,1
721,1951,4
721,1947,1
1962,113,3
1962,94,3
1962,2125,2
1962,1621,1
1962,1271,4
1962,3148,4
721,2565,3
721,73,3
721,899,2
721,914,4
721,3545,3
721,919,2
1978,2354,4
1962,3060,4
1962,1584,4
1962,218,4
1962,261,4
1978,3536,1
1978,3554,4
721,3203,4
633,1617,2
3821,21,1
721,291,2
721,880,2
721,92,4
1962,3100,4
1962,509,4
1962,300,3
1962,3502,4
1962,491,3
1962,1594,4
3821,6,3
3475,104,2
721,1427,2
721,742,3
721,2672,1
721,1590,4
1962,1635,4
1962,3250,4
1962,25,4
1962,2028,4
1962,1393,2
1962,531,1
1962,150,2
3475,1500,1
1962,1213,3
721,3835,3
721,1752,1
721,2827,2
721,1798,2
3475,69,1
721,1644,1
721,1779,1
721,2719,1
721,61,3
721,2713,3
721,2840,4
721,540,2
721,3063,2
721,782,4
721,662,1
721,185,1
721,2446,1
721,1769,1
721,640,1
721,2320,3
721,3557,3
721,422,4
3475,3210,4
3475,2918,2
721,2279,4
721,2778,3
721,2688,2
721,1603,4
721,1422,3
721,436,1
721,1841,4
721,2676,1
721,3249,4
632,379,4
632,748,2
632,1603,4
3821,475,4
721,3005,2
721,1717,2
721,2267,4
721,1683,2
721,2763,1
721,1459,2
632,1391,1
632,1676,4
632,426,2
632,1917,2
632,2393,3
632,1876,3
632,2699,3
3821,581,1
721,1003,1
721,1518,3
721,2490,3
721,1615,3
721,23,4
632,3269,4
632,2628,3
3821,3100,2
632,329,1
632,316,3
632,3175,4
632,2046,1
632,780,2
721,490,3
721,1488,4
721,1597,4
633,3176,3
721,280,4
721,543,4
632,1580,2
632,1356,1
632,32,3
632,1573,2
632,1909,1
633,2396,4
633,2692,4
633,2762,4
721,1407,2
721,16,2
721,225,4
721,3219,4
721,257,2
633,299,1
632,2916,3
632,1372,1
632,480,4
632,2571,1
632,589,1
632,1527,3
632,1584,3
633,2581,1
721,349,1
721,350,3
721,3176,4
721,2803,3
721,1661,4
633,3623,2
721,1909,1
721,832,2
721,1608,4
721,454,2
721,230,2
721,1092,3
721,482,2
633,3174,4
632,1253,3
632,2352,2
632,3301,1
721,1047,2
721,1892,3
721,1653,2
3475,2997,1
632,2109,3
632,1721,4
721,1343,3
721,474,4
721,2707,1
721,2353,2
721,3147,2
721,1358,1
721,161,3
721,554,2
721,593,2
721,1625,1
721,628,1
633,2959,1
633,2712,4
633,233,2
721,762,4
721,2605,4
721,2126,3
633,223,2
633,2908,2
633,2433,2
721,1647,4
721,532,2
721,1598,1
633,3005,3
633,2997,1
633,2858,2
633,1127,2
721,2561,4
721,112,2
721,463,2
721,22,3
721,1686,2
721,1620,1
721,2540,2
721,1732,2
721,1589,1
721,81,3
633,1221,1
633,111,1
633,1404,3
721,1805,1
721,164,4
721,999,4
721,2231,4
721,1034,1
3475,1147,1
633,1792,4
633,1270,4
3475,1631,2
721,2280,4
721,1729,3
721,1061,3
721,1645,2
721,1396,4
721,47,3
721,608,4
721,1799,2
721,2391,4
721,293,3
721,2268,3
721,1617,1
721,296,2
721,50,2
721,810,3
721,1702,2
721,1126,1
721,60,4
721,317,1
721,788,2
721,3489,3
721,367,1
721,3438,1
721,2,4
721,2622,4
721,3484,3
634,837,3
634,2384,2
634,158,4
634,2059,2
634,2052,3
3821,700,1
634,586,3
634,1654,4
634,2294,3
634,1,2
634,3157,2
634,364,2
634,588,1
3821,1653,3
3821,125,3
634,1367,1
634,2161,4
634,1919,2
634,8,3
634,2080,2
634,1021,4
634,2084,4
634,2430,3
634,317,3
634,2,4
634,2800,4
634,1566,1
3821,2000,1
3821,497,3
3821,3147,3
634,2085,2
634,2355,3
634,2137,1
634,595,4
634,2081,1
3821,869,1
3821,1611,2
634,1073,4
634,3114,3
634,3751,2
634,1028,4
634,551,1
634,2046,2
634,1907,4
634,3034,3
634,1032,3
634,2090,3
3821,2883,4
634,919,2
634,34,4
634,1022,3
634,596,3
634,594,3
634,3928,3
3821,3499,4
3821,3536,2
3821,1827,1
3821,2124,4
3821,348,2
3821,1484,4
3821,1682,1
3821,2583,2
634,1025,4
3821,1393,1
3821,1994,4
634,2628,3
634,1210,3
3821,1748,1
634,1097,3
3821,3868,3
3821,16,2
634,260,3
3821,592,1
3821,1291,2
3821,1343,2
3821,3105,2
3821,1625,2
3821,3168,1
3821,2571,4
3821,1784,1
3821,3359,3
3821,3135,1
3821,2131,4
3821,1885,1
3821,1947,4
3821,2750,3
3821,535,3
3821,3000,1
3821,529,2
3821,680,2
3821,1719,3
3821,1179,3
3821,1242,1
3821,1449,1
3821,3738,1
3821,3078,2
3821,2204,1
3821,2830,2
3821,3221,1
2018,1721,4
1875,1250,3
1875,1416,1
1875,938,4
1875,1081,3
1875,2971,3
1875,1220,4
1875,1947,4
1875,3675,1
1875,3061,2
635,300,2
635,800,2
635,3405,3
635,34,4
1875,945,3
1875,2303,4
1875,1066,2
635,1231,2
635,3006,2
635,1293,1
1875,1544,3
635,3678,1
1875,1320,2
635,58,3
635,1296,1
1875,2021,2
1875,780,3
1875,2393,3
1875,3827,1
1875,2311,1
1875,2105,3
635,1946,1
635,3160,3
635,2070,3
1875,2985,3
1875,2407,2
1875,1573,3
1875,1376,2
1875,2529,1
1875,2968,2
635,943,1
635,1227,3
635,2908,3
635,1953,4
635,41,2
1875,2916,2
1875,3471,4
1875,3703,3
1875,1097,4
1875,2571,2
1875,924,2
1875,1200,2
635,1054,4
635,994,4
1875,1240,3
1875,1214,2
1875,1270,3
1875,1206,2
1875,1196,2
1875,750,2
635,2345,1
635,1185,1
635,3543,2
1875,2153,2
1875,2642,3
635,2757,2
635,1834,1
635,1635,1
1875,2367,3
635,3735,4
635,1221,1
635,529,2
635,3936,3
1875,1373,1
1875,3698,2
1875,674,2
1875,736,3
1875,1371,4
1875,2641,1
635,1150,1
1875,648,3
1875,10,1
635,1939,2
1875,329,3
635,3724,4
1875,2628,3
2784,2061,3
2784,3755,1
2784,648,4
2784,3786,2
1875,2470,2
1875,1676,4
1875,1552,1
2784,3578,4
1875,1375,2
1875,3927,2
635,1096,3
635,1187,3
635,3871,4
1875,2640,4
1875,2344,4
1875,590,3
1875,2115,1
1875,1356,1
635,2182,2
635,1208,4
635,3163,2
1875,3168,3
1875,3494,1
1875,1372,3
1875,2871,3
1875,1374,3
1875,2366,3
635,908,1
635,1132,3
635,3089,3
635,3062,2
1875,1287,2
1875,1303,2
1875,1291,1
1875,1204,2
1875,919,1
1875,260,3
1875,1198,3
635,954,3
635,3334,1
635,1660,3
635,3200,2
635,2988,4
635,1225,2
635,593,2
1875,1381,3
1875,2950,4
635,1949,4
635,1103,3
635,1090,4
635,1247,4
1875,2259,3
1875,2146,2
1875,3257,2
1875,3206,1
1875,1409,1
1875,1057,4
635,321,2
635,1131,1
1875,2942,2
1875,1894,4
635,1300,4
635,2324,3
635,1704,1
635,2858,3
635,1940,4
1875,2316,4
1875,932,3
1875,3638,1
1875,1597,2
635,2357,2
635,2068,4
1875,1101,1
1875,1088,1
635,3789,3
1875,1722,4
1875,539,4
1875,11,2
635,608,4
635,3095,3
635,36,4
635,1177,4
635,2501,3
1875,2621,4
1875,1721,1
1875,440,4
1875,2065,2
1875,509,2
1875,892,2
1875,802,1
635,2966,4
635,1884,1
635,3198,3
635,2303,3
1875,838,3
1875,3479,2
1875,1680,2
1875,2108,1
1875,1210,2
1875,68,1
635,1952,1
635,858,1
635,2240,4
635,1203,1
635,1960,4
635,3035,2
635,1251,4
635,1172,3
635,296,2
635,1207,1
1875,360,2
1875,444,4
635,3183,4
635,1217,2
635,1279,2
635,3067,1
1875,420,1
1875,3599,2
1875,234,2
1875,186,2
1875,3395,3
1875,276,2
635,3916,4
1875,195,3
1875,2255,2
1875,2792,2
635,2686,3
1875,312,3
1875,1665,4
1875,2829,2
635,3751,1
1875,1918,2
635,3720,1
1875,2372,1
635,3911,4
635,3948,3
1875,537,3
1875,2499,4
1875,2002,4
1875,445,3
1875,2405,4
1875,2375,3
1875,1614,3
1875,1888,1
1875,485,3
1875,2012,1
1875,1135,2
1875,7,3
1875,2262,3
1875,2657,2
635,1270,1
635,3528,2
635,1286,2
1875,2469,1
1875,3040,1
1875,2447,4
1875,3398,1
1875,1380,2
1875,1711,2
1875,597,2
1875,2349,3
1875,3591,2
1875,2371,4
1875,2245,2
1875,2247,3
1875,2001,4
1875,3501,1
1875,468,4
1875,2011,1
1875,1569,2
1875,3301,1
1875,2145,1
1875,380,3
1875,1517,1
1875,2406,1
1875,2424,1
1875,3448,1
635,3614,1
635,920,4
1875,587,4
1875,1958,4
1875,1923,3
1875,1485,2
1875,3507,1
1875,2779,4
1875,2918,1
635,480,1
635,2294,2
1875,3210,1
1875,952,2
1875,1500,2
1875,1077,3
1875,2144,4
1875,1641,3
1875,3039,3
1875,1663,4
1875,2321,3
1875,2000,2
1875,3814,2
1875,2797,4
1875,2352,4
1875,1883,2
1875,2359,4
1875,1028,4
1875,3671,2
1875,21,2
1875,909,3
1875,3362,3
1875,3361,2
1875,1080,3
1875,3072,4
1875,1304,2
1875,1235,3
1875,1784,2
1875,3035,3
1875,1,1
1875,3363,1
1875,1234,1
1875,1230,3
1875,3104,4
1875,3504,1
1875,1079,1
1875,1244,2
1875,3421,2
1875,1294,3
1875,1394,2
1875,905,1
1875,910,1
1875,2978,1
1875,3334,3
1875,2186,3
1875,942,2
1875,541,4
1875,3683,1
1875,1252,1
1875,1248,3
1875,3435,1
2847,2858,4
1875,277,3
2847,260,4
1875,2135,3
1875,3534,4
1875,1286,1
1875,3155,3
1875,480,1
1875,3555,3
1875,2455,2
1875,3793,2
1875,2160,4
1875,1035,2
1875,1580,1
1875,589,4
